0 0.9614583333333333 0.10694444444444444 0.022916666666666665 0.058333333333333334
0 0.9755208333333333 0.16620370370370371 0.0234375 0.04953703703703704
0 0.9380208333333333 0.11898148148148148 0.026822916666666665 0.04490740740740741
0 0.46848958333333335 0.004629629629629629 0.025 0.03981481481481482
0 0.5723958333333333 0.03148148148148148 0.019270833333333334 0.03611111111111111
0 0.5861979166666667 0.05416666666666667 0.018229166666666668 0.06342592592592593
0 0.6002604166666666 0.05787037037037037 0.020833333333333332 0.04537037037037037
0 0.6317708333333333 0.1037037037037037 0.032552083333333336 0.047685185185185185
0 0.7080729166666667 0.021296296296296296 0.03177083333333333 0.04398148148148148
0 0.4752604166666667 0.09490740740740741 0.02265625 0.03981481481481482
0 0.5541666666666667 0.1361111111111111 0.022395833333333334 0.030555555555555555
0 0.5484375 0.3449074074074074 0.022395833333333334 0.031018518518518518
0 0.6598958333333333 0.4212962962962963 0.046614583333333334 0.05925925925925926
0 0.94375 0.43472222222222223 0.029427083333333333 0.03611111111111111
0 0.95546875 0.4486111111111111 0.02421875 0.04675925925925926
0 0.7791666666666667 0.47314814814814815 0.021354166666666667 0.038425925925925926
0 0.7223958333333333 0.5097222222222222 0.03177083333333333 0.04351851851851852
0 0.6130208333333333 0.5875 0.02265625 0.04583333333333333
0 0.5598958333333334 0.6370370370370371 0.018489583333333334 0.043055555555555555
0 0.6088541666666667 0.5027777777777778 0.022916666666666665 0.03981481481481482
0 0.5341145833333333 0.30277777777777776 0.03619791666666667 0.049074074074074076
0 0.4984375 0.48842592592592593 0.030729166666666665 0.041666666666666664
0 0.48984375 0.44675925925925924 0.03125 0.047685185185185185
0 0.47708333333333336 0.30416666666666664 0.02734375 0.04953703703703704
0 0.42421875 0.3050925925925926 0.02265625 0.03194444444444444
0 0.6078125 0.000462962962962963 0.03854166666666667 0.062037037037037036
0 0.378125 0.30416666666666664 0.04375 0.05277777777777778
0 0.49114583333333334 0.36018518518518516 0.034895833333333334 0.044444444444444446
0 0.39166666666666666 0.34305555555555556 0.030989583333333334 0.04212962962962963
0 0.47291666666666665 0.10925925925925926 0.06380208333333333 0.09583333333333334
0 0.6088541666666667 0.12916666666666668 0.049479166666666664 0.09212962962962963
0 0.20911458333333333 0.19212962962962962 0.03697916666666667 0.04583333333333333
0 0.4708333333333333 0.5208333333333334 0.0484375 0.0824074074074074
0 0.56953125 0.39490740740740743 0.04296875 0.07268518518518519
