0 0.546875 0.09305555555555556 0.029947916666666668 0.041666666666666664
0 0.6567708333333333 0.19166666666666668 0.044270833333333336 0.05648148148148148
0 0.9736979166666667 0.1925925925925926 0.028125 0.03425925925925926
0 0.98203125 0.20277777777777778 0.020052083333333335 0.049074074074074076
0 0.8020833333333334 0.2310185185185185 0.023697916666666666 0.04259259259259259
0 0.7510416666666667 0.2814814814814815 0.03177083333333333 0.04351851851851852
0 0.62109375 0.3226851851851852 0.025 0.050462962962962966
0 0.56328125 0.37546296296296294 0.020572916666666666 0.047685185185185185
0 0.63515625 0.26157407407407407 0.025260416666666667 0.04398148148148148
0 0.525 0.04212962962962963 0.023958333333333335 0.05416666666666667
0 0.51640625 0.24351851851851852 0.028385416666666666 0.03981481481481482
0 0.50859375 0.19212962962962962 0.034375 0.05277777777777778
0 0.5052083333333334 0.04212962962962963 0.0234375 0.043055555555555555
0 0.47890625 0.000462962962962963 0.030208333333333334 0.047685185185185185
0 0.42890625 0.03935185185185185 0.04375 0.05277777777777778
0 0.4979166666666667 0.08981481481481482 0.029947916666666668 0.038425925925925926
0 0.43828125 0.08009259259259259 0.03411458333333333 0.046296296296296294
0 0.5802083333333333 0.14583333333333334 0.04088541666666667 0.06157407407407407
0 0.5013020833333334 0.26157407407407407 0.024479166666666666 0.0412037037037037
