0 0.5479166666666667 0.08842592592592592 0.028645833333333332 0.03981481481481482
0 0.6598958333333333 0.1824074074074074 0.044270833333333336 0.05648148148148148
0 0.97421875 0.18333333333333332 0.028125 0.03425925925925926
0 0.98125 0.19212962962962962 0.020052083333333335 0.049074074074074076
0 0.8010416666666667 0.2199074074074074 0.023697916666666666 0.04259259259259259
0 0.7486979166666666 0.2726851851851852 0.03177083333333333 0.04351851851851852
0 0.6231770833333333 0.31666666666666665 0.025 0.050462962962962966
0 0.5643229166666667 0.36712962962962964 0.020572916666666666 0.047685185185185185
0 0.6338541666666667 0.2537037037037037 0.025260416666666667 0.04398148148148148
0 0.52578125 0.03333333333333333 0.03984375 0.05416666666666667
0 0.5130208333333334 0.23564814814814813 0.028385416666666666 0.03981481481481482
0 0.5075520833333333 0.18703703703703703 0.034375 0.05277777777777778
0 0.5049479166666667 0.041666666666666664 0.026041666666666668 0.04722222222222222
0 0.4752604166666667 0.000462962962962963 0.03177083333333333 0.05092592592592592
0 0.4278645833333333 0.03333333333333333 0.04375 0.05277777777777778
0 0.50234375 0.10138888888888889 0.029947916666666668 0.038425925925925926
0 0.43463541666666666 0.07268518518518519 0.03567708333333333 0.04861111111111111
0 0.58125 0.1375 0.04088541666666667 0.06157407407407407
0 0.4986979166666667 0.25277777777777777 0.024479166666666666 0.0412037037037037
