0 0.8361979166666667 0.45416666666666666 0.01328125 0.03009259259259259
0 0.8161458333333333 0.4726851851851852 0.018229166666666668 0.021296296296296296
0 0.76640625 0.4217592592592593 0.02421875 0.040740740740740744
0 0.79453125 0.1884259259259259 0.016927083333333332 0.029166666666666667
0 0.7768229166666667 0.16666666666666666 0.021875 0.04212962962962963
0 0.7484375 0.2111111111111111 0.02109375 0.044444444444444446
0 0.7361979166666667 0.2601851851851852 0.03619791666666667 0.04722222222222222
0 0.575 0.1787037037037037 0.020052083333333335 0.03287037037037037
0 0.53203125 0.1476851851851852 0.01796875 0.058333333333333334
0 0.43020833333333336 0.13703703703703704 0.02890625 0.04490740740740741
0 0.34088541666666666 0.26481481481481484 0.016927083333333332 0.026851851851851852
0 0.43125 0.2986111111111111 0.016666666666666666 0.03148148148148148
0 0.3963541666666667 0.2537037037037037 0.018229166666666668 0.041666666666666664
0 0.44036458333333334 0.2518518518518518 0.018229166666666668 0.032407407407407406
0 0.4544270833333333 0.27685185185185185 0.0234375 0.04722222222222222
0 0.49296875 0.25601851851851853 0.015104166666666667 0.047685185185185185
0 0.4921875 0.2375 0.0328125 0.05648148148148148
0 0.48098958333333336 0.36712962962962964 0.03828125 0.07916666666666666
0 0.5700520833333333 0.3365740740740741 0.023697916666666666 0.03194444444444444
0 0.32838541666666665 0.3662037037037037 0.02265625 0.03981481481481482
0 0.4140625 0.4615740740740741 0.022395833333333334 0.030555555555555555
0 0.4705729166666667 0.5828703703703704 0.02734375 0.040740740740740744
0 0.6015625 0.6712962962962963 0.023177083333333334 0.04027777777777778
0 0.7861979166666667 0.7166666666666667 0.020052083333333335 0.024074074074074074
0 0.7979166666666667 0.736574074074074 0.019010416666666665 0.03657407407407407
0 0.6270833333333333 0.7527777777777778 0.018489583333333334 0.03333333333333333
0 0.5984375 0.7481481481481481 0.034895833333333334 0.04814814814814815
0 0.4859375 0.887962962962963 0.01953125 0.03981481481481482
0 0.45260416666666664 0.9439814814814815 0.016927083333333332 0.03935185185185185
0 0.4622395833333333 0.7689814814814815 0.043229166666666666 0.050462962962962966
0 0.4513020833333333 0.7060185185185185 0.020052083333333335 0.05
0 0.4166666666666667 0.6125 0.029947916666666668 0.07268518518518519
0 0.33880208333333334 0.7402777777777778 0.020572916666666666 0.029166666666666667
0 0.31796875 0.775 0.028125 0.032407407407407406
0 0.3145833333333333 0.7402777777777778 0.021614583333333333 0.032407407407407406
0 0.31354166666666666 0.5953703703703703 0.029427083333333333 0.05277777777777778
0 0.28463541666666664 0.6240740740740741 0.021614583333333333 0.032407407407407406
0 0.3723958333333333 0.13842592592592592 0.054947916666666666 0.06157407407407407
0 0.43723958333333335 0.2263888888888889 0.06796875 0.06527777777777778
0 0.5018229166666667 0.22175925925925927 0.05911458333333333 0.07592592592592592
0 0.46067708333333335 0.11712962962962963 0.02421875 0.09953703703703703
0 0.05234375 0.4074074074074074 0.042708333333333334 0.08842592592592592
0 0.19661458333333334 0.5851851851851851 0.0359375 0.04351851851851852
0 0.278125 0.65 0.023697916666666666 0.05416666666666667
0 0.21223958333333334 0.6365740740740741 0.025520833333333333 0.034722222222222224
0 0.32890625 0.38055555555555554 0.06380208333333333 0.09583333333333334
0 0.4705729166666667 0.387037037037037 0.05182291666666667 0.09675925925925925
