0 0.9184895833333333 0.3912037037037037 0.0140625 0.03148148148148148
0 0.9236979166666667 0.4587962962962963 0.022395833333333334 0.025925925925925925
0 0.8708333333333333 0.41574074074074074 0.026822916666666665 0.04490740740740741
0 0.8979166666666667 0.15601851851851853 0.016927083333333332 0.029166666666666667
0 0.8791666666666667 0.15092592592592594 0.021875 0.04212962962962963
0 0.84296875 0.2125 0.023177083333333334 0.049074074074074076
0 0.8776041666666666 0.2523148148148148 0.04609375 0.06018518518518518
0 0.6403645833333333 0.17592592592592593 0.04921875 0.03981481481481482
0 0.5895833333333333 0.175 0.03828125 0.05462962962962963
0 0.5348958333333333 0.12824074074074074 0.03046875 0.04722222222222222
0 0.4309895833333333 0.27175925925925926 0.01953125 0.03148148148148148
0 0.5203125 0.29212962962962963 0.017447916666666667 0.03287037037037037
0 0.4825520833333333 0.24722222222222223 0.018229166666666668 0.041666666666666664
0 0.5356770833333333 0.24675925925925926 0.020833333333333332 0.037037037037037035
0 0.5395833333333333 0.2898148148148148 0.0234375 0.07037037037037037
0 0.5713541666666667 0.2824074074074074 0.034375 0.038425925925925926
0 0.5768229166666666 0.2375 0.0328125 0.05648148148148148
0 0.5799479166666667 0.35833333333333334 0.0265625 0.06018518518518518
0 0.6528645833333333 0.3060185185185185 0.026041666666666668 0.03518518518518519
0 0.42604166666666665 0.3527777777777778 0.02265625 0.03981481481481482
0 0.51171875 0.4125 0.02109375 0.029166666666666667
0 0.5088541666666667 0.5675925925925925 0.029947916666666668 0.04490740740740741
0 0.6578125 0.6657407407407407 0.026822916666666665 0.04675925925925926
0 0.890625 0.7023148148148148 0.023177083333333334 0.02824074074074074
0 0.89921875 0.7217592592592592 0.023177083333333334 0.044444444444444446
0 0.72578125 0.7453703703703703 0.021354166666666667 0.038425925925925926
0 0.6872395833333333 0.7537037037037037 0.03333333333333333 0.04583333333333333
0 0.5690104166666666 0.8675925925925926 0.01953125 0.03981481481481482
0 0.5286458333333334 0.9166666666666666 0.015364583333333333 0.03564814814814815
0 0.5541666666666667 0.7657407407407407 0.028125 0.050462962962962966
0 0.5341145833333333 0.6731481481481482 0.039322916666666666 0.062037037037037036
0 0.5088541666666667 0.5763888888888888 0.027083333333333334 0.06574074074074074
0 0.43671875 0.7245370370370371 0.02265625 0.03194444444444444
0 0.40729166666666666 0.7907407407407407 0.029427083333333333 0.033796296296296297
0 0.41302083333333334 0.7319444444444444 0.02265625 0.033796296296296297
0 0.40989583333333335 0.5837962962962963 0.0234375 0.043055555555555555
0 0.35963541666666665 0.5995370370370371 0.021614583333333333 0.032407407407407406
0 0.46458333333333335 0.12037037037037036 0.054947916666666666 0.06157407407407407
0 0.5299479166666666 0.21805555555555556 0.06796875 0.075
0 0.5859375 0.22546296296296298 0.06197916666666667 0.07962962962962963
0 0.5627604166666667 0.09814814814814815 0.025520833333333333 0.10462962962962963
0 0.30833333333333335 0.5740740740740741 0.03958333333333333 0.04814814814814815
0 0.39947916666666666 0.6421296296296296 0.030208333333333334 0.06898148148148148
0 0.32135416666666666 0.6180555555555556 0.026822916666666665 0.03611111111111111
0 0.42421875 0.3662037037037037 0.06380208333333333 0.09583333333333334
0 0.5640625 0.38425925925925924 0.05182291666666667 0.09675925925925925
0 0.14947916666666666 0.4111111111111111 0.03515625 0.075
