0 0.8770833333333333 0.3712962962962963 0.03567708333333333 0.04537037037037037
0 0.9114583333333334 0.30925925925925923 0.023177083333333334 0.04953703703703704
0 0.9291666666666667 0.2638888888888889 0.020052083333333335 0.041666666666666664
0 0.9307291666666667 0.22546296296296298 0.01953125 0.04027777777777778
0 0.8463541666666666 0.16435185185185186 0.03411458333333333 0.06481481481481481
0 0.8033854166666666 0.21574074074074073 0.021614583333333333 0.03888888888888889
0 0.7955729166666666 0.1550925925925926 0.022135416666666668 0.03935185185185185
0 0.7778645833333333 0.16574074074074074 0.0171875 0.03194444444444444
0 0.76328125 0.1287037037037037 0.021614583333333333 0.038425925925925926
0 0.76640625 0.052314814814814814 0.01953125 0.029166666666666667
0 0.7776041666666667 0.07083333333333333 0.02734375 0.03657407407407407
0 0.8299479166666667 0.03657407407407407 0.023177083333333334 0.03287037037037037
0 0.6611979166666667 0.03796296296296296 0.025260416666666667 0.044444444444444446
0 0.9731770833333333 0.1476851851851852 0.05234375 0.05740740740740741
0 0.9736979166666667 0.14351851851851852 0.02109375 0.041666666666666664
0 0.9958333333333333 0.15 0.00703125 0.03425925925925926
0 0.9869791666666666 0.06388888888888888 0.024739583333333332 0.04861111111111111
