0 0.8013020833333333 0.45555555555555555 0.01328125 0.03009259259259259
0 0.7890625 0.46574074074074073 0.017447916666666667 0.020370370370370372
0 0.72734375 0.40324074074074073 0.02421875 0.040740740740740744
0 0.7645833333333333 0.21203703703703702 0.016927083333333332 0.029166666666666667
0 0.746875 0.18564814814814815 0.01953125 0.031018518518518518
0 0.7208333333333333 0.20462962962962963 0.02109375 0.044444444444444446
0 0.6794270833333333 0.2513888888888889 0.034375 0.04490740740740741
0 0.571875 0.20416666666666666 0.019010416666666665 0.03148148148148148
0 0.5341145833333333 0.15138888888888888 0.030989583333333334 0.05555555555555555
0 0.40651041666666665 0.12731481481481483 0.02890625 0.05694444444444444
0 0.32265625 0.2310185185185185 0.020572916666666666 0.03287037037037037
0 0.4080729166666667 0.29074074074074074 0.017447916666666667 0.03287037037037037
0 0.38046875 0.23657407407407408 0.016666666666666666 0.03796296296296296
0 0.415625 0.23148148148148148 0.019010416666666665 0.033796296296296297
0 0.42994791666666665 0.26666666666666666 0.02578125 0.05185185185185185
0 0.46171875 0.25046296296296294 0.029947916666666668 0.06527777777777778
0 0.46848958333333335 0.21435185185185185 0.039322916666666666 0.05648148148148148
0 0.45989583333333334 0.3439814814814815 0.036458333333333336 0.07546296296296297
0 0.5497395833333333 0.34074074074074073 0.023697916666666666 0.03194444444444444
0 0.30182291666666666 0.3560185185185185 0.02265625 0.03981481481481482
0 0.3893229166666667 0.49212962962962964 0.024479166666666666 0.03333333333333333
0 0.4510416666666667 0.5736111111111111 0.024739583333333332 0.037037037037037035
0 0.60390625 0.6560185185185186 0.02109375 0.03657407407407407
0 0.753125 0.6944444444444444 0.020052083333333335 0.024074074074074074
0 0.7682291666666666 0.7157407407407408 0.019010416666666665 0.03657407407407407
0 0.596875 0.7435185185185185 0.018489583333333334 0.03333333333333333
0 0.5744791666666667 0.7268518518518519 0.026302083333333334 0.04814814814814815
0 0.4666666666666667 0.8736111111111111 0.01953125 0.03981481481481482
0 0.44817708333333334 0.9356481481481481 0.01953125 0.04537037037037037
0 0.43828125 0.7541666666666667 0.04244791666666667 0.04351851851851852
0 0.43463541666666666 0.6819444444444445 0.020052083333333335 0.05
0 0.3997395833333333 0.6328703703703704 0.028645833333333332 0.08009259259259259
0 0.3145833333333333 0.7263888888888889 0.020572916666666666 0.029166666666666667
0 0.29192708333333334 0.7657407407407407 0.030989583333333334 0.03564814814814815
0 0.28802083333333334 0.7291666666666666 0.021614583333333333 0.032407407407407406
0 0.2869791666666667 0.5837962962962963 0.03828125 0.06157407407407407
0 0.2869791666666667 0.6166666666666667 0.023697916666666666 0.03564814814814815
0 0.3515625 0.1361111111111111 0.054947916666666666 0.06157407407407407
0 0.4153645833333333 0.2074074074074074 0.06484375 0.062037037037037036
0 0.48020833333333335 0.20092592592592592 0.06145833333333333 0.07222222222222222
0 0.43125 0.11296296296296296 0.02421875 0.09953703703703703
0 0.04895833333333333 0.3574074074074074 0.040364583333333336 0.07268518518518519
0 0.153125 0.5657407407407408 0.019010416666666665 0.0375
0 0.21848958333333332 0.6212962962962963 0.01953125 0.04490740740740741
0 0.17395833333333333 0.6537037037037037 0.023177083333333334 0.03148148148148148
0 0.296875 0.3680555555555556 0.06588541666666667 0.08518518518518518
0 0.4473958333333333 0.36898148148148147 0.04921875 0.10416666666666667
