0 0.9434895833333333 0.34814814814814815 0.03567708333333333 0.04537037037037037
0 0.978125 0.29305555555555557 0.025520833333333333 0.05462962962962963
0 0.9888020833333333 0.25555555555555554 0.022135416666666668 0.04583333333333333
0 0.9890625 0.2361111111111111 0.021354166666666667 0.044444444444444446
0 0.92109375 0.17407407407407408 0.03411458333333333 0.06481481481481481
0 0.8760416666666667 0.21388888888888888 0.025 0.04490740740740741
0 0.8625 0.14351851851851852 0.024479166666666666 0.04351851851851852
0 0.84765625 0.16712962962962963 0.019010416666666665 0.03518518518518519
0 0.8356770833333333 0.12777777777777777 0.02265625 0.04027777777777778
0 0.8596354166666667 0.07546296296296297 0.028645833333333332 0.038425925925925926
0 0.9049479166666666 0.04583333333333333 0.023177083333333334 0.03287037037037037
0 0.7299479166666667 0.033796296296296297 0.0265625 0.04675925925925926
0 0.8536458333333333 0.050462962962962966 0.02578125 0.037037037037037035
