0 0.8026041666666667 0.4587962962962963 0.01328125 0.03009259259259259
0 0.7893229166666667 0.46805555555555556 0.018229166666666668 0.021296296296296296
0 0.73046875 0.4115740740740741 0.025520833333333333 0.04259259259259259
0 0.7666666666666667 0.2074074074074074 0.016927083333333332 0.029166666666666667
0 0.746875 0.18055555555555555 0.01953125 0.031018518518518518
0 0.721875 0.2074074074074074 0.02109375 0.044444444444444446
0 0.6908854166666667 0.24351851851851852 0.034375 0.04490740740740741
0 0.5671875 0.19305555555555556 0.019010416666666665 0.03148148148148148
0 0.5325520833333334 0.14722222222222223 0.032552083333333336 0.058333333333333334
0 0.4075520833333333 0.12777777777777777 0.02890625 0.05694444444444444
0 0.31875 0.24027777777777778 0.01953125 0.03148148148148148
0 0.40859375 0.28935185185185186 0.017447916666666667 0.03287037037037037
0 0.37994791666666666 0.2462962962962963 0.016666666666666666 0.03796296296296296
0 0.41796875 0.23657407407407408 0.018229166666666668 0.032407407407407406
0 0.4296875 0.26990740740740743 0.02578125 0.05185185185185185
0 0.4630208333333333 0.25 0.029947916666666668 0.06527777777777778
0 0.4705729166666667 0.2212962962962963 0.039322916666666666 0.05648148148148148
0 0.459375 0.34953703703703703 0.036458333333333336 0.07546296296296297
0 0.55078125 0.3421296296296296 0.023697916666666666 0.03194444444444444
0 0.3026041666666667 0.3587962962962963 0.02265625 0.03981481481481482
0 0.3921875 0.4842592592592593 0.02578125 0.03518518518518519
0 0.44817708333333334 0.5782407407407407 0.024739583333333332 0.037037037037037035
0 0.5989583333333334 0.6578703703703703 0.023177083333333334 0.04027777777777778
0 0.7557291666666667 0.700925925925926 0.020052083333333335 0.024074074074074074
0 0.7690104166666667 0.7231481481481481 0.019010416666666665 0.03657407407407407
0 0.5984375 0.7462962962962963 0.018489583333333334 0.03333333333333333
0 0.57421875 0.7305555555555555 0.026302083333333334 0.04814814814814815
0 0.46588541666666666 0.8773148148148148 0.018489583333333334 0.03796296296296296
0 0.4440104166666667 0.937037037037037 0.01953125 0.04537037037037037
0 0.43776041666666665 0.7569444444444444 0.04244791666666667 0.04351851851851852
0 0.4317708333333333 0.6884259259259259 0.019010416666666665 0.047685185185185185
0 0.39765625 0.6263888888888889 0.02734375 0.0763888888888889
0 0.31536458333333334 0.7296296296296296 0.020572916666666666 0.029166666666666667
0 0.29375 0.7675925925925926 0.029427083333333333 0.033796296296296297
0 0.28854166666666664 0.7333333333333333 0.020572916666666666 0.030555555555555555
0 0.28828125 0.5879629629629629 0.03828125 0.06157407407407407
0 0.28098958333333335 0.6231481481481481 0.025 0.0375
0 0.35130208333333335 0.13703703703703704 0.054947916666666666 0.06157407407407407
0 0.41484375 0.21203703703703702 0.06484375 0.062037037037037036
0 0.4828125 0.20555555555555555 0.06145833333333333 0.07222222222222222
0 0.4328125 0.11527777777777778 0.02421875 0.09953703703703703
0 0.0375 0.37175925925925923 0.042708333333333334 0.08842592592592592
0 0.159375 0.5731481481481482 0.019010416666666665 0.0375
0 0.22942708333333334 0.6296296296296297 0.022395833333333334 0.05185185185185185
0 0.17734375 0.6462962962962963 0.023177083333333334 0.03148148148148148
0 0.2981770833333333 0.3726851851851852 0.06432291666666666 0.09490740740740741
0 0.44765625 0.37546296296296294 0.05078125 0.10231481481481482
