0 0.5390625 0.17083333333333334 0.031510416666666666 0.04351851851851852
0 0.6421875 0.2763888888888889 0.046614583333333334 0.05925925925925926
0 0.9700520833333334 0.2777777777777778 0.025520833333333333 0.031018518518518518
0 0.98125 0.2902777777777778 0.02109375 0.05138888888888889
0 0.80390625 0.32314814814814813 0.024739583333333332 0.044444444444444446
0 0.7544270833333333 0.3685185185185185 0.03333333333333333 0.04583333333333333
0 0.6145833333333334 0.40046296296296297 0.025 0.050462962962962966
0 0.5580729166666667 0.45694444444444443 0.020572916666666666 0.047685185185185185
0 0.6338541666666667 0.3486111111111111 0.025260416666666667 0.04398148148148148
0 0.5223958333333333 0.1175925925925926 0.023958333333333335 0.05416666666666667
0 0.5075520833333333 0.34814814814814815 0.028385416666666666 0.03981481481481482
0 0.5088541666666667 0.2722222222222222 0.034375 0.05277777777777778
0 0.5002604166666667 0.11805555555555555 0.0234375 0.043055555555555555
0 0.47682291666666665 0.06342592592592593 0.030208333333333334 0.05462962962962963
0 0.43697916666666664 0.11805555555555555 0.04583333333333333 0.05555555555555555
0 0.4940104166666667 0.1699074074074074 0.029947916666666668 0.038425925925925926
0 0.4421875 0.15046296296296297 0.02890625 0.049074074074074076
0 0.5763020833333333 0.2310185185185185 0.04296875 0.06481481481481481
0 0.5091145833333334 0.3138888888888889 0.024479166666666666 0.0412037037037037
0 0.24322916666666666 0.03564814814814815 0.026041666666666668 0.029166666666666667
0 0.6203125 0.03888888888888889 0.01875 0.046296296296296294
0 0.5713541666666667 0.011574074074074073 0.030989583333333334 0.023148148148148147
