0 0.5419270833333333 0.14583333333333334 0.029947916666666668 0.041666666666666664
0 0.64609375 0.2537037037037037 0.046614583333333334 0.05925925925925926
0 0.9666666666666667 0.2375 0.026822916666666665 0.032407407407407406
0 0.98125 0.2652777777777778 0.02109375 0.05138888888888889
0 0.8033854166666666 0.2972222222222222 0.024739583333333332 0.044444444444444446
0 0.75234375 0.34444444444444444 0.03333333333333333 0.04583333333333333
0 0.6161458333333333 0.37777777777777777 0.025 0.050462962962962966
0 0.5588541666666667 0.43287037037037035 0.020572916666666666 0.047685185185185185
0 0.634375 0.325 0.025260416666666667 0.04398148148148148
0 0.5223958333333333 0.0962962962962963 0.023958333333333335 0.05416666666666667
0 0.5177083333333333 0.29444444444444445 0.028385416666666666 0.03981481481481482
0 0.5091145833333334 0.24953703703703703 0.034375 0.05277777777777778
0 0.50078125 0.09583333333333334 0.0234375 0.043055555555555555
0 0.47734375 0.041666666666666664 0.030208333333333334 0.05462962962962963
0 0.4361979166666667 0.09490740740740741 0.04375 0.05277777777777778
0 0.4940104166666667 0.14583333333333334 0.029947916666666668 0.038425925925925926
0 0.44114583333333335 0.1300925925925926 0.02890625 0.049074074074074076
0 0.5770833333333333 0.2064814814814815 0.04296875 0.06481481481481481
0 0.5122395833333333 0.28935185185185186 0.024479166666666666 0.0412037037037037
0 0.24140625 0.013888888888888888 0.024739583333333332 0.027777777777777776
0 0.61953125 0.02175925925925926 0.01796875 0.04398148148148148
