0 0.928125 0.35509259259259257 0.03567708333333333 0.04537037037037037
0 0.9640625 0.29583333333333334 0.024479166666666666 0.05185185185185185
0 0.9796875 0.2564814814814815 0.02109375 0.04351851851851852
0 0.98125 0.23194444444444445 0.021354166666666667 0.044444444444444446
0 0.9044270833333333 0.175 0.03411458333333333 0.06481481481481481
0 0.8604166666666667 0.21435185185185185 0.023697916666666666 0.043055555555555555
0 0.8473958333333333 0.1476851851851852 0.023177083333333334 0.0412037037037037
0 0.83359375 0.16620370370370371 0.019010416666666665 0.03518518518518519
0 0.8205729166666667 0.12824074074074074 0.021614583333333333 0.038425925925925926
0 0.84296875 0.07314814814814814 0.02734375 0.03657407407407407
0 0.8888020833333333 0.046296296296296294 0.023177083333333334 0.03287037037037037
0 0.7151041666666667 0.03657407407407407 0.0265625 0.04675925925925926
0 0.8369791666666667 0.04953703703703704 0.020572916666666666 0.03888888888888889
