0 0.5078125 0.3731481481481482 0.018489583333333334 0.04814814814814815
0 0.6171875 0.5555555555555556 0.03463541666666667 0.05324074074074074
0 0.9609375 0.5657407407407408 0.025520833333333333 0.031018518518518518
0 0.9744791666666667 0.5740740740740741 0.024479166666666666 0.05925925925925926
0 0.8106770833333333 0.6064814814814815 0.026041666666666668 0.04675925925925926
0 0.75703125 0.6578703703703703 0.040364583333333336 0.05555555555555555
0 0.5997395833333333 0.6620370370370371 0.026302083333333334 0.05277777777777778
0 0.5419270833333333 0.7412037037037037 0.01953125 0.04537037037037037
0 0.625 0.625 0.02421875 0.04212962962962963
0 0.5236979166666667 0.43842592592592594 0.026302083333333334 0.059722222222222225
0 0.5026041666666666 0.5967592592592592 0.028385416666666666 0.03981481481481482
0 0.4986979166666667 0.5601851851851852 0.0265625 0.044444444444444446
0 0.4791666666666667 0.40046296296296297 0.0234375 0.043055555555555555
0 0.47291666666666665 0.31712962962962965 0.03333333333333333 0.04814814814814815
0 0.4510416666666667 0.4050925925925926 0.018229166666666668 0.037037037037037035
0 0.49947916666666664 0.37037037037037035 0.015364583333333333 0.03657407407407407
0 0.4510416666666667 0.3837962962962963 0.03046875 0.05138888888888889
0 0.5643229166666667 0.5055555555555555 0.04973958333333333 0.075
0 0.49895833333333334 0.5370370370370371 0.0234375 0.03935185185185185
0 0.25286458333333334 0.2912037037037037 0.02734375 0.05925925925925926
0 0.559375 0.3175925925925926 0.021354166666666667 0.043055555555555555
0 0.62890625 0.274537037037037 0.05651041666666667 0.07037037037037037
0 0.6130208333333333 0.27314814814814814 0.01640625 0.027314814814814816
0 0.95390625 0.24444444444444444 0.02421875 0.03935185185185185
0 0.4713541666666667 0.25416666666666665 0.06796875 0.07916666666666666
0 0.4708333333333333 0.25277777777777777 0.02734375 0.046296296296296294
0 0.6127604166666667 0.31851851851851853 0.016927083333333332 0.05648148148148148
0 0.6528645833333333 0.24583333333333332 0.03411458333333333 0.0587962962962963
0 0.9723958333333333 0.1962962962962963 0.020572916666666666 0.03333333333333333
0 0.9395833333333333 0.21388888888888888 0.026302083333333334 0.03425925925925926
0 0.5598958333333334 0.16296296296296298 0.020572916666666666 0.03935185185185185
0 0.46875 0.13564814814814816 0.017447916666666667 0.043055555555555555
0 0.5434895833333333 0.12824074074074074 0.020052083333333335 0.034722222222222224
0 0.5377604166666666 0.10092592592592593 0.06536458333333334 0.06527777777777778
0 0.6390625 0.09166666666666666 0.04895833333333333 0.09907407407407408
0 0.6815104166666667 0.1125 0.03307291666666667 0.05138888888888889
0 0.7643229166666666 0.10740740740740741 0.02578125 0.06296296296296296
0 0.9408854166666667 0.10138888888888889 0.028645833333333332 0.053703703703703705
0 0.6265625 0.27037037037037037 0.0203125 0.04351851851851852
0 0.5109375 0.07962962962962963 0.02109375 0.028703703703703703
0 0.9036458333333334 0.07222222222222222 0.032552083333333336 0.053703703703703705
0 0.6231770833333333 0.06666666666666667 0.020052083333333335 0.02638888888888889
0 0.6364583333333333 0.09953703703703703 0.021614583333333333 0.037037037037037035
0 0.5145833333333333 0.06435185185185185 0.015104166666666667 0.0375
0 0.6309895833333333 0.01898148148148148 0.024739583333333332 0.03981481481481482
0 0.9416666666666667 0.017592592592592594 0.027604166666666666 0.023148148148148147
0 0.9677083333333333 0.018518518518518517 0.023697916666666666 0.034722222222222224
0 0.5286458333333334 0.006944444444444444 0.040364583333333336 0.014351851851851852
