0 0.9434895833333333 0.2967592592592593 0.01328125 0.03009259259259259
0 0.9505208333333334 0.37083333333333335 0.022395833333333334 0.025925925925925925
0 0.9075520833333334 0.3351851851851852 0.028125 0.04722222222222222
0 0.9265625 0.07546296296296297 0.01953125 0.033796296296296297
0 0.90859375 0.07962962962962963 0.022916666666666665 0.044444444444444446
0 0.8713541666666667 0.1398148148148148 0.024479166666666666 0.05138888888888889
0 0.9109375 0.17222222222222222 0.04609375 0.06018518518518518
0 0.6481770833333333 0.11018518518518519 0.0515625 0.041666666666666664
0 0.61171875 0.1125 0.03828125 0.05462962962962963
0 0.5690104166666666 0.05092592592592592 0.02890625 0.04490740740740741
0 0.4518229166666667 0.19166666666666668 0.01953125 0.03148148148148148
0 0.5453125 0.2199074074074074 0.017447916666666667 0.03287037037037037
0 0.5046875 0.1726851851851852 0.0203125 0.046296296296296294
0 0.5502604166666667 0.1726851851851852 0.022135416666666668 0.03935185185185185
0 0.5635416666666667 0.2222222222222222 0.02578125 0.07777777777777778
0 0.5786458333333333 0.21666666666666667 0.034375 0.038425925925925926
0 0.5947916666666667 0.16620370370370371 0.03125 0.053703703703703705
0 0.6109375 0.28379629629629627 0.04010416666666667 0.05416666666666667
0 0.6809895833333334 0.2199074074074074 0.02734375 0.037037037037037035
0 0.45078125 0.2759259259259259 0.02265625 0.03981481481481482
0 0.5338541666666666 0.3263888888888889 0.0234375 0.03194444444444444
0 0.5252604166666667 0.5175925925925926 0.0203125 0.02824074074074074
0 0.6627604166666666 0.5944444444444444 0.026822916666666665 0.04675925925925926
0 0.9174479166666667 0.6222222222222222 0.026822916666666665 0.032407407407407406
0 0.92734375 0.6407407407407407 0.02421875 0.04675925925925926
0 0.7528645833333333 0.6662037037037037 0.0203125 0.03657407407407407
0 0.6994791666666667 0.6888888888888889 0.03333333333333333 0.04583333333333333
0 0.5901041666666667 0.7888888888888889 0.01953125 0.03981481481481482
0 0.54609375 0.8449074074074074 0.016145833333333335 0.0375
0 0.5791666666666667 0.6856481481481481 0.028125 0.050462962962962966
0 0.5528645833333333 0.5898148148148148 0.039322916666666666 0.062037037037037036
0 0.5263020833333333 0.4861111111111111 0.03619791666666667 0.049074074074074076
0 0.45364583333333336 0.6666666666666666 0.03697916666666667 0.04398148148148148
0 0.43854166666666666 0.7069444444444445 0.0453125 0.05740740740740741
0 0.46380208333333334 0.6412037037037037 0.03125 0.047685185185185185
0 0.44244791666666666 0.5041666666666667 0.0234375 0.043055555555555555
0 0.3890625 0.5078703703703704 0.025 0.03518518518518519
0 0.4908854166666667 0.04398148148148148 0.0578125 0.06481481481481481
0 0.5520833333333334 0.14629629629629629 0.06796875 0.075
0 0.6088541666666667 0.15324074074074073 0.06197916666666667 0.07962962962962963
0 0.58515625 0.01898148148148148 0.026822916666666665 0.10972222222222222
0 0.34296875 0.4962962962962963 0.03958333333333333 0.04814814814814815
0 0.44244791666666666 0.5453703703703704 0.028645833333333332 0.03657407407407407
0 0.35520833333333335 0.5402777777777777 0.026822916666666665 0.03611111111111111
0 0.4510416666666667 0.28935185185185186 0.06380208333333333 0.09583333333333334
0 0.5890625 0.31296296296296294 0.049479166666666664 0.09212962962962963
0 0.1734375 0.3587962962962963 0.038802083333333334 0.04814814814814815
