0 0.546875 0.10416666666666667 0.029947916666666668 0.041666666666666664
0 0.6533854166666667 0.2064814814814815 0.044270833333333336 0.05648148148148148
0 0.9736979166666667 0.2074074074074074 0.028125 0.03425925925925926
0 0.9817708333333334 0.2175925925925926 0.020052083333333335 0.049074074074074076
0 0.8020833333333334 0.24722222222222223 0.023697916666666666 0.04259259259259259
0 0.7552083333333334 0.28379629629629627 0.03177083333333333 0.04351851851851852
0 0.6200520833333333 0.3384259259259259 0.025 0.050462962962962966
0 0.5622395833333333 0.3912037037037037 0.020572916666666666 0.047685185185185185
0 0.634375 0.2763888888888889 0.025260416666666667 0.04398148148148148
0 0.5255208333333333 0.056018518518518516 0.023958333333333335 0.05416666666666667
0 0.5177083333333333 0.2550925925925926 0.028385416666666666 0.03981481481481482
0 0.5088541666666667 0.20462962962962963 0.034375 0.05277777777777778
0 0.50546875 0.055092592592592596 0.0234375 0.043055555555555555
0 0.47682291666666665 0.000462962962962963 0.03177083333333333 0.05648148148148148
0 0.43072916666666666 0.052314814814814814 0.04583333333333333 0.05555555555555555
0 0.49557291666666664 0.10231481481481482 0.028645833333333332 0.03657407407407407
0 0.44114583333333335 0.0875 0.02890625 0.049074074074074076
0 0.5791666666666667 0.16018518518518518 0.04088541666666667 0.06157407407407407
0 0.5026041666666666 0.27546296296296297 0.024479166666666666 0.0412037037037037
