0 0.86875 0.4375 0.014583333333333334 0.03333333333333333
0 0.85703125 0.475462962962963 0.019270833333333334 0.022685185185185187
0 0.8104166666666667 0.44074074074074077 0.02421875 0.040740740740740744
0 0.8346354166666666 0.1787037037037037 0.016927083333333332 0.029166666666666667
0 0.8171875 0.16712962962962963 0.021875 0.04212962962962963
0 0.7854166666666667 0.2152777777777778 0.02109375 0.044444444444444446
0 0.7958333333333333 0.26944444444444443 0.03984375 0.05185185185185185
0 0.59921875 0.1837962962962963 0.022135416666666668 0.03611111111111111
0 0.5479166666666667 0.1726851851851852 0.033854166666666664 0.08055555555555556
0 0.471875 0.1449074074074074 0.02890625 0.04490740740740741
0 0.37578125 0.2800925925925926 0.017708333333333333 0.02824074074074074
0 0.4708333333333333 0.30416666666666664 0.018229166666666668 0.034722222222222224
0 0.4322916666666667 0.2638888888888889 0.018229166666666668 0.041666666666666664
0 0.47890625 0.2601851851851852 0.020052083333333335 0.03564814814814815
0 0.48541666666666666 0.28425925925925927 0.022395833333333334 0.04490740740740741
0 0.5236979166666667 0.28425925925925927 0.0296875 0.05
0 0.5255208333333333 0.24861111111111112 0.0328125 0.05648148148148148
0 0.52421875 0.36712962962962964 0.027864583333333335 0.06296296296296296
0 0.6033854166666667 0.33287037037037037 0.025 0.03333333333333333
0 0.36692708333333335 0.37175925925925923 0.02265625 0.03981481481481482
0 0.4513020833333333 0.44675925925925924 0.022395833333333334 0.030555555555555555
0 0.49765625 0.5796296296296296 0.024739583333333332 0.037037037037037035
0 0.6244791666666667 0.6796296296296296 0.024479166666666666 0.04212962962962963
0 0.8296875 0.7203703703703703 0.020052083333333335 0.024074074074074074
0 0.8390625 0.7407407407407407 0.020052083333333335 0.038425925925925926
0 0.6671875 0.7592592592592593 0.01953125 0.03518518518518519
0 0.6364583333333333 0.7615740740740741 0.03854166666666667 0.05324074074074074
0 0.5200520833333333 0.8861111111111111 0.017708333333333333 0.03611111111111111
0 0.4817708333333333 0.9467592592592593 0.016927083333333332 0.03935185185185185
0 0.48984375 0.7777777777777778 0.029427083333333333 0.05277777777777778
0 0.4861979166666667 0.7083333333333334 0.022135416666666668 0.055092592592592596
0 0.45208333333333334 0.612037037037037 0.02578125 0.06296296296296296
0 0.37916666666666665 0.7439814814814815 0.021614583333333333 0.030555555555555555
0 0.3484375 0.7916666666666666 0.0265625 0.030555555555555555
0 0.35234375 0.7398148148148148 0.021614583333333333 0.032407407407407406
0 0.34791666666666665 0.6055555555555555 0.021354166666666667 0.03888888888888889
0 0.3104166666666667 0.6268518518518519 0.021614583333333333 0.032407407407407406
0 0.40911458333333334 0.14027777777777778 0.054947916666666666 0.06157407407407407
0 0.4747395833333333 0.22962962962962963 0.06796875 0.075
0 0.5341145833333333 0.23333333333333334 0.06197916666666667 0.07962962962962963
0 0.5013020833333334 0.11805555555555555 0.025520833333333333 0.10462962962962963
0 0.23802083333333332 0.5944444444444444 0.037760416666666664 0.04583333333333333
0 0.32916666666666666 0.6541666666666667 0.026041666666666668 0.059722222222222225
0 0.25416666666666665 0.6365740740740741 0.026822916666666665 0.03611111111111111
0 0.3653645833333333 0.38657407407407407 0.06380208333333333 0.09583333333333334
0 0.5080729166666667 0.3958333333333333 0.05182291666666667 0.09675925925925925
0 0.09114583333333333 0.41944444444444445 0.04244791666666667 0.08333333333333333
