0 0.5502604166666667 0.16527777777777777 0.02734375 0.03796296296296296
0 0.66171875 0.25601851851851853 0.046614583333333334 0.05925925925925926
0 0.96484375 0.26481481481481484 0.029427083333333333 0.03611111111111111
0 0.97109375 0.2708333333333333 0.025520833333333333 0.049074074074074076
0 0.7950520833333333 0.2972222222222222 0.022395833333333334 0.040740740740740744
0 0.73828125 0.34305555555555556 0.03333333333333333 0.04583333333333333
0 0.6223958333333334 0.39861111111111114 0.025 0.050462962962962966
0 0.565625 0.44814814814814813 0.01953125 0.04537037037037037
0 0.6247395833333333 0.3333333333333333 0.023958333333333335 0.041666666666666664
0 0.5270833333333333 0.13240740740740742 0.04192708333333333 0.05694444444444444
0 0.5119791666666667 0.3162037037037037 0.03229166666666667 0.04351851851851852
0 0.503125 0.2726851851851852 0.03619791666666667 0.055092592592592596
0 0.49453125 0.12638888888888888 0.028645833333333332 0.052314814814814814
0 0.4591145833333333 0.08796296296296297 0.028645833333333332 0.05185185185185185
0 0.4127604166666667 0.12361111111111112 0.03958333333333333 0.04814814814814815
0 0.5013020833333334 0.1962962962962963 0.028645833333333332 0.03657407407407407
0 0.415625 0.16018518518518518 0.032552083333333336 0.04398148148148148
0 0.23203125 0.02361111111111111 0.03515625 0.04351851851851852
0 0.5783854166666667 0.21666666666666667 0.04088541666666667 0.06157407407407407
0 0.4861979166666667 0.34814814814814815 0.0390625 0.05648148148148148
