0 0.9005208333333333 0.4199074074074074 0.0140625 0.03148148148148148
0 0.89609375 0.4740740740740741 0.02109375 0.024537037037037038
0 0.8479166666666667 0.4351851851851852 0.025520833333333333 0.04259259259259259
0 0.8744791666666667 0.17222222222222222 0.016927083333333332 0.029166666666666667
0 0.8552083333333333 0.1675925925925926 0.021875 0.04212962962962963
0 0.8208333333333333 0.22453703703703703 0.022135416666666668 0.04675925925925926
0 0.8458333333333333 0.26851851851851855 0.04401041666666667 0.05740740740740741
0 0.6299479166666667 0.18981481481481483 0.046875 0.03796296296296296
0 0.5783854166666667 0.18055555555555555 0.03828125 0.08935185185185185
0 0.5091145833333334 0.14722222222222223 0.03046875 0.04722222222222222
0 0.4122395833333333 0.28379629629629627 0.01875 0.02962962962962963
0 0.5028645833333333 0.30416666666666664 0.017447916666666667 0.03287037037037037
0 0.4627604166666667 0.25925925925925924 0.019270833333333334 0.04398148148148148
0 0.515625 0.2569444444444444 0.022135416666666668 0.03935185185185185
0 0.5106770833333333 0.2898148148148148 0.0234375 0.04722222222222222
0 0.55625 0.28935185185185186 0.0328125 0.03657407407407407
0 0.55859375 0.2513888888888889 0.0328125 0.05648148148148148
0 0.5580729166666667 0.37037037037037035 0.027864583333333335 0.06296296296296296
0 0.634375 0.3287037037037037 0.026041666666666668 0.03518518518518519
0 0.40338541666666666 0.36898148148148147 0.02265625 0.03981481481481482
0 0.48671875 0.4356481481481482 0.022395833333333334 0.030555555555555555
0 0.5026041666666666 0.5819444444444445 0.026041666666666668 0.03888888888888889
0 0.646875 0.6828703703703703 0.025520833333333333 0.044444444444444446
0 0.8682291666666667 0.7185185185185186 0.022135416666666668 0.026851851851851852
0 0.8768229166666667 0.7412037037037037 0.023177083333333334 0.044444444444444446
0 0.7065104166666667 0.7574074074074074 0.021354166666666667 0.038425925925925926
0 0.6666666666666666 0.7671296296296296 0.03671875 0.050462962962962966
0 0.5510416666666667 0.8870370370370371 0.01953125 0.03981481481481482
0 0.5122395833333333 0.9375 0.016927083333333332 0.03935185185185185
0 0.5333333333333333 0.7791666666666667 0.028125 0.050462962962962966
0 0.51171875 0.6916666666666667 0.02109375 0.052314814814814814
0 0.48333333333333334 0.6037037037037037 0.02578125 0.06296296296296296
0 0.41640625 0.7439814814814815 0.021614583333333333 0.030555555555555555
0 0.38307291666666665 0.8069444444444445 0.029427083333333333 0.033796296296296297
0 0.3885416666666667 0.7412037037037037 0.023697916666666666 0.03564814814814815
0 0.38697916666666665 0.6027777777777777 0.0234375 0.043055555555555555
0 0.3385416666666667 0.625 0.020572916666666666 0.031018518518518518
0 0.4434895833333333 0.1375 0.054947916666666666 0.06157407407407407
0 0.5088541666666667 0.23148148148148148 0.06796875 0.075
0 0.5661458333333333 0.24027777777777778 0.06197916666666667 0.07962962962962963
0 0.5393229166666667 0.1162037037037037 0.025520833333333333 0.10462962962962963
0 0.27786458333333336 0.5953703703703703 0.037760416666666664 0.04583333333333333
0 0.3729166666666667 0.6550925925925926 0.028645833333333332 0.06574074074074074
0 0.29244791666666664 0.6356481481481482 0.026822916666666665 0.03611111111111111
0 0.4015625 0.3851851851851852 0.06380208333333333 0.09583333333333334
0 0.54296875 0.3976851851851852 0.05182291666666667 0.09675925925925925
0 0.12526041666666668 0.4263888888888889 0.04244791666666667 0.08333333333333333
