0 0.9161458333333333 0.3990740740740741 0.0140625 0.03148148148148148
0 0.9200520833333333 0.4638888888888889 0.022395833333333334 0.025925925925925925
0 0.8658854166666666 0.4212962962962963 0.025520833333333333 0.04259259259259259
0 0.8934895833333333 0.16064814814814815 0.016927083333333332 0.029166666666666667
0 0.8744791666666667 0.15555555555555556 0.021875 0.04212962962962963
0 0.83828125 0.21574074074074073 0.023177083333333334 0.049074074074074076
0 0.8729166666666667 0.2569444444444444 0.04609375 0.06018518518518518
0 0.6380208333333334 0.17962962962962964 0.04921875 0.03981481481481482
0 0.5955729166666667 0.175 0.03828125 0.08935185185185185
0 0.52890625 0.1337962962962963 0.03046875 0.04722222222222222
0 0.4270833333333333 0.2763888888888889 0.01953125 0.03148148148148148
0 0.5177083333333333 0.29444444444444445 0.017447916666666667 0.03287037037037037
0 0.4791666666666667 0.25092592592592594 0.019270833333333334 0.04398148148148148
0 0.5317708333333333 0.24861111111111112 0.020833333333333332 0.037037037037037035
0 0.5270833333333333 0.2777777777777778 0.0234375 0.04722222222222222
0 0.5705729166666667 0.2800925925925926 0.034375 0.038425925925925926
0 0.5731770833333333 0.24305555555555555 0.0328125 0.05648148148148148
0 0.5755208333333334 0.36342592592592593 0.027864583333333335 0.06296296296296296
0 0.64921875 0.31203703703703706 0.02734375 0.037037037037037035
0 0.42135416666666664 0.35833333333333334 0.02265625 0.03981481481481482
0 0.5067708333333333 0.41944444444444445 0.022395833333333334 0.030555555555555555
0 0.50859375 0.5712962962962963 0.028645833333333332 0.043055555555555555
0 0.65546875 0.6726851851851852 0.025520833333333333 0.044444444444444446
0 0.8861979166666667 0.7078703703703704 0.023177083333333334 0.02824074074074074
0 0.8955729166666667 0.7277777777777777 0.023177083333333334 0.044444444444444446
0 0.7223958333333333 0.7490740740740741 0.021354166666666667 0.038425925925925926
0 0.6822916666666666 0.7578703703703704 0.034895833333333334 0.04814814814814815
0 0.565625 0.8740740740740741 0.01953125 0.03981481481481482
0 0.5260416666666666 0.9226851851851852 0.015364583333333333 0.03564814814814815
0 0.5505208333333333 0.7703703703703704 0.028125 0.050462962962962966
0 0.5302083333333333 0.6782407407407407 0.039322916666666666 0.062037037037037036
0 0.50234375 0.5837962962962963 0.02578125 0.06296296296296296
0 0.4317708333333333 0.7314814814814815 0.021614583333333333 0.030555555555555555
0 0.40234375 0.7958333333333333 0.029427083333333333 0.033796296296296297
0 0.4078125 0.737037037037037 0.02265625 0.033796296296296297
0 0.40546875 0.5902777777777778 0.0234375 0.043055555555555555
0 0.35520833333333335 0.6074074074074074 0.021614583333333333 0.032407407407407406
0 0.46015625 0.12546296296296297 0.054947916666666666 0.06157407407407407
0 0.5265625 0.2222222222222222 0.06796875 0.075
0 0.5825520833333333 0.22962962962962963 0.06197916666666667 0.07962962962962963
0 0.5588541666666667 0.1037037037037037 0.025520833333333333 0.10462962962962963
0 0.3046875 0.5800925925925926 0.03958333333333333 0.04814814814814815
0 0.39479166666666665 0.6435185185185185 0.030208333333333334 0.06898148148148148
0 0.3171875 0.6217592592592592 0.026822916666666665 0.03611111111111111
0 0.42083333333333334 0.3726851851851852 0.06380208333333333 0.09583333333333334
0 0.56015625 0.38842592592592595 0.05182291666666667 0.09675925925925925
0 0.14479166666666668 0.4148148148148148 0.03515625 0.075
