0 0.971875 0.33935185185185185 0.03567708333333333 0.04537037037037037
0 0.9544270833333334 0.17453703703703705 0.03411458333333333 0.06481481481481481
0 0.90703125 0.21481481481481482 0.026302083333333334 0.04722222222222222
0 0.8934895833333333 0.1337962962962963 0.024479166666666666 0.04351851851851852
0 0.8778645833333333 0.16898148148148148 0.020833333333333332 0.03888888888888889
0 0.8666666666666667 0.12824074074074074 0.02265625 0.04027777777777778
0 0.8942708333333333 0.07824074074074074 0.028645833333333332 0.038425925925925926
0 0.9385416666666667 0.04490740740740741 0.02421875 0.034722222222222224
0 0.76171875 0.03425925925925926 0.027864583333333335 0.049074074074074076
0 0.8908854166666667 0.05787037037037037 0.02578125 0.037037037037037035
