0 0.8911458333333333 0.42777777777777776 0.0140625 0.03148148148148148
0 0.8817708333333333 0.4759259259259259 0.019270833333333334 0.022685185185185187
0 0.8393229166666667 0.44305555555555554 0.025520833333333333 0.04259259259259259
0 0.8606770833333334 0.17407407407407408 0.016927083333333332 0.029166666666666667
0 0.84140625 0.1685185185185185 0.022916666666666665 0.044444444444444446
0 0.8083333333333333 0.2212962962962963 0.02109375 0.044444444444444446
0 0.8265625 0.27175925925925926 0.04192708333333333 0.05462962962962963
0 0.6190104166666667 0.1884259259259259 0.022135416666666668 0.03611111111111111
0 0.5651041666666666 0.18287037037037038 0.033854166666666664 0.08055555555555556
0 0.49635416666666665 0.14907407407407408 0.03046875 0.04722222222222222
0 0.4005208333333333 0.28379629629629627 0.01875 0.02962962962962963
0 0.4921875 0.3055555555555556 0.017447916666666667 0.03287037037037037
0 0.4518229166666667 0.26342592592592595 0.018229166666666668 0.041666666666666664
0 0.5026041666666666 0.25787037037037036 0.022135416666666668 0.03935185185185185
0 0.5 0.2884259259259259 0.0234375 0.04722222222222222
0 0.5447916666666667 0.2962962962962963 0.0328125 0.055092592592592596
0 0.5466145833333333 0.25277777777777777 0.0328125 0.05648148148148148
0 0.5466145833333333 0.3712962962962963 0.027864583333333335 0.06296296296296296
0 0.6234375 0.3333333333333333 0.025 0.03333333333333333
0 0.390625 0.3712962962962963 0.02265625 0.03981481481481482
0 0.47317708333333336 0.44074074074074077 0.0234375 0.03194444444444444
0 0.5026041666666666 0.5828703703703704 0.024739583333333332 0.037037037037037035
0 0.63828125 0.6847222222222222 0.025520833333333333 0.044444444444444446
0 0.85234375 0.7203703703703703 0.020052083333333335 0.024074074074074074
0 0.8630208333333333 0.7425925925925926 0.022135416666666668 0.04212962962962963
0 0.6919270833333333 0.7615740740740741 0.0203125 0.03657407407407407
0 0.6578125 0.7671296296296296 0.03671875 0.050462962962962966
0 0.5401041666666667 0.8888888888888888 0.017708333333333333 0.03611111111111111
0 0.5020833333333333 0.9416666666666667 0.016927083333333332 0.03935185185185185
0 0.5184895833333333 0.7810185185185186 0.028125 0.050462962962962966
0 0.5088541666666667 0.7023148148148148 0.02109375 0.052314814814814814
0 0.47369791666666666 0.6064814814814815 0.02578125 0.06296296296296296
0 0.40390625 0.7462962962962963 0.021614583333333333 0.030555555555555555
0 0.3684895833333333 0.8032407407407407 0.029427083333333333 0.033796296296296297
0 0.37734375 0.7407407407407407 0.023697916666666666 0.03564814814814815
0 0.3731770833333333 0.6074074074074074 0.022395833333333334 0.040740740740740744
0 0.32838541666666665 0.6277777777777778 0.020572916666666666 0.031018518518518518
0 0.4317708333333333 0.14074074074074075 0.054947916666666666 0.06157407407407407
0 0.4973958333333333 0.23148148148148148 0.06796875 0.075
0 0.5544270833333333 0.24212962962962964 0.06197916666666667 0.07962962962962963
0 0.5263020833333333 0.11944444444444445 0.025520833333333333 0.10462962962962963
0 0.26614583333333336 0.5944444444444444 0.037760416666666664 0.04583333333333333
0 0.35546875 0.6550925925925926 0.028645833333333332 0.06574074074074074
0 0.28046875 0.6356481481481482 0.026822916666666665 0.03611111111111111
0 0.3890625 0.38425925925925924 0.06380208333333333 0.09583333333333334
0 0.5307291666666667 0.39861111111111114 0.05182291666666667 0.09675925925925925
0 0.11328125 0.425462962962963 0.04244791666666667 0.08333333333333333
