0 0.9486979166666667 0.2518518518518518 0.01328125 0.03009259259259259
0 0.9575520833333333 0.32407407407407407 0.0234375 0.027314814814814816
0 0.91484375 0.27037037037037037 0.028125 0.04722222222222222
0 0.93671875 0.03194444444444444 0.020572916666666666 0.03564814814814815
0 0.9166666666666666 0.03611111111111111 0.022916666666666665 0.044444444444444446
0 0.87890625 0.09305555555555556 0.024479166666666666 0.05138888888888889
0 0.9158854166666667 0.12962962962962962 0.030729166666666665 0.06018518518518518
0 0.6549479166666666 0.07222222222222222 0.04921875 0.03981481481481482
0 0.6197916666666666 0.07268518518518519 0.03828125 0.05462962962962963
0 0.5744791666666667 0.009722222222222222 0.027604166666666666 0.04259259259259259
0 0.45651041666666664 0.14722222222222223 0.01953125 0.03148148148148148
0 0.55390625 0.17592592592592593 0.016666666666666666 0.03148148148148148
0 0.5096354166666667 0.1287037037037037 0.021354166666666667 0.04861111111111111
0 0.5559895833333334 0.13055555555555556 0.022135416666666668 0.03935185185185185
0 0.571875 0.18009259259259258 0.024479166666666666 0.07407407407407407
0 0.5822916666666667 0.1787037037037037 0.0328125 0.03657407407407407
0 0.5994791666666667 0.12222222222222222 0.0328125 0.05648148148148148
0 0.61640625 0.24305555555555555 0.04010416666666667 0.05416666666666667
0 0.6895833333333333 0.1736111111111111 0.03177083333333333 0.04259259259259259
0 0.45807291666666666 0.23194444444444445 0.02265625 0.03981481481481482
0 0.5411458333333333 0.27685185185185185 0.0234375 0.03194444444444444
0 0.5330729166666667 0.47638888888888886 0.0203125 0.02824074074074074
0 0.6583333333333333 0.5550925925925926 0.030989583333333334 0.053703703703703705
0 0.9265625 0.5777777777777777 0.028125 0.03425925925925926
0 0.9356770833333333 0.5986111111111111 0.02421875 0.04675925925925926
0 0.76171875 0.6203703703703703 0.0203125 0.03657407407407407
0 0.703125 0.6435185185185185 0.030208333333333334 0.041666666666666664
0 0.59765625 0.7407407407407407 0.01953125 0.03981481481481482
0 0.5513020833333333 0.8009259259259259 0.016145833333333335 0.0375
0 0.5869791666666667 0.6393518518518518 0.028125 0.050462962962962966
0 0.55859375 0.5416666666666666 0.039322916666666666 0.062037037037037036
0 0.5286458333333334 0.44074074074074077 0.03802083333333333 0.05138888888888889
0 0.46796875 0.6217592592592592 0.038802083333333334 0.046296296296296294
0 0.45078125 0.6625 0.0453125 0.05740740740740741
0 0.47291666666666665 0.5986111111111111 0.03125 0.047685185185185185
0 0.45364583333333336 0.45694444444444443 0.024739583333333332 0.04490740740740741
0 0.3963541666666667 0.4583333333333333 0.025 0.03518518518518519
0 0.496875 0.000462962962962963 0.0578125 0.06481481481481481
0 0.5575520833333333 0.10416666666666667 0.06796875 0.075
0 0.6130208333333333 0.11388888888888889 0.06197916666666667 0.07962962962962963
0 0.5893229166666667 0.000462962962962963 0.025520833333333333 0.09722222222222222
0 0.35651041666666666 0.4476851851851852 0.04375 0.05277777777777778
0 0.45807291666666666 0.5027777777777778 0.028645833333333332 0.03657407407407407
0 0.36822916666666666 0.4949074074074074 0.026822916666666665 0.03611111111111111
0 0.45807291666666666 0.24675925925925926 0.06380208333333333 0.09583333333333334
0 0.59609375 0.2708333333333333 0.049479166666666664 0.09212962962962963
0 0.18359375 0.32407407407407407 0.038802083333333334 0.04814814814814815
