0 0.9333333333333333 0.3375 0.01328125 0.03009259259259259
0 0.93984375 0.4162037037037037 0.022395833333333334 0.025925925925925925
0 0.8966145833333333 0.37546296296296294 0.025520833333333333 0.04259259259259259
0 0.9158854166666667 0.11574074074074074 0.01875 0.03194444444444444
0 0.8971354166666666 0.11157407407407408 0.021875 0.04212962962962963
0 0.8614583333333333 0.1763888888888889 0.024479166666666666 0.05138888888888889
0 0.8979166666666667 0.2125 0.04609375 0.06018518518518518
0 0.65078125 0.1439814814814815 0.046875 0.03796296296296296
0 0.6026041666666667 0.1449074074074074 0.03828125 0.05462962962962963
0 0.5578125 0.08981481481481482 0.03046875 0.04722222222222222
0 0.4434895833333333 0.23194444444444445 0.01953125 0.03148148148148148
0 0.5361979166666667 0.25833333333333336 0.017447916666666667 0.03287037037037037
0 0.49765625 0.2162037037037037 0.019270833333333334 0.04398148148148148
0 0.5463541666666667 0.2101851851851852 0.022135416666666668 0.03935185185185185
0 0.5536458333333333 0.26435185185185184 0.0234375 0.07037037037037037
0 0.57890625 0.2513888888888889 0.03619791666666667 0.04027777777777778
0 0.5901041666666667 0.20277777777777778 0.03125 0.053703703703703705
0 0.5971354166666667 0.3226851851851852 0.0265625 0.06018518518518518
0 0.6705729166666666 0.26064814814814813 0.02734375 0.037037037037037035
0 0.4421875 0.3148148148148148 0.02265625 0.03981481481481482
0 0.5283854166666667 0.3680555555555556 0.0234375 0.03194444444444444
0 0.5166666666666667 0.549074074074074 0.01953125 0.026851851851851852
0 0.6630208333333333 0.6300925925925925 0.026822916666666665 0.04675925925925926
0 0.90703125 0.6611111111111111 0.026822916666666665 0.032407407407407406
0 0.9171875 0.6777777777777778 0.023177083333333334 0.044444444444444446
0 0.7427083333333333 0.7037037037037037 0.021354166666666667 0.038425925925925926
0 0.69609375 0.7231481481481481 0.03333333333333333 0.04583333333333333
0 0.5828125 0.8268518518518518 0.01953125 0.03981481481481482
0 0.53984375 0.8796296296296297 0.016145833333333335 0.0375
0 0.5697916666666667 0.725462962962963 0.028125 0.050462962962962966
0 0.5466145833333333 0.6314814814814815 0.039322916666666666 0.062037037037037036
0 0.5229166666666667 0.5208333333333334 0.03619791666666667 0.049074074074074076
0 0.43776041666666665 0.700462962962963 0.027604166666666666 0.03194444444444444
0 0.428125 0.7490740740740741 0.03984375 0.06666666666666667
0 0.45703125 0.6828703703703703 0.023697916666666666 0.03564814814814815
0 0.4296875 0.5439814814814815 0.024739583333333332 0.04490740740740741
0 0.38046875 0.5467592592592593 0.021614583333333333 0.032407407407407406
0 0.48125 0.08055555555555556 0.054947916666666666 0.06157407407407407
0 0.5463541666666667 0.18101851851851852 0.06484375 0.0712962962962963
0 0.6 0.19074074074074074 0.06197916666666667 0.07962962962962963
0 0.58125 0.05787037037037037 0.025520833333333333 0.10462962962962963
0 0.32916666666666666 0.5356481481481481 0.03958333333333333 0.04814814814814815
0 0.42265625 0.600462962962963 0.030208333333333334 0.06898148148148148
0 0.340625 0.5837962962962963 0.025520833333333333 0.034722222222222224
0 0.44088541666666664 0.3282407407407407 0.06380208333333333 0.09583333333333334
0 0.5807291666666666 0.3486111111111111 0.05182291666666667 0.09675925925925925
0 0.16458333333333333 0.3902777777777778 0.03697916666666667 0.04583333333333333
