0 0.9109375 0.40925925925925927 0.014583333333333334 0.03333333333333333
0 0.9130208333333333 0.4685185185185185 0.022395833333333334 0.025925925925925925
0 0.86015625 0.4263888888888889 0.025520833333333333 0.04259259259259259
0 0.8875 0.16620370370370371 0.016927083333333332 0.029166666666666667
0 0.8669270833333333 0.16111111111111112 0.021875 0.04212962962962963
0 0.8330729166666667 0.22037037037037038 0.023177083333333334 0.049074074074074076
0 0.8643229166666667 0.26157407407407407 0.04609375 0.06018518518518518
0 0.6346354166666667 0.1837962962962963 0.04921875 0.03981481481481482
0 0.5911458333333334 0.17592592592592593 0.03828125 0.08935185185185185
0 0.5223958333333333 0.1398148148148148 0.03046875 0.04722222222222222
0 0.42239583333333336 0.2800925925925926 0.01875 0.02962962962962963
0 0.5135416666666667 0.29814814814814816 0.017447916666666667 0.03287037037037037
0 0.4747395833333333 0.2550925925925926 0.019270833333333334 0.04398148148148148
0 0.5268229166666667 0.2523148148148148 0.022135416666666668 0.03935185185185185
0 0.5216145833333333 0.28564814814814815 0.0234375 0.04722222222222222
0 0.56640625 0.28425925925925927 0.03619791666666667 0.04027777777777778
0 0.56875 0.24722222222222223 0.0328125 0.05648148148148148
0 0.5700520833333333 0.36666666666666664 0.027864583333333335 0.06296296296296296
0 0.6455729166666667 0.3175925925925926 0.026041666666666668 0.03518518518518519
0 0.4161458333333333 0.36435185185185187 0.02265625 0.03981481481481482
0 0.5005208333333333 0.42592592592592593 0.022395833333333334 0.030555555555555555
0 0.5083333333333333 0.575462962962963 0.028645833333333332 0.043055555555555555
0 0.653125 0.6763888888888889 0.025520833333333333 0.044444444444444446
0 0.8807291666666667 0.712037037037037 0.022135416666666668 0.026851851851851852
0 0.8888020833333333 0.7347222222222223 0.023177083333333334 0.044444444444444446
0 0.7174479166666666 0.7527777777777778 0.021354166666666667 0.038425925925925926
0 0.67734375 0.7611111111111111 0.034895833333333334 0.04814814814814815
0 0.56171875 0.8791666666666667 0.01953125 0.03981481481481482
0 0.5229166666666667 0.9273148148148148 0.016145833333333335 0.0375
0 0.5442708333333334 0.774537037037037 0.028125 0.050462962962962966
0 0.5278645833333333 0.6861111111111111 0.0375 0.05925925925925926
0 0.4973958333333333 0.5939814814814814 0.02578125 0.06296296296296296
0 0.42734375 0.7361111111111112 0.021614583333333333 0.030555555555555555
0 0.39375 0.8018518518518518 0.029427083333333333 0.033796296296296297
0 0.403125 0.7402777777777778 0.02265625 0.033796296296296297
0 0.4 0.5962962962962963 0.0234375 0.043055555555555555
0 0.3497395833333333 0.6162037037037037 0.021614583333333333 0.032407407407407406
0 0.4557291666666667 0.13148148148148148 0.054947916666666666 0.06157407407407407
0 0.5208333333333334 0.22592592592592592 0.06796875 0.075
0 0.578125 0.2337962962962963 0.06197916666666667 0.07962962962962963
0 0.553125 0.10925925925925926 0.025520833333333333 0.10462962962962963
0 0.2942708333333333 0.587037037037037 0.037760416666666664 0.04583333333333333
0 0.38723958333333336 0.6481481481481481 0.030208333333333334 0.06898148148148148
0 0.3109375 0.6273148148148148 0.026822916666666665 0.03611111111111111
0 0.41458333333333336 0.3773148148148148 0.06380208333333333 0.09583333333333334
0 0.55546875 0.3925925925925926 0.05182291666666667 0.09675925925925925
0 0.13802083333333334 0.4222222222222222 0.03515625 0.075
