0 0.53984375 0.23842592592592593 0.031510416666666666 0.04351851851851852
0 0.6377604166666667 0.3472222222222222 0.04635416666666667 0.05925925925925926
0 0.9674479166666666 0.3453703703703704 0.025520833333333333 0.031018518518518518
0 0.9799479166666667 0.3625 0.02109375 0.05138888888888889
0 0.8046875 0.3990740740740741 0.024739583333333332 0.044444444444444446
0 0.7559895833333333 0.4393518518518518 0.034895833333333334 0.04814814814814815
0 0.61171875 0.4675925925925926 0.025 0.050462962962962966
0 0.5546875 0.5254629629629629 0.021614583333333333 0.05
0 0.6317708333333333 0.4199074074074074 0.0265625 0.046296296296296294
0 0.5203125 0.18518518518518517 0.023958333333333335 0.05416666666666667
0 0.5075520833333333 0.4111111111111111 0.028385416666666666 0.03981481481481482
0 0.5015625 0.3365740740740741 0.03619791666666667 0.055092592592592596
0 0.5005208333333333 0.1875 0.022395833333333334 0.0412037037037037
0 0.47552083333333334 0.1287037037037037 0.03177083333333333 0.05740740740740741
0 0.446875 0.1814814814814815 0.03854166666666667 0.047685185185185185
0 0.4901041666666667 0.2337962962962963 0.028645833333333332 0.03657407407407407
0 0.4466145833333333 0.2162037037037037 0.01953125 0.04259259259259259
0 0.5744791666666667 0.2986111111111111 0.04505208333333333 0.06805555555555555
0 0.50625 0.3814814814814815 0.024479166666666666 0.0412037037037037
0 0.24713541666666666 0.0962962962962963 0.026041666666666668 0.05648148148148148
0 0.56796875 0.0837962962962963 0.028125 0.03194444444444444
0 0.63046875 0.06851851851851852 0.059375 0.07453703703703704
0 0.61875 0.060648148148148145 0.01796875 0.03009259259259259
0 0.9677083333333333 0.04953703703703704 0.02109375 0.033796296296296297
0 0.4786458333333333 0.03564814814814815 0.07135416666666666 0.08333333333333333
0 0.48098958333333336 0.033796296296296297 0.023697916666666666 0.03981481481481482
0 0.6197916666666666 0.027777777777777776 0.024739583333333332 0.033796296296296297
0 0.6169270833333333 0.10324074074074074 0.016927083333333332 0.05648148148148148
0 0.65703125 0.03009259259259259 0.029427083333333333 0.05092592592592592
0 0.9838541666666667 0.010648148148148148 0.021614583333333333 0.021296296296296296
0 0.9486979166666667 0.012037037037037037 0.026302083333333334 0.024074074074074074
