0 0.5109375 0.3189814814814815 0.018489583333333334 0.04814814814814815
0 0.6255208333333333 0.49166666666666664 0.04869791666666667 0.0625
0 0.9635416666666666 0.4976851851851852 0.02421875 0.02962962962962963
0 0.9770833333333333 0.5097222222222222 0.024479166666666666 0.05925925925925926
0 0.8049479166666667 0.5439814814814815 0.024739583333333332 0.044444444444444446
0 0.7552083333333334 0.5902777777777778 0.03854166666666667 0.05324074074074074
0 0.6057291666666667 0.6060185185185185 0.026302083333333334 0.05277777777777778
0 0.5450520833333333 0.6782407407407407 0.020572916666666666 0.047685185185185185
0 0.62734375 0.5625 0.023177083333333334 0.04027777777777778
0 0.52734375 0.38564814814814813 0.025260416666666667 0.05694444444444444
0 0.5067708333333333 0.5449074074074074 0.028385416666666666 0.03981481481481482
0 0.50390625 0.5106481481481482 0.0265625 0.044444444444444446
0 0.48072916666666665 0.3587962962962963 0.0234375 0.043055555555555555
0 0.47421875 0.26435185185185184 0.03333333333333333 0.04814814814814815
0 0.446875 0.34814814814814815 0.018229166666666668 0.037037037037037035
0 0.49635416666666665 0.31805555555555554 0.015364583333333333 0.03657407407407407
0 0.4505208333333333 0.3162037037037037 0.03046875 0.05138888888888889
0 0.5690104166666666 0.44212962962962965 0.04973958333333333 0.075
0 0.5002604166666667 0.4810185185185185 0.024479166666666666 0.0412037037037037
0 0.24791666666666667 0.23703703703703705 0.02734375 0.05925925925925926
0 0.5630208333333333 0.23703703703703705 0.026822916666666665 0.030555555555555555
0 0.6294270833333333 0.20879629629629629 0.062239583333333334 0.07777777777777778
0 0.6140625 0.20416666666666666 0.01796875 0.03009259259259259
0 0.9606770833333333 0.1837962962962963 0.02421875 0.03935185185185185
0 0.47578125 0.18564814814814815 0.07135416666666666 0.08333333333333333
0 0.4752604166666667 0.18287037037037038 0.02734375 0.046296296296296294
0 0.6153645833333333 0.2518518518518518 0.017708333333333333 0.05925925925925926
0 0.6541666666666667 0.17777777777777778 0.03411458333333333 0.0587962962962963
0 0.9822916666666667 0.1425925925925926 0.020572916666666666 0.03333333333333333
0 0.9450520833333333 0.1486111111111111 0.026302083333333334 0.03425925925925926
0 0.56328125 0.09907407407407408 0.020572916666666666 0.03935185185185185
0 0.4765625 0.06666666666666667 0.015885416666666666 0.03888888888888889
0 0.5505208333333333 0.058333333333333334 0.019010416666666665 0.03287037037037037
0 0.5453125 0.03194444444444444 0.06536458333333334 0.06527777777777778
0 0.6424479166666667 0.040740740740740744 0.05078125 0.08425925925925926
0 0.67578125 0.0412037037037037 0.028645833333333332 0.044444444444444446
0 0.7598958333333333 0.041666666666666664 0.024479166666666666 0.06018518518518518
0 0.9416666666666667 0.03425925925925926 0.028645833333333332 0.053703703703703705
0 0.6200520833333333 0.19490740740740742 0.0203125 0.03935185185185185
0 0.5184895833333333 0.014351851851851852 0.02109375 0.028703703703703703
0 0.9052083333333333 0.014351851851851852 0.030989583333333334 0.028703703703703703
0 0.6236979166666666 0.013888888888888888 0.02109375 0.027777777777777776
0 0.6390625 0.032407407407407406 0.021614583333333333 0.037037037037037035
