0 0.5098958333333333 0.34675925925925927 0.018489583333333334 0.04814814814814815
0 0.6252604166666667 0.5180555555555556 0.04869791666666667 0.0625
0 0.9611979166666667 0.5305555555555556 0.02421875 0.02962962962962963
0 0.9770833333333333 0.5388888888888889 0.024479166666666666 0.05925925925925926
0 0.8078125 0.5708333333333333 0.024739583333333332 0.044444444444444446
0 0.75546875 0.6199074074074075 0.03854166666666667 0.05324074074074074
0 0.6052083333333333 0.6337962962962963 0.026302083333333334 0.05277777777777778
0 0.5453125 0.7092592592592593 0.01953125 0.04537037037037037
0 0.628125 0.5907407407407408 0.02421875 0.04212962962962963
0 0.5263020833333333 0.4101851851851852 0.025260416666666667 0.05694444444444444
0 0.5052083333333334 0.5722222222222222 0.028385416666666666 0.03981481481481482
0 0.5049479166666667 0.5055555555555555 0.0265625 0.044444444444444446
0 0.4828125 0.3851851851851852 0.0234375 0.043055555555555555
0 0.47369791666666666 0.28935185185185186 0.03333333333333333 0.04814814814814815
0 0.44765625 0.375 0.018229166666666668 0.037037037037037035
0 0.50078125 0.3439814814814815 0.015364583333333333 0.03657407407407407
0 0.4479166666666667 0.3476851851851852 0.03046875 0.05138888888888889
0 0.5677083333333334 0.4703703703703704 0.04973958333333333 0.075
0 0.4981770833333333 0.48703703703703705 0.0234375 0.03935185185185185
0 0.24947916666666667 0.2625 0.02734375 0.05925925925925926
0 0.5596354166666667 0.2708333333333333 0.021354166666666667 0.043055555555555555
0 0.6296875 0.2388888888888889 0.059375 0.07407407407407407
0 0.6127604166666667 0.2361111111111111 0.016666666666666666 0.03009259259259259
0 0.9598958333333333 0.21203703703703702 0.02421875 0.03935185185185185
0 0.47552083333333334 0.21574074074074073 0.07135416666666666 0.08333333333333333
0 0.47421875 0.21342592592592594 0.02890625 0.04861111111111111
0 0.6143229166666667 0.2824074074074074 0.017708333333333333 0.05925925925925926
0 0.653125 0.20925925925925926 0.03411458333333333 0.0587962962962963
0 0.9765625 0.1685185185185185 0.020572916666666666 0.03333333333333333
0 0.94296875 0.17824074074074073 0.026302083333333334 0.03425925925925926
0 0.5627604166666667 0.12685185185185185 0.020572916666666666 0.03935185185185185
0 0.4752604166666667 0.09861111111111111 0.016666666666666666 0.040740740740740744
0 0.5489583333333333 0.0912037037037037 0.020052083333333335 0.034722222222222224
0 0.5442708333333334 0.06388888888888888 0.06536458333333334 0.06527777777777778
0 0.6411458333333333 0.056018518518518516 0.04895833333333333 0.09907407407407408
0 0.6760416666666667 0.07314814814814814 0.028645833333333332 0.044444444444444446
0 0.76171875 0.07407407407407407 0.02578125 0.06296296296296296
0 0.94140625 0.062037037037037036 0.028645833333333332 0.053703703703703705
0 0.61875 0.2199074074074074 0.021354166666666667 0.03935185185185185
0 0.51328125 0.04259259259259259 0.02109375 0.028703703703703703
0 0.90625 0.02824074074074074 0.030989583333333334 0.028703703703703703
0 0.6244791666666667 0.03425925925925926 0.02109375 0.027777777777777776
0 0.6393229166666666 0.0625 0.021614583333333333 0.037037037037037035
0 0.5166666666666667 0.022222222222222223 0.014322916666666666 0.03564814814814815
