0 0.8026041666666667 0.4587962962962963 0.01328125 0.03009259259259259
0 0.7888020833333333 0.4671296296296296 0.018229166666666668 0.021296296296296296
0 0.72890625 0.40694444444444444 0.025520833333333333 0.04259259259259259
0 0.76484375 0.20925925925925926 0.016927083333333332 0.029166666666666667
0 0.7463541666666667 0.18101851851851852 0.01953125 0.031018518518518518
0 0.72109375 0.2064814814814815 0.02109375 0.044444444444444446
0 0.6880208333333333 0.24259259259259258 0.034375 0.04490740740740741
0 0.5697916666666667 0.19537037037037036 0.019010416666666665 0.03148148148148148
0 0.53203125 0.1486111111111111 0.032552083333333336 0.058333333333333334
0 0.4075520833333333 0.12685185185185185 0.02890625 0.05694444444444444
0 0.31875 0.23935185185185184 0.01953125 0.03148148148148148
0 0.40729166666666666 0.28935185185185186 0.017447916666666667 0.03287037037037037
0 0.3796875 0.24583333333333332 0.016666666666666666 0.03796296296296296
0 0.4171875 0.23564814814814813 0.018229166666666668 0.032407407407407406
0 0.4296875 0.26851851851851855 0.02578125 0.05185185185185185
0 0.4627604166666667 0.24814814814814815 0.029947916666666668 0.06527777777777778
0 0.4703125 0.21944444444444444 0.039322916666666666 0.05648148148148148
0 0.459375 0.34814814814814815 0.036458333333333336 0.07546296296296297
0 0.5505208333333333 0.3421296296296296 0.023697916666666666 0.03194444444444444
0 0.3026041666666667 0.3578703703703704 0.02265625 0.03981481481481482
0 0.39140625 0.487962962962963 0.02578125 0.03518518518518519
0 0.44921875 0.5777777777777777 0.024739583333333332 0.037037037037037035
0 0.59921875 0.6574074074074074 0.023177083333333334 0.04027777777777778
0 0.75390625 0.6995370370370371 0.020052083333333335 0.024074074074074074
0 0.76796875 0.7212962962962963 0.019010416666666665 0.03657407407407407
0 0.5981770833333333 0.7453703703703703 0.018489583333333334 0.03333333333333333
0 0.5747395833333333 0.7282407407407407 0.026302083333333334 0.04814814814814815
0 0.46510416666666665 0.8768518518518519 0.018489583333333334 0.03796296296296296
0 0.44375 0.9351851851851852 0.01953125 0.04537037037037037
0 0.43828125 0.7541666666666667 0.04244791666666667 0.04351851851851852
0 0.43203125 0.687037037037037 0.019010416666666665 0.047685185185185185
0 0.39791666666666664 0.6277777777777778 0.028645833333333332 0.08009259259259259
0 0.315625 0.7282407407407407 0.020572916666666666 0.029166666666666667
0 0.29192708333333334 0.7652777777777777 0.030989583333333334 0.03564814814814815
0 0.28828125 0.7324074074074074 0.020572916666666666 0.030555555555555555
0 0.2872395833333333 0.5875 0.03828125 0.06157407407407407
0 0.2828125 0.6208333333333333 0.025 0.0375
0 0.35104166666666664 0.13703703703703704 0.054947916666666666 0.06157407407407407
0 0.41484375 0.21064814814814814 0.06484375 0.062037037037037036
0 0.4822916666666667 0.20324074074074075 0.06145833333333333 0.07222222222222222
0 0.43203125 0.11435185185185186 0.02421875 0.09953703703703703
0 0.04739583333333333 0.36574074074074076 0.040364583333333336 0.07268518518518519
0 0.15651041666666668 0.5699074074074074 0.019010416666666665 0.0375
0 0.22734375 0.6268518518518519 0.021354166666666667 0.04953703703703704
0 0.175 0.649537037037037 0.023177083333333334 0.03148148148148148
0 0.29765625 0.36944444444444446 0.06640625 0.08796296296296297
0 0.446875 0.3726851851851852 0.04921875 0.10416666666666667
