0 0.50859375 0.3768518518518518 0.017708333333333333 0.04583333333333333
0 0.6119791666666666 0.562962962962963 0.036458333333333336 0.056018518518518516
0 0.9606770833333333 0.5800925925925926 0.026822916666666665 0.03287037037037037
0 0.9744791666666667 0.586574074074074 0.023177083333333334 0.05648148148148148
0 0.8140625 0.6157407407407407 0.028645833333333332 0.05138888888888889
0 0.75703125 0.6694444444444444 0.026822916666666665 0.03888888888888889
0 0.5927083333333333 0.6643518518518519 0.025 0.050462962962962966
0 0.5395833333333333 0.7509259259259259 0.01953125 0.04537037037037037
0 0.6231770833333333 0.6337962962962963 0.02421875 0.04212962962962963
0 0.515625 0.43703703703703706 0.026302083333333334 0.03796296296296296
0 0.50078125 0.5939814814814814 0.02578125 0.03611111111111111
0 0.4859375 0.549074074074074 0.025260416666666667 0.04212962962962963
0 0.47890625 0.4009259259259259 0.0234375 0.043055555555555555
0 0.4713541666666667 0.3143518518518518 0.030208333333333334 0.04351851851851852
0 0.45598958333333334 0.4009259259259259 0.018229166666666668 0.037037037037037035
0 0.4973958333333333 0.36666666666666664 0.016145833333333335 0.038425925925925926
0 0.44973958333333336 0.37175925925925923 0.021875 0.033796296296296297
0 0.565625 0.5157407407407407 0.041666666666666664 0.07175925925925926
0 0.5010416666666667 0.5361111111111111 0.022395833333333334 0.0375
0 0.26223958333333336 0.30648148148148147 0.026041666666666668 0.05648148148148148
0 0.5536458333333333 0.3384259259259259 0.022395833333333334 0.04537037037037037
0 0.6278645833333333 0.2902777777777778 0.059375 0.07407407407407407
0 0.61328125 0.2861111111111111 0.0171875 0.028703703703703703
0 0.946875 0.24675925925925926 0.02421875 0.03935185185185185
0 0.465625 0.26435185185185184 0.06796875 0.07916666666666666
0 0.4669270833333333 0.26342592592592595 0.026041666666666668 0.04398148148148148
0 0.61484375 0.33240740740740743 0.016927083333333332 0.05648148148148148
0 0.6533854166666667 0.26296296296296295 0.032552083333333336 0.056018518518518516
0 0.96484375 0.1986111111111111 0.020572916666666666 0.03333333333333333
0 0.93671875 0.22777777777777777 0.026302083333333334 0.03425925925925926
0 0.5583333333333333 0.1736111111111111 0.020572916666666666 0.03935185185185185
0 0.465625 0.15138888888888888 0.017447916666666667 0.043055555555555555
0 0.5356770833333333 0.13796296296296295 0.020833333333333332 0.03611111111111111
0 0.5302083333333333 0.1111111111111111 0.06536458333333334 0.06527777777777778
0 0.6447916666666667 0.09305555555555556 0.04895833333333333 0.09907407407407408
0 0.6848958333333334 0.13240740740740742 0.03463541666666667 0.05416666666666667
0 0.7713541666666667 0.12268518518518519 0.02578125 0.04814814814814815
0 0.9434895833333333 0.11481481481481481 0.028645833333333332 0.053703703703703705
0 0.6278645833333333 0.2828703703703704 0.0203125 0.04351851851851852
0 0.90234375 0.08518518518518518 0.032552083333333336 0.053703703703703705
0 0.6205729166666667 0.07083333333333333 0.022135416666666668 0.029166666666666667
0 0.6369791666666667 0.10925925925925926 0.021614583333333333 0.037037037037037035
0 0.5075520833333333 0.08101851851851852 0.015104166666666667 0.0375
0 0.63125 0.024074074074074074 0.024739583333333332 0.04722222222222222
0 0.9466145833333334 0.01898148148148148 0.027604166666666666 0.038425925925925926
0 0.9684895833333333 0.019444444444444445 0.025 0.03657407407407407
0 0.5143229166666666 0.014814814814814815 0.059895833333333336 0.031018518518518518
