0 0.5067708333333333 0.3763888888888889 0.017708333333333333 0.04583333333333333
0 0.6145833333333334 0.5578703703703703 0.03463541666666667 0.05324074074074074
0 0.9598958333333333 0.5717592592592593 0.026822916666666665 0.03287037037037037
0 0.9744791666666667 0.5796296296296296 0.024479166666666666 0.05925925925925926
0 0.8111979166666666 0.6134259259259259 0.02734375 0.049074074074074076
0 0.75859375 0.6611111111111111 0.040364583333333336 0.05555555555555555
0 0.59765625 0.6648148148148149 0.026302083333333334 0.05277777777777778
0 0.54140625 0.7467592592592592 0.01953125 0.04537037037037037
0 0.6244791666666667 0.6287037037037037 0.02421875 0.04212962962962963
0 0.52265625 0.44166666666666665 0.026302083333333334 0.059722222222222225
0 0.5020833333333333 0.5990740740740741 0.027083333333333334 0.03796296296296296
0 0.4953125 0.5592592592592592 0.0265625 0.044444444444444446
0 0.4786458333333333 0.39861111111111114 0.0234375 0.043055555555555555
0 0.47265625 0.3199074074074074 0.03333333333333333 0.04814814814814815
0 0.45234375 0.40555555555555556 0.018229166666666668 0.037037037037037035
0 0.5002604166666667 0.37222222222222223 0.015364583333333333 0.03657407407407407
0 0.4505208333333333 0.387037037037037 0.02890625 0.049074074074074076
0 0.5635416666666667 0.5092592592592593 0.04973958333333333 0.075
0 0.4984375 0.5402777777777777 0.022395833333333334 0.0375
0 0.25494791666666666 0.2967592592592593 0.02734375 0.05925925925925926
0 0.5578125 0.32731481481481484 0.022395833333333334 0.04537037037037037
0 0.628125 0.2814814814814815 0.05651041666666667 0.07037037037037037
0 0.6135416666666667 0.2791666666666667 0.01640625 0.027314814814814816
0 0.9520833333333333 0.24861111111111112 0.02421875 0.03935185185185185
0 0.4705729166666667 0.25925925925925924 0.06796875 0.07916666666666666
0 0.46979166666666666 0.2587962962962963 0.02734375 0.046296296296296294
0 0.6125 0.32546296296296295 0.016927083333333332 0.05648148148148148
0 0.65234375 0.25277777777777777 0.03411458333333333 0.0587962962962963
0 0.9703125 0.1986111111111111 0.020572916666666666 0.03333333333333333
0 0.9390625 0.2199074074074074 0.026302083333333334 0.03425925925925926
0 0.55859375 0.1685185185185185 0.01953125 0.0375
0 0.46796875 0.14166666666666666 0.017447916666666667 0.043055555555555555
0 0.540625 0.13194444444444445 0.020052083333333335 0.034722222222222224
0 0.5356770833333333 0.10601851851851851 0.06875 0.06851851851851852
0 0.63828125 0.09768518518518518 0.04895833333333333 0.09907407407407408
0 0.6809895833333334 0.11898148148148148 0.03307291666666667 0.05138888888888889
0 0.7645833333333333 0.11296296296296296 0.02578125 0.06296296296296296
0 0.9419270833333333 0.10833333333333334 0.028645833333333332 0.053703703703703705
0 0.62734375 0.2759259259259259 0.0203125 0.04351851851851852
0 0.5096354166666667 0.08518518518518518 0.02109375 0.028703703703703703
0 0.903125 0.07916666666666666 0.032552083333333336 0.053703703703703705
0 0.6229166666666667 0.07083333333333333 0.019010416666666665 0.025
0 0.6354166666666666 0.10416666666666667 0.02265625 0.03888888888888889
0 0.5122395833333333 0.0712962962962963 0.015104166666666667 0.0375
0 0.6309895833333333 0.022685185185185187 0.024739583333333332 0.03981481481481482
0 0.9424479166666667 0.021296296296296296 0.027604166666666666 0.023148148148148147
0 0.9674479166666666 0.02361111111111111 0.023697916666666666 0.034722222222222224
0 0.5247395833333334 0.007407407407407408 0.05234375 0.020370370370370372
