0 0.8010416666666667 0.45185185185185184 0.01328125 0.03009259259259259
0 0.7864583333333334 0.46064814814814814 0.017447916666666667 0.020370370370370372
0 0.72734375 0.4 0.02421875 0.040740740740740744
0 0.76328125 0.2074074074074074 0.016927083333333332 0.029166666666666667
0 0.7447916666666666 0.1865740740740741 0.01953125 0.031018518518518518
0 0.7205729166666667 0.2037037037037037 0.02109375 0.044444444444444446
0 0.6671875 0.2462962962962963 0.03619791666666667 0.04722222222222222
0 0.5809895833333333 0.21296296296296297 0.020052083333333335 0.03287037037037037
0 0.5372395833333333 0.15 0.029427083333333333 0.05277777777777778
0 0.40651041666666665 0.12314814814814815 0.02890625 0.05694444444444444
0 0.3268229166666667 0.22916666666666666 0.020572916666666666 0.03287037037037037
0 0.40859375 0.29305555555555557 0.017447916666666667 0.03287037037037037
0 0.38359375 0.23287037037037037 0.017447916666666667 0.03981481481481482
0 0.4161458333333333 0.22592592592592592 0.019010416666666665 0.033796296296296297
0 0.42994791666666665 0.2638888888888889 0.02578125 0.05185185185185185
0 0.46067708333333335 0.2523148148148148 0.029947916666666668 0.06527777777777778
0 0.46432291666666664 0.21388888888888888 0.039322916666666666 0.05648148148148148
0 0.46067708333333335 0.3351851851851852 0.036458333333333336 0.07546296296296297
0 0.5453125 0.3347222222222222 0.023697916666666666 0.03194444444444444
0 0.30026041666666664 0.35185185185185186 0.02265625 0.03981481481481482
0 0.38828125 0.49907407407407406 0.02578125 0.03518518518518519
0 0.45598958333333334 0.5666666666666667 0.024739583333333332 0.037037037037037035
0 0.6122395833333333 0.6523148148148148 0.020052083333333335 0.034722222222222224
0 0.75390625 0.6856481481481481 0.019010416666666665 0.023148148148148147
0 0.76953125 0.7074074074074074 0.019010416666666665 0.03657407407407407
0 0.5963541666666666 0.7412037037037037 0.018489583333333334 0.03333333333333333
0 0.57734375 0.7217592592592592 0.026302083333333334 0.04814814814814815
0 0.46953125 0.8680555555555556 0.01953125 0.03981481481481482
0 0.4549479166666667 0.9328703703703703 0.01953125 0.04537037037037037
0 0.44140625 0.7472222222222222 0.04244791666666667 0.04351851851851852
0 0.43645833333333334 0.674074074074074 0.020052083333333335 0.05
0 0.4015625 0.6444444444444445 0.02734375 0.0763888888888889
0 0.31223958333333335 0.7236111111111111 0.020572916666666666 0.029166666666666667
0 0.2921875 0.7620370370370371 0.029427083333333333 0.033796296296296297
0 0.28567708333333336 0.7277777777777777 0.02265625 0.033796296296296297
0 0.28463541666666664 0.5731481481481482 0.03828125 0.06157407407407407
0 0.2903645833333333 0.6060185185185185 0.023697916666666666 0.03564814814814815
0 0.34765625 0.1361111111111111 0.054947916666666666 0.06157407407407407
0 0.41458333333333336 0.20046296296296295 0.06484375 0.062037037037037036
0 0.4796875 0.19953703703703704 0.06145833333333333 0.07222222222222222
0 0.4296875 0.10925925925925926 0.02421875 0.09953703703703703
0 0.05026041666666667 0.3425925925925926 0.040364583333333336 0.07268518518518519
0 0.15 0.5583333333333333 0.019010416666666665 0.0375
0 0.21015625 0.6162037037037037 0.018489583333333334 0.04259259259259259
0 0.16979166666666667 0.6606481481481481 0.02421875 0.03287037037037037
0 0.29765625 0.36435185185185187 0.06744791666666666 0.08703703703703704
0 0.45 0.3638888888888889 0.04921875 0.10740740740740741
