0 0.8104166666666667 0.4597222222222222 0.01328125 0.03009259259259259
0 0.7955729166666666 0.4703703703703704 0.018229166666666668 0.021296296296296296
0 0.7408854166666666 0.42083333333333334 0.025520833333333333 0.04259259259259259
0 0.7755208333333333 0.19675925925925927 0.016927083333333332 0.029166666666666667
0 0.7541666666666667 0.17453703703703705 0.021875 0.04212962962962963
0 0.7283854166666667 0.20787037037037037 0.02109375 0.044444444444444446
0 0.7057291666666666 0.2523148148148148 0.034375 0.04490740740740741
0 0.565625 0.18472222222222223 0.020052083333333335 0.03287037037037037
0 0.528125 0.1388888888888889 0.01875 0.06111111111111111
0 0.4125 0.12824074074074074 0.02890625 0.04490740740740741
0 0.32369791666666664 0.2537037037037037 0.01875 0.02962962962962963
0 0.41328125 0.29074074074074074 0.017447916666666667 0.03287037037037037
0 0.38385416666666666 0.25092592592592594 0.017447916666666667 0.03981481481481482
0 0.42239583333333336 0.24259259259259258 0.018229166666666668 0.032407407407407406
0 0.43333333333333335 0.2726851851851852 0.02578125 0.05185185185185185
0 0.4739583333333333 0.25092592592592594 0.015104166666666667 0.047685185185185185
0 0.4739583333333333 0.23055555555555557 0.0328125 0.05648148148148148
0 0.4630208333333333 0.35833333333333334 0.036458333333333336 0.07546296296296297
0 0.55390625 0.33935185185185185 0.023697916666666666 0.03194444444444444
0 0.30885416666666665 0.36157407407407405 0.02265625 0.03981481481481482
0 0.39401041666666664 0.47175925925925927 0.0234375 0.03194444444444444
0 0.45208333333333334 0.5824074074074074 0.026041666666666668 0.03888888888888889
0 0.59453125 0.6685185185185185 0.023177083333333334 0.04027777777777778
0 0.7640625 0.7092592592592593 0.020052083333333335 0.024074074074074074
0 0.7744791666666667 0.7236111111111111 0.019010416666666665 0.03657407407407407
0 0.6057291666666667 0.7490740740740741 0.018489583333333334 0.03333333333333333
0 0.578125 0.7425925925925926 0.034895833333333334 0.04814814814814815
0 0.46953125 0.8865740740740741 0.020572916666666666 0.041666666666666664
0 0.4401041666666667 0.9467592592592593 0.018489583333333334 0.043055555555555555
0 0.440625 0.762962962962963 0.043229166666666666 0.050462962962962966
0 0.4354166666666667 0.6930555555555555 0.019010416666666665 0.047685185185185185
0 0.4010416666666667 0.6180555555555556 0.029947916666666668 0.07268518518518519
0 0.321875 0.7356481481481482 0.01875 0.02638888888888889
0 0.2989583333333333 0.7712962962962963 0.030989583333333334 0.03564814814814815
0 0.2942708333333333 0.737037037037037 0.021614583333333333 0.032407407407407406
0 0.29296875 0.5949074074074074 0.029427083333333333 0.05277777777777778
0 0.27734375 0.6217592592592592 0.023697916666666666 0.03564814814814815
0 0.35390625 0.13657407407407407 0.054947916666666666 0.06157407407407407
0 0.4203125 0.2175925925925926 0.06484375 0.062037037037037036
0 0.48463541666666665 0.21574074074074073 0.05911458333333333 0.07592592592592592
0 0.4395833333333333 0.11666666666666667 0.02421875 0.09953703703703703
0 0.04296875 0.38287037037037036 0.04479166666666667 0.09305555555555556
0 0.178125 0.5768518518518518 0.020052083333333335 0.03935185185185185
0 0.24453125 0.6402777777777777 0.022395833333333334 0.05185185185185185
0 0.18515625 0.6412037037037037 0.023177083333333334 0.03148148148148148
0 0.30859375 0.37546296296296294 0.06380208333333333 0.09583333333333334
0 0.45260416666666664 0.3800925925925926 0.053385416666666664 0.10046296296296296
