0 0.884375 0.4324074074074074 0.0140625 0.03148148148148148
0 0.8734375 0.47638888888888886 0.019270833333333334 0.022685185185185187
0 0.83125 0.4444444444444444 0.025520833333333333 0.04259259259259259
0 0.8528645833333334 0.175 0.016927083333333332 0.029166666666666667
0 0.83359375 0.16805555555555557 0.021875 0.04212962962962963
0 0.80078125 0.21851851851851853 0.02109375 0.044444444444444446
0 0.8158854166666667 0.27175925925925926 0.04192708333333333 0.05462962962962963
0 0.61171875 0.1865740740740741 0.022135416666666668 0.03611111111111111
0 0.5596354166666667 0.17916666666666667 0.033854166666666664 0.08055555555555556
0 0.4875 0.1476851851851852 0.03046875 0.04722222222222222
0 0.3932291666666667 0.2828703703703704 0.01875 0.02962962962962963
0 0.48541666666666666 0.3055555555555556 0.018229166666666668 0.034722222222222224
0 0.44557291666666665 0.26481481481481484 0.018229166666666668 0.041666666666666664
0 0.49609375 0.25925925925925924 0.022135416666666668 0.03935185185185185
0 0.4934895833333333 0.2865740740740741 0.024479166666666666 0.04953703703703704
0 0.5361979166666667 0.2972222222222222 0.03125 0.052314814814814814
0 0.5390625 0.2518518518518518 0.0328125 0.05648148148148148
0 0.5390625 0.37083333333333335 0.027864583333333335 0.06296296296296296
0 0.6171875 0.33425925925925926 0.025 0.03333333333333333
0 0.38307291666666665 0.37037037037037035 0.02265625 0.03981481481481482
0 0.4661458333333333 0.44351851851851853 0.0234375 0.03194444444444444
0 0.5026041666666666 0.5810185185185185 0.024739583333333332 0.037037037037037035
0 0.6341145833333334 0.6851851851851852 0.025520833333333333 0.044444444444444446
0 0.8455729166666667 0.7212962962962963 0.020052083333333335 0.024074074074074074
0 0.85546875 0.7416666666666667 0.020833333333333332 0.04027777777777778
0 0.684375 0.7606481481481482 0.0203125 0.03657407407407407
0 0.65078125 0.7662037037037037 0.03671875 0.050462962962962966
0 0.5328125 0.8893518518518518 0.017708333333333333 0.03611111111111111
0 0.4942708333333333 0.9439814814814815 0.016927083333333332 0.03935185185185185
0 0.5096354166666667 0.7810185185185186 0.029427083333333333 0.05277777777777778
0 0.5018229166666667 0.7060185185185185 0.02109375 0.052314814814814814
0 0.46796875 0.6106481481481482 0.02578125 0.06296296296296296
0 0.3953125 0.7462962962962963 0.021614583333333333 0.030555555555555555
0 0.3625 0.8032407407407407 0.029427083333333333 0.033796296296296297
0 0.36953125 0.7407407407407407 0.023697916666666666 0.03564814814814815
0 0.3645833333333333 0.6083333333333333 0.021354166666666667 0.03888888888888889
0 0.32135416666666666 0.6273148148148148 0.020572916666666666 0.031018518518518518
0 0.42421875 0.14027777777777778 0.054947916666666666 0.06157407407407407
0 0.4895833333333333 0.23194444444444445 0.06796875 0.075
0 0.546875 0.24027777777777778 0.06197916666666667 0.07962962962962963
0 0.5182291666666666 0.11990740740740741 0.025520833333333333 0.10462962962962963
0 0.2598958333333333 0.5949074074074074 0.0359375 0.04351851851851852
0 0.3458333333333333 0.6574074074074074 0.028645833333333332 0.06574074074074074
0 0.27005208333333336 0.6370370370370371 0.028125 0.03796296296296296
0 0.38203125 0.3851851851851852 0.06380208333333333 0.09583333333333334
0 0.5234375 0.3976851851851852 0.05182291666666667 0.09675925925925925
0 0.10677083333333333 0.42268518518518516 0.04244791666666667 0.08333333333333333
