0 0.5067708333333333 0.37546296296296294 0.016927083333333332 0.04351851851851852
0 0.6104166666666667 0.5648148148148148 0.036458333333333336 0.056018518518518516
0 0.9606770833333333 0.5819444444444445 0.026822916666666665 0.03287037037037037
0 0.9752604166666666 0.5888888888888889 0.023177083333333334 0.05648148148148148
0 0.8145833333333333 0.6157407407407407 0.028645833333333332 0.05138888888888889
0 0.7578125 0.6680555555555555 0.026822916666666665 0.03888888888888889
0 0.5924479166666666 0.6601851851851852 0.025 0.050462962962962966
0 0.5390625 0.7509259259259259 0.01953125 0.04537037037037037
0 0.6239583333333333 0.6347222222222222 0.02421875 0.04212962962962963
0 0.515625 0.43703703703703706 0.026302083333333334 0.03796296296296296
0 0.49947916666666664 0.5949074074074074 0.02578125 0.03611111111111111
0 0.48411458333333335 0.5435185185185185 0.025260416666666667 0.04212962962962963
0 0.4786458333333333 0.3962962962962963 0.0234375 0.043055555555555555
0 0.47161458333333334 0.31203703703703706 0.03177083333333333 0.04583333333333333
0 0.45703125 0.39861111111111114 0.018229166666666668 0.037037037037037035
0 0.496875 0.36574074074074076 0.016145833333333335 0.038425925925925926
0 0.453125 0.37037037037037035 0.021875 0.033796296296296297
0 0.5611979166666666 0.5157407407407407 0.041666666666666664 0.07175925925925926
0 0.49635416666666665 0.5365740740740741 0.0234375 0.03935185185185185
0 0.2640625 0.30833333333333335 0.026041666666666668 0.05648148148148148
0 0.5520833333333334 0.3365740740740741 0.022395833333333334 0.04537037037037037
0 0.6278645833333333 0.2902777777777778 0.059375 0.07407407407407407
0 0.6130208333333333 0.2861111111111111 0.01796875 0.03009259259259259
0 0.9458333333333333 0.2462962962962963 0.02421875 0.03935185185185185
0 0.46588541666666666 0.26481481481481484 0.06796875 0.07916666666666666
0 0.4666666666666667 0.26481481481481484 0.026041666666666668 0.04398148148148148
0 0.6153645833333333 0.3333333333333333 0.016927083333333332 0.05648148148148148
0 0.6541666666666667 0.26435185185185184 0.032552083333333336 0.056018518518518516
0 0.9625 0.1986111111111111 0.020572916666666666 0.03333333333333333
0 0.9364583333333333 0.22824074074074074 0.026302083333333334 0.03425925925925926
0 0.5580729166666667 0.175 0.020572916666666666 0.03935185185185185
0 0.46510416666666665 0.1527777777777778 0.017447916666666667 0.043055555555555555
0 0.5348958333333333 0.1375 0.020833333333333332 0.03611111111111111
0 0.5286458333333334 0.11203703703703703 0.06536458333333334 0.06527777777777778
0 0.6458333333333334 0.09305555555555556 0.04895833333333333 0.09907407407407408
0 0.6869791666666667 0.1388888888888889 0.036458333333333336 0.05694444444444444
0 0.7736979166666667 0.12222222222222222 0.02578125 0.04814814814814815
0 0.9434895833333333 0.11296296296296296 0.028645833333333332 0.053703703703703705
0 0.6283854166666667 0.28425925925925927 0.0203125 0.04351851851851852
0 0.90234375 0.08518518518518518 0.032552083333333336 0.053703703703703705
0 0.6197916666666666 0.07083333333333333 0.023177083333333334 0.030555555555555555
0 0.63828125 0.10787037037037037 0.021614583333333333 0.037037037037037035
0 0.50703125 0.08101851851851852 0.015104166666666667 0.0375
0 0.63125 0.024537037037037038 0.024739583333333332 0.04861111111111111
0 0.9466145833333334 0.021296296296296296 0.027604166666666666 0.038425925925925926
0 0.9682291666666667 0.018055555555555554 0.025 0.03657407407407407
0 0.51875 0.015277777777777777 0.059895833333333336 0.031018518518518518
