0 0.50703125 0.37592592592592594 0.017708333333333333 0.04583333333333333
0 0.6140625 0.562037037037037 0.03463541666666667 0.05324074074074074
0 0.96015625 0.575462962962963 0.026822916666666665 0.03287037037037037
0 0.97421875 0.5833333333333334 0.023177083333333334 0.05648148148148148
0 0.8127604166666667 0.6157407407407407 0.028645833333333332 0.05138888888888889
0 0.7549479166666667 0.6699074074074074 0.028125 0.040740740740740744
0 0.5950520833333334 0.663425925925926 0.026302083333333334 0.05277777777777778
0 0.540625 0.75 0.01953125 0.04537037037037037
0 0.6234375 0.6328703703703704 0.02421875 0.04212962962962963
0 0.5213541666666667 0.44351851851851853 0.026302083333333334 0.059722222222222225
0 0.50078125 0.5986111111111111 0.02578125 0.03611111111111111
0 0.49140625 0.5569444444444445 0.025260416666666667 0.04212962962962963
0 0.4796875 0.4013888888888889 0.0234375 0.043055555555555555
0 0.47161458333333334 0.31805555555555554 0.03177083333333333 0.04583333333333333
0 0.45390625 0.4060185185185185 0.018229166666666668 0.037037037037037035
0 0.49921875 0.3712962962962963 0.016145833333333335 0.038425925925925926
0 0.4518229166666667 0.3939814814814815 0.03046875 0.05138888888888889
0 0.5625 0.512962962962963 0.04973958333333333 0.075
0 0.49713541666666666 0.5388888888888889 0.022395833333333334 0.0375
0 0.25755208333333335 0.30185185185185187 0.02734375 0.05925925925925926
0 0.5565104166666667 0.33287037037037037 0.022395833333333334 0.04537037037037037
0 0.6283854166666667 0.2847222222222222 0.059375 0.07407407407407407
0 0.61328125 0.2824074074074074 0.01640625 0.027314814814814816
0 0.95078125 0.24861111111111112 0.02421875 0.03935185185185185
0 0.46875 0.262037037037037 0.06796875 0.07916666666666666
0 0.46901041666666665 0.26157407407407407 0.026041666666666668 0.04398148148148148
0 0.61328125 0.3287037037037037 0.016927083333333332 0.05648148148148148
0 0.6528645833333333 0.25787037037037036 0.03411458333333333 0.0587962962962963
0 0.9674479166666666 0.19953703703703704 0.020572916666666666 0.03333333333333333
0 0.9385416666666667 0.22361111111111112 0.026302083333333334 0.03425925925925926
0 0.5583333333333333 0.17314814814814813 0.020572916666666666 0.03935185185185185
0 0.4671875 0.14537037037037037 0.017447916666666667 0.043055555555555555
0 0.5395833333333333 0.13564814814814816 0.020833333333333332 0.03611111111111111
0 0.5338541666666666 0.10833333333333334 0.06536458333333334 0.06527777777777778
0 0.6401041666666667 0.09444444444444444 0.04895833333333333 0.09907407407407408
0 0.6815104166666667 0.12268518518518519 0.03463541666666667 0.05416666666666667
0 0.76953125 0.11851851851851852 0.02578125 0.04814814814814815
0 0.9432291666666667 0.11203703703703703 0.028645833333333332 0.053703703703703705
0 0.6268229166666667 0.27870370370370373 0.0203125 0.04351851851851852
0 0.903125 0.08194444444444444 0.032552083333333336 0.053703703703703705
0 0.6223958333333334 0.07314814814814814 0.020052083333333335 0.02638888888888889
0 0.63515625 0.10740740740740741 0.02265625 0.03888888888888889
0 0.5104166666666666 0.0763888888888889 0.015104166666666667 0.0375
0 0.6307291666666667 0.022222222222222223 0.024739583333333332 0.04583333333333333
0 0.9421875 0.018518518518518517 0.027604166666666666 0.038425925925925926
0 0.9682291666666667 0.01574074074074074 0.023697916666666666 0.034722222222222224
0 0.521875 0.015277777777777777 0.059895833333333336 0.031018518518518518
