0 0.50859375 0.3768518518518518 0.017708333333333333 0.04583333333333333
0 0.6127604166666667 0.5615740740740741 0.036458333333333336 0.056018518518518516
0 0.9614583333333333 0.5787037037037037 0.026822916666666665 0.03287037037037037
0 0.97421875 0.5861111111111111 0.023177083333333334 0.05648148148148148
0 0.8138020833333334 0.6162037037037037 0.028645833333333332 0.05138888888888889
0 0.7572916666666667 0.6685185185185185 0.028125 0.040740740740740744
0 0.59296875 0.6662037037037037 0.026302083333333334 0.05277777777777778
0 0.5401041666666667 0.7513888888888889 0.01953125 0.04537037037037037
0 0.6234375 0.6337962962962963 0.02421875 0.04212962962962963
0 0.515625 0.4375 0.026302083333333334 0.03796296296296296
0 0.5028645833333333 0.5967592592592592 0.02578125 0.03611111111111111
0 0.48984375 0.5550925925925926 0.025260416666666667 0.04212962962962963
0 0.4791666666666667 0.4023148148148148 0.0234375 0.043055555555555555
0 0.471875 0.31527777777777777 0.030208333333333334 0.04351851851851852
0 0.4546875 0.40324074074074073 0.018229166666666668 0.037037037037037035
0 0.4986979166666667 0.36944444444444446 0.016145833333333335 0.038425925925925926
0 0.45260416666666664 0.39490740740740743 0.03046875 0.05138888888888889
0 0.5622395833333333 0.5143518518518518 0.04973958333333333 0.075
0 0.4984375 0.5416666666666666 0.022395833333333334 0.0375
0 0.26015625 0.3050925925925926 0.026041666666666668 0.05648148148148148
0 0.5552083333333333 0.33796296296296297 0.022395833333333334 0.04537037037037037
0 0.628125 0.2884259259259259 0.059375 0.07407407407407407
0 0.6135416666666667 0.2847222222222222 0.0171875 0.028703703703703703
0 0.9497395833333333 0.24722222222222223 0.02421875 0.03935185185185185
0 0.4666666666666667 0.26435185185185184 0.06796875 0.07916666666666666
0 0.46770833333333334 0.262037037037037 0.026041666666666668 0.04398148148148148
0 0.61484375 0.33101851851851855 0.016927083333333332 0.05648148148148148
0 0.653125 0.2611111111111111 0.032552083333333336 0.056018518518518516
0 0.96640625 0.20046296296296295 0.020572916666666666 0.03333333333333333
0 0.9380208333333333 0.22592592592592592 0.026302083333333334 0.03425925925925926
0 0.55859375 0.175 0.020572916666666666 0.03935185185185185
0 0.4669270833333333 0.1486111111111111 0.017447916666666667 0.043055555555555555
0 0.5380208333333333 0.1361111111111111 0.020833333333333332 0.03611111111111111
0 0.5322916666666667 0.10972222222222222 0.06536458333333334 0.06527777777777778
0 0.6421875 0.09444444444444444 0.04895833333333333 0.09907407407407408
0 0.6828125 0.12962962962962962 0.03463541666666667 0.05416666666666667
0 0.7697916666666667 0.12175925925925926 0.02578125 0.04814814814814815
0 0.9432291666666667 0.11435185185185186 0.028645833333333332 0.053703703703703705
0 0.62734375 0.2810185185185185 0.0203125 0.04351851851851852
0 0.903125 0.0837962962962963 0.032552083333333336 0.053703703703703705
0 0.621875 0.07222222222222222 0.02109375 0.027777777777777776
0 0.6354166666666666 0.11018518518518519 0.02265625 0.03888888888888889
0 0.5083333333333333 0.08009259259259259 0.015104166666666667 0.0375
0 0.6309895833333333 0.02361111111111111 0.024739583333333332 0.04583333333333333
0 0.9453125 0.01898148148148148 0.027604166666666666 0.038425925925925926
0 0.9684895833333333 0.01898148148148148 0.023697916666666666 0.034722222222222224
0 0.5231770833333333 0.015277777777777777 0.059895833333333336 0.031018518518518518
