0 0.9252604166666667 0.36574074074074076 0.01328125 0.03009259259259259
0 0.9315104166666667 0.44212962962962965 0.022395833333333334 0.025925925925925925
0 0.88515625 0.39814814814814814 0.026822916666666665 0.04490740740740741
0 0.9078125 0.13842592592592592 0.016927083333333332 0.029166666666666667
0 0.8880208333333334 0.1337962962962963 0.021875 0.04212962962962963
0 0.8526041666666667 0.19675925925925927 0.023177083333333334 0.049074074074074076
0 0.88828125 0.23657407407407408 0.04401041666666667 0.05740740740740741
0 0.6463541666666667 0.16342592592592592 0.046875 0.03796296296296296
0 0.5958333333333333 0.16342592592592592 0.03828125 0.05462962962962963
0 0.5486979166666667 0.11203703703703703 0.03046875 0.04722222222222222
0 0.43854166666666666 0.25555555555555554 0.020572916666666666 0.03287037037037037
0 0.5286458333333334 0.2800925925925926 0.017447916666666667 0.03287037037037037
0 0.4908854166666667 0.2351851851851852 0.018229166666666668 0.041666666666666664
0 0.5421875 0.23148148148148148 0.022135416666666668 0.03935185185185185
0 0.54765625 0.2800925925925926 0.0234375 0.07037037037037037
0 0.5770833333333333 0.2689814814814815 0.034375 0.038425925925925926
0 0.5841145833333333 0.22268518518518518 0.03125 0.053703703703703705
0 0.5895833333333333 0.3425925925925926 0.0265625 0.06018518518518518
0 0.6627604166666666 0.2851851851851852 0.026041666666666668 0.03518518518518519
0 0.434375 0.337037037037037 0.02265625 0.03981481481481482
0 0.5182291666666666 0.39305555555555555 0.02109375 0.029166666666666667
0 0.5083333333333333 0.5689814814814815 0.01953125 0.026851851851851852
0 0.6604166666666667 0.6486111111111111 0.026822916666666665 0.04675925925925926
0 0.8989583333333333 0.6842592592592592 0.02421875 0.02962962962962963
0 0.9083333333333333 0.7027777777777777 0.023177083333333334 0.044444444444444446
0 0.7348958333333333 0.7277777777777777 0.021354166666666667 0.038425925925925926
0 0.6916666666666667 0.7444444444444445 0.03333333333333333 0.04583333333333333
0 0.5765625 0.850462962962963 0.01953125 0.03981481481481482
0 0.534375 0.9009259259259259 0.016145833333333335 0.0375
0 0.5598958333333334 0.7481481481481481 0.028125 0.050462962962962966
0 0.5416666666666666 0.6555555555555556 0.039322916666666666 0.062037037037037036
0 0.5205729166666667 0.5435185185185185 0.03619791666666667 0.049074074074074076
0 0.44296875 0.7050925925925926 0.02265625 0.03194444444444444
0 0.4197916666666667 0.7620370370370371 0.03854166666666667 0.052314814814814814
0 0.41953125 0.7162037037037037 0.023697916666666666 0.03564814814814815
0 0.4203125 0.5671296296296297 0.024739583333333332 0.04490740740740741
0 0.3692708333333333 0.575462962962963 0.021614583333333333 0.032407407407407406
0 0.47291666666666665 0.10231481481481482 0.054947916666666666 0.06157407407407407
0 0.5388020833333333 0.20277777777777778 0.06484375 0.0712962962962963
0 0.59296875 0.21157407407407408 0.06197916666666667 0.07962962962962963
0 0.5731770833333333 0.08101851851851852 0.025520833333333333 0.10462962962962963
0 0.3184895833333333 0.5597222222222222 0.03958333333333333 0.04814814814814815
0 0.41041666666666665 0.6268518518518519 0.03177083333333333 0.07268518518518519
0 0.33307291666666666 0.6037037037037037 0.025520833333333333 0.034722222222222224
0 0.43359375 0.350462962962963 0.06380208333333333 0.09583333333333334
0 0.5723958333333333 0.37037037037037035 0.05182291666666667 0.09675925925925925
0 0.15833333333333333 0.399537037037037 0.03697916666666667 0.0787037037037037
