0 0.96796875 0.033796296296296297 0.0265625 0.06759259259259259
0 0.98359375 0.0912037037037037 0.021354166666666667 0.04490740740740741
0 0.9479166666666666 0.029166666666666667 0.026822916666666665 0.04537037037037037
0 0.6361979166666667 0.03611111111111111 0.03411458333333333 0.05
0 0.47942708333333334 0.019444444444444445 0.02265625 0.03981481481481482
0 0.5614583333333333 0.05648148148148148 0.022395833333333334 0.030555555555555555
0 0.5502604166666667 0.27361111111111114 0.023697916666666666 0.032407407407407406
0 0.6598958333333333 0.34953703703703703 0.046614583333333334 0.05925925925925926
0 0.9559895833333333 0.3625 0.029427083333333333 0.03611111111111111
0 0.9627604166666667 0.3726851851851852 0.02421875 0.04675925925925926
0 0.78671875 0.3962962962962963 0.021354166666666667 0.038425925925925926
0 0.7283854166666667 0.4337962962962963 0.03333333333333333 0.04583333333333333
0 0.61796875 0.5087962962962963 0.025 0.050462962962962966
0 0.5611979166666666 0.5546296296296296 0.01953125 0.04537037037037037
0 0.6169270833333333 0.4300925925925926 0.022916666666666665 0.03981481481481482
0 0.5325520833333334 0.22916666666666666 0.03984375 0.05416666666666667
0 0.5046875 0.412962962962963 0.03229166666666667 0.04351851851851852
0 0.49557291666666664 0.3726851851851852 0.0328125 0.05
0 0.48776041666666664 0.22685185185185186 0.028645833333333332 0.052314814814814814
0 0.43854166666666666 0.20879629629629629 0.025 0.03518518518518519
0 0.39401041666666664 0.2263888888888889 0.041666666666666664 0.050462962962962966
0 0.496875 0.2847222222222222 0.03307291666666667 0.04212962962962963
0 0.40234375 0.26342592592592595 0.030989583333333334 0.04212962962962963
0 0.478125 0.034722222222222224 0.06380208333333333 0.09583333333333334
0 0.6169270833333333 0.053703703703703705 0.05859375 0.0763888888888889
0 0.21901041666666668 0.11990740740740741 0.03515625 0.04351851851851852
0 0.47942708333333334 0.4462962962962963 0.0484375 0.0824074074074074
0 0.5729166666666666 0.31805555555555554 0.04296875 0.07268518518518519
