0 0.8013020833333333 0.45092592592592595 0.01328125 0.03009259259259259
0 0.7885416666666667 0.4601851851851852 0.017447916666666667 0.020370370370370372
0 0.72734375 0.40185185185185185 0.02421875 0.040740740740740744
0 0.7645833333333333 0.20879629629629629 0.016927083333333332 0.029166666666666667
0 0.7458333333333333 0.18703703703703703 0.01953125 0.031018518518518518
0 0.7208333333333333 0.20324074074074075 0.02109375 0.044444444444444446
0 0.6708333333333333 0.24861111111111112 0.03619791666666667 0.04722222222222222
0 0.5794270833333334 0.21157407407407408 0.020052083333333335 0.03287037037037037
0 0.53828125 0.15046296296296297 0.029427083333333333 0.05277777777777778
0 0.40625 0.12407407407407407 0.02890625 0.05694444444444444
0 0.3260416666666667 0.22962962962962963 0.020572916666666666 0.03287037037037037
0 0.40859375 0.29212962962962963 0.017447916666666667 0.03287037037037037
0 0.38385416666666666 0.2337962962962963 0.017447916666666667 0.03981481481481482
0 0.41692708333333334 0.22824074074074074 0.019010416666666665 0.033796296296296297
0 0.4309895833333333 0.26435185185185184 0.02578125 0.05185185185185185
0 0.46067708333333335 0.24953703703703703 0.029947916666666668 0.06527777777777778
0 0.46848958333333335 0.21203703703703702 0.039322916666666666 0.05648148148148148
0 0.4609375 0.3388888888888889 0.036458333333333336 0.07546296296296297
0 0.54765625 0.337037037037037 0.023697916666666666 0.03194444444444444
0 0.30182291666666666 0.3527777777777778 0.02265625 0.03981481481481482
0 0.390625 0.4986111111111111 0.02578125 0.03518518518518519
0 0.45546875 0.5703703703703704 0.024739583333333332 0.037037037037037035
0 0.6109375 0.6532407407407408 0.020052083333333335 0.034722222222222224
0 0.7533854166666667 0.6888888888888889 0.019010416666666665 0.023148148148148147
0 0.7692708333333333 0.7078703703703704 0.019010416666666665 0.03657407407407407
0 0.5971354166666667 0.7416666666666667 0.018489583333333334 0.03333333333333333
0 0.5765625 0.7226851851851852 0.026302083333333334 0.04814814814814815
0 0.4700520833333333 0.8703703703703703 0.01953125 0.03981481481481482
0 0.4544270833333333 0.9356481481481481 0.01953125 0.04537037037037037
0 0.4401041666666667 0.7509259259259259 0.04244791666666667 0.04351851851851852
0 0.43776041666666665 0.6754629629629629 0.020052083333333335 0.05
0 0.40260416666666665 0.6393518518518518 0.02734375 0.0763888888888889
0 0.3140625 0.725462962962963 0.020572916666666666 0.029166666666666667
0 0.29270833333333335 0.762962962962963 0.030989583333333334 0.03564814814814815
0 0.2869791666666667 0.7277777777777777 0.02265625 0.033796296296296297
0 0.28802083333333334 0.5787037037037037 0.03828125 0.06157407407407407
0 0.29010416666666666 0.6092592592592593 0.023697916666666666 0.03564814814814815
0 0.35208333333333336 0.13518518518518519 0.054947916666666666 0.06157407407407407
0 0.4166666666666667 0.20277777777777778 0.06484375 0.062037037037037036
0 0.48203125 0.19768518518518519 0.06145833333333333 0.07222222222222222
0 0.43072916666666666 0.1111111111111111 0.02421875 0.09953703703703703
0 0.051041666666666666 0.3453703703703704 0.04244791666666667 0.0763888888888889
0 0.15104166666666666 0.5611111111111111 0.019010416666666665 0.0375
0 0.21067708333333332 0.6175925925925926 0.018489583333333334 0.04259259259259259
0 0.17161458333333332 0.6587962962962963 0.02421875 0.03287037037037037
0 0.2981770833333333 0.3662037037037037 0.06536458333333334 0.08518518518518518
0 0.44817708333333334 0.3680555555555556 0.04869791666666667 0.11018518518518519
