0 0.8973958333333333 0.42777777777777776 0.0140625 0.03148148148148148
0 0.8880208333333334 0.4759259259259259 0.0203125 0.02361111111111111
0 0.8442708333333333 0.44074074074074077 0.025520833333333333 0.04259259259259259
0 0.8669270833333333 0.17407407407407408 0.016927083333333332 0.029166666666666667
0 0.8481770833333333 0.16944444444444445 0.022916666666666665 0.044444444444444446
0 0.8140625 0.22314814814814815 0.022135416666666668 0.04675925925925926
0 0.8354166666666667 0.2712962962962963 0.04401041666666667 0.05740740740740741
0 0.6213541666666667 0.18935185185185185 0.04453125 0.03611111111111111
0 0.57109375 0.18101851851851852 0.03828125 0.08935185185185185
0 0.503125 0.14907407407407408 0.03046875 0.04722222222222222
0 0.40677083333333336 0.28425925925925927 0.01875 0.02962962962962963
0 0.4973958333333333 0.3050925925925926 0.017447916666666667 0.03287037037037037
0 0.45651041666666664 0.2611111111111111 0.019270833333333334 0.04398148148148148
0 0.5083333333333333 0.25787037037037036 0.023177083333333334 0.0412037037037037
0 0.50546875 0.28888888888888886 0.0234375 0.04722222222222222
0 0.5502604166666667 0.2898148148148148 0.0328125 0.03657407407407407
0 0.5520833333333334 0.25277777777777777 0.0328125 0.05648148148148148
0 0.5518229166666667 0.3712962962962963 0.027864583333333335 0.06296296296296296
0 0.62890625 0.33101851851851855 0.025 0.03333333333333333
0 0.3971354166666667 0.3736111111111111 0.02265625 0.03981481481481482
0 0.4786458333333333 0.4375 0.022395833333333334 0.030555555555555555
0 0.503125 0.5842592592592593 0.026041666666666668 0.03888888888888889
0 0.6432291666666666 0.6842592592592592 0.025520833333333333 0.044444444444444446
0 0.86171875 0.7199074074074074 0.020833333333333332 0.02546296296296296
0 0.8692708333333333 0.7435185185185185 0.023177083333333334 0.044444444444444446
0 0.6986979166666667 0.7597222222222222 0.021354166666666667 0.038425925925925926
0 0.6609375 0.7685185185185185 0.03671875 0.050462962962962966
0 0.5450520833333333 0.8888888888888888 0.018489583333333334 0.03796296296296296
0 0.5075520833333333 0.9393518518518519 0.016927083333333332 0.03935185185185185
0 0.5260416666666666 0.7800925925925926 0.028125 0.050462962962962966
0 0.5096354166666667 0.6986111111111111 0.02109375 0.052314814814814814
0 0.4783854166666667 0.6037037037037037 0.02578125 0.06296296296296296
0 0.4080729166666667 0.7444444444444445 0.021614583333333333 0.030555555555555555
0 0.37552083333333336 0.8046296296296296 0.029427083333333333 0.033796296296296297
0 0.3809895833333333 0.7425925925925926 0.023697916666666666 0.03564814814814815
0 0.37942708333333336 0.6055555555555555 0.022395833333333334 0.040740740740740744
0 0.33203125 0.6287037037037037 0.020572916666666666 0.031018518518518518
0 0.4375 0.14027777777777778 0.054947916666666666 0.06157407407407407
0 0.5026041666666666 0.23148148148148148 0.06796875 0.075
0 0.5598958333333334 0.24166666666666667 0.06197916666666667 0.07962962962962963
0 0.5322916666666667 0.11898148148148148 0.025520833333333333 0.10462962962962963
0 0.27291666666666664 0.5944444444444444 0.0359375 0.04351851851851852
0 0.36432291666666666 0.6555555555555556 0.028645833333333332 0.06574074074074074
0 0.28802083333333334 0.6342592592592593 0.026822916666666665 0.03611111111111111
0 0.39505208333333336 0.38564814814814813 0.06380208333333333 0.09583333333333334
0 0.5361979166666667 0.39861111111111114 0.05182291666666667 0.09675925925925925
0 0.1203125 0.425 0.04244791666666667 0.08333333333333333
