0 0.9546875 0.20046296296296295 0.020833333333333332 0.05277777777777778
0 0.9669270833333333 0.2625 0.0203125 0.04259259259259259
0 0.9229166666666667 0.21574074074074073 0.028125 0.04722222222222222
0 0.8846354166666667 0.03611111111111111 0.024479166666666666 0.05138888888888889
0 0.9236979166666667 0.07222222222222222 0.03229166666666667 0.06296296296296296
0 0.6583333333333333 0.030555555555555555 0.04192708333333333 0.03796296296296296
0 0.6239583333333333 0.024537037037037038 0.03463541666666667 0.04953703703703704
0 0.46067708333333335 0.08981481481481482 0.020572916666666666 0.03287037037037037
0 0.56171875 0.12268518518518519 0.016666666666666666 0.03148148148148148
0 0.5122395833333333 0.07592592592592592 0.021354166666666667 0.04861111111111111
0 0.5591145833333333 0.0837962962962963 0.02421875 0.043055555555555555
0 0.5786458333333333 0.1310185185185185 0.02578125 0.07777777777777778
0 0.58828125 0.13148148148148148 0.0296875 0.03333333333333333
0 0.6096354166666667 0.07268518518518519 0.0328125 0.05648148148148148
0 0.621875 0.19444444444444445 0.04010416666666667 0.05416666666666667
0 0.6963541666666667 0.11898148148148148 0.02734375 0.03796296296296296
0 0.465625 0.1814814814814815 0.02265625 0.03981481481481482
0 0.55 0.22175925925925927 0.0234375 0.03194444444444444
0 0.5411458333333333 0.4287037037037037 0.0203125 0.02824074074074074
0 0.6614583333333334 0.5064814814814815 0.0421875 0.053703703703703705
0 0.9333333333333333 0.5254629629629629 0.029427083333333333 0.03611111111111111
0 0.9440104166666666 0.5444444444444444 0.02421875 0.04675925925925926
0 0.76875 0.5657407407407408 0.0203125 0.03657407407407407
0 0.709375 0.5967592592592592 0.03177083333333333 0.04351851851851852
0 0.6028645833333334 0.6851851851851852 0.020572916666666666 0.041666666666666664
0 0.5557291666666667 0.7384259259259259 0.016927083333333332 0.03935185185185185
0 0.59765625 0.5875 0.028125 0.050462962962962966
0 0.56328125 0.48657407407407405 0.0375 0.05925925925925926
0 0.5322916666666667 0.38935185185185184 0.03619791666666667 0.049074074074074076
0 0.47942708333333334 0.5726851851851852 0.038802083333333334 0.046296296296296294
0 0.45859375 0.6092592592592593 0.0453125 0.05740740740740741
0 0.4825520833333333 0.5560185185185185 0.034375 0.05277777777777778
0 0.4627604166666667 0.399537037037037 0.0234375 0.043055555555555555
0 0.40651041666666665 0.4041666666666667 0.023697916666666666 0.03333333333333333
0 0.5598958333333334 0.05787037037037037 0.06796875 0.075
0 0.6171875 0.06435185185185185 0.05911458333333333 0.07592592592592592
0 0.36432291666666666 0.39537037037037037 0.041666666666666664 0.050462962962962966
0 0.47109375 0.45 0.029947916666666668 0.038425925925925926
0 0.3768229166666667 0.44027777777777777 0.028125 0.03796296296296296
0 0.46510416666666665 0.19583333333333333 0.06380208333333333 0.09583333333333334
0 0.6013020833333333 0.22037037037037038 0.049479166666666664 0.09212962962962963
0 0.19375 0.27685185185185185 0.038802083333333334 0.04814814814814815
