0 0.5380208333333333 0.27546296296296297 0.031510416666666666 0.04351851851851852
0 0.6333333333333333 0.3837962962962963 0.04869791666666667 0.0625
0 0.9658854166666667 0.3925925925925926 0.02421875 0.02962962962962963
0 0.9796875 0.4 0.02109375 0.05138888888888889
0 0.8052083333333333 0.4361111111111111 0.024739583333333332 0.044444444444444446
0 0.7536458333333333 0.4787037037037037 0.034895833333333334 0.04814814814814815
0 0.6104166666666667 0.5041666666666667 0.025 0.050462962962962966
0 0.5518229166666667 0.5648148148148148 0.021614583333333333 0.05
0 0.6315104166666666 0.45555555555555555 0.027864583333333335 0.04861111111111111
0 0.51875 0.22037037037037038 0.023958333333333335 0.05416666666666667
0 0.5033854166666667 0.4439814814814815 0.028385416666666666 0.03981481481481482
0 0.4986979166666667 0.37453703703703706 0.023958333333333335 0.055092592592592596
0 0.48541666666666666 0.26064814814814813 0.022395833333333334 0.0412037037037037
0 0.4744791666666667 0.16805555555555557 0.03177083333333333 0.04583333333333333
0 0.446875 0.2518518518518518 0.018229166666666668 0.037037037037037035
0 0.49661458333333336 0.21851851851851853 0.02734375 0.034722222222222224
0 0.446875 0.21898148148148147 0.02890625 0.049074074074074076
0 0.5721354166666667 0.33611111111111114 0.04739583333333333 0.0712962962962963
0 0.5067708333333333 0.4115740740740741 0.024479166666666666 0.0412037037037037
0 0.24765625 0.13287037037037036 0.02734375 0.05925925925925926
0 0.5671875 0.11944444444444445 0.028125 0.03194444444444444
0 0.6299479166666667 0.10462962962962963 0.05651041666666667 0.07083333333333333
0 0.6158854166666666 0.09351851851851851 0.0171875 0.028703703703703703
0 0.9651041666666667 0.0787037037037037 0.022135416666666668 0.03564814814814815
0 0.48098958333333336 0.0763888888888889 0.07135416666666666 0.08333333333333333
0 0.4783854166666667 0.07268518518518519 0.025 0.041666666666666664
0 0.6208333333333333 0.0712962962962963 0.0234375 0.032407407407407406
0 0.6174479166666667 0.14027777777777778 0.016927083333333332 0.05648148148148148
0 0.65625 0.06712962962962964 0.030989583333333334 0.05324074074074074
0 0.98515625 0.03657407407407407 0.021614583333333333 0.03518518518518519
0 0.9473958333333333 0.041666666666666664 0.026302083333333334 0.03425925925925926
