0 0.9640625 0.05 0.025260416666666667 0.06435185185185185
0 0.98203125 0.1111111111111111 0.022395833333333334 0.04675925925925926
0 0.94453125 0.05138888888888889 0.025520833333333333 0.043055555555555555
0 0.5916666666666667 0.002777777777777778 0.018229166666666668 0.06342592592592593
0 0.6046875 0.006481481481481481 0.019791666666666666 0.043055555555555555
0 0.6341145833333334 0.05648148148148148 0.03411458333333333 0.05
0 0.47760416666666666 0.03888888888888889 0.02265625 0.03981481481481482
0 0.5598958333333334 0.07685185185185185 0.022395833333333334 0.030555555555555555
0 0.55 0.2902777777777778 0.023697916666666666 0.032407407407407406
0 0.6606770833333333 0.36898148148148147 0.046614583333333334 0.05925925925925926
0 0.9520833333333333 0.3814814814814815 0.029427083333333333 0.03611111111111111
0 0.9611979166666667 0.3925925925925926 0.02421875 0.04675925925925926
0 0.7848958333333333 0.41712962962962963 0.021354166666666667 0.038425925925925926
0 0.7270833333333333 0.4546296296296296 0.03177083333333333 0.04351851851851852
0 0.6166666666666667 0.5296296296296297 0.023697916666666666 0.04814814814814815
0 0.5604166666666667 0.5768518518518518 0.018489583333333334 0.043055555555555555
0 0.6151041666666667 0.44907407407407407 0.022916666666666665 0.03981481481481482
0 0.5317708333333333 0.2490740740740741 0.03984375 0.05416666666666667
0 0.50390625 0.4324074074074074 0.030729166666666665 0.041666666666666664
0 0.4942708333333333 0.3939814814814815 0.0328125 0.05
0 0.4856770833333333 0.24675925925925926 0.028645833333333332 0.052314814814814814
0 0.4348958333333333 0.2300925925925926 0.023697916666666666 0.03333333333333333
0 0.3890625 0.24861111111111112 0.041666666666666664 0.050462962962962966
0 0.496875 0.30416666666666664 0.03307291666666667 0.04212962962962963
0 0.39947916666666666 0.28425925925925927 0.030989583333333334 0.04212962962962963
0 0.4783854166666667 0.05787037037037037 0.06380208333333333 0.09583333333333334
0 0.61484375 0.07546296296296297 0.05859375 0.0763888888888889
0 0.21666666666666667 0.13935185185185187 0.03515625 0.04351851851851852
0 0.47734375 0.46574074074074073 0.0484375 0.0824074074074074
0 0.5723958333333333 0.3398148148148148 0.04296875 0.07268518518518519
