0 0.55 0.09675925925925925 0.028645833333333332 0.03981481481481482
0 0.6614583333333334 0.1925925925925926 0.044270833333333336 0.05648148148148148
0 0.9721354166666667 0.1935185185185185 0.028125 0.03425925925925926
0 0.9807291666666667 0.20092592592592592 0.020052083333333335 0.049074074074074076
0 0.8002604166666667 0.22916666666666666 0.023697916666666666 0.04259259259259259
0 0.7455729166666667 0.2824074074074074 0.03333333333333333 0.04583333333333333
0 0.6236979166666666 0.3263888888888889 0.025 0.050462962962962966
0 0.5645833333333333 0.3712962962962963 0.021614583333333333 0.05
0 0.6317708333333333 0.26342592592592595 0.025260416666666667 0.04398148148148148
0 0.5260416666666666 0.04953703703703704 0.03984375 0.05416666666666667
0 0.51328125 0.25 0.033854166666666664 0.04583333333333333
0 0.50703125 0.19768518518518519 0.03619791666666667 0.055092592592592596
0 0.5033854166666667 0.05324074074074074 0.02734375 0.04953703703703704
0 0.46953125 0.000462962962962963 0.030208333333333334 0.05462962962962963
0 0.4231770833333333 0.04814814814814815 0.04375 0.05277777777777778
0 0.50234375 0.11296296296296296 0.029947916666666668 0.038425925925925926
0 0.4296875 0.0824074074074074 0.03411458333333333 0.046296296296296294
0 0.5815104166666667 0.14722222222222223 0.04088541666666667 0.06157407407407407
0 0.49583333333333335 0.2763888888888889 0.0390625 0.05648148148148148
