0 0.9604166666666667 0.1259259259259259 0.022916666666666665 0.058333333333333334
0 0.9731770833333333 0.18333333333333332 0.0234375 0.04953703703703704
0 0.9348958333333334 0.14351851851851852 0.028125 0.04722222222222222
0 0.9328125 0.000462962962962963 0.033854166666666664 0.06296296296296296
0 0.46458333333333335 0.019444444444444445 0.023697916666666666 0.03796296296296296
0 0.5697916666666667 0.05092592592592592 0.018229166666666668 0.034722222222222224
0 0.5161458333333333 0.004629629629629629 0.021354166666666667 0.04861111111111111
0 0.5614583333333333 0.012962962962962963 0.02421875 0.043055555555555555
0 0.5885416666666666 0.07268518518518519 0.028385416666666666 0.06342592592592593
0 0.5947916666666667 0.06944444444444445 0.020833333333333332 0.04537037037037037
0 0.6145833333333334 0.000462962962962963 0.034375 0.05925925925925926
0 0.63046875 0.12129629629629629 0.032552083333333336 0.047685185185185185
0 0.70546875 0.041666666666666664 0.030208333333333334 0.041666666666666664
0 0.47265625 0.1125 0.02265625 0.03981481481481482
0 0.5528645833333333 0.15324074074074073 0.022395833333333334 0.030555555555555555
0 0.5484375 0.3625 0.022395833333333334 0.031018518518518518
0 0.65703125 0.44166666666666665 0.046614583333333334 0.05925925925925926
0 0.9416666666666667 0.4546296296296296 0.029427083333333333 0.03611111111111111
0 0.9528645833333333 0.46805555555555556 0.02421875 0.04675925925925926
0 0.7770833333333333 0.4935185185185185 0.021354166666666667 0.038425925925925926
0 0.7190104166666667 0.5296296296296297 0.03177083333333333 0.04351851851851852
0 0.6114583333333333 0.6074074074074074 0.02265625 0.04583333333333333
0 0.5591145833333333 0.6578703703703703 0.018489583333333334 0.043055555555555555
0 0.6065104166666667 0.5208333333333334 0.022916666666666665 0.03981481481481482
0 0.5341145833333333 0.3263888888888889 0.03619791666666667 0.049074074074074076
0 0.49192708333333335 0.5060185185185185 0.030729166666666665 0.041666666666666664
0 0.48515625 0.4666666666666667 0.03125 0.047685185185185185
0 0.4734375 0.32592592592592595 0.026041666666666668 0.04722222222222222
0 0.42109375 0.32592592592592595 0.02265625 0.03194444444444444
0 0.5559895833333334 0.000462962962962963 0.06796875 0.06342592592592593
0 0.6229166666666667 0.000462962962962963 0.05911458333333333 0.07222222222222222
0 0.37604166666666666 0.3236111111111111 0.04375 0.05277777777777778
0 0.4890625 0.37916666666666665 0.034895833333333334 0.044444444444444446
0 0.3893229166666667 0.3625 0.030989583333333334 0.04212962962962963
0 0.4713541666666667 0.12824074074074074 0.06380208333333333 0.09583333333333334
0 0.6075520833333333 0.14814814814814814 0.049479166666666664 0.09212962962962963
0 0.20598958333333334 0.21064814814814814 0.03515625 0.04351851851851852
0 0.46927083333333336 0.5412037037037037 0.0484375 0.0824074074074074
0 0.5684895833333333 0.4152777777777778 0.04296875 0.07268518518518519
