0 0.9565104166666667 0.18009259259259258 0.020833333333333332 0.05277777777777778
0 0.9682291666666667 0.2412037037037037 0.021354166666666667 0.04490740740740741
0 0.9268229166666667 0.19490740740740742 0.028125 0.04722222222222222
0 0.8859375 0.01574074074074074 0.024479166666666666 0.05138888888888889
0 0.9255208333333333 0.05462962962962963 0.03229166666666667 0.06296296296296296
0 0.6502604166666667 0.01898148148148148 0.021875 0.03796296296296296
0 0.62421875 0.000462962962962963 0.03463541666666667 0.04953703703703704
0 0.46145833333333336 0.06898148148148148 0.020572916666666666 0.03287037037037037
0 0.5638020833333334 0.1037037037037037 0.017447916666666667 0.03287037037037037
0 0.5145833333333333 0.05740740740740741 0.021354166666666667 0.04861111111111111
0 0.5598958333333334 0.06666666666666667 0.02421875 0.043055555555555555
0 0.5796875 0.12083333333333333 0.02578125 0.05740740740740741
0 0.5947916666666667 0.1175925925925926 0.028385416666666666 0.04537037037037037
0 0.6127604166666667 0.05324074074074074 0.034375 0.05925925925925926
0 0.6231770833333333 0.17685185185185184 0.04010416666666667 0.05416666666666667
0 0.69921875 0.09814814814814815 0.02734375 0.03796296296296296
0 0.4671875 0.16342592592592592 0.02265625 0.03981481481481482
0 0.5520833333333334 0.2023148148148148 0.022395833333333334 0.030555555555555555
0 0.5440104166666667 0.412962962962963 0.021354166666666667 0.02962962962962963
0 0.6588541666666666 0.49027777777777776 0.0421875 0.053703703703703705
0 0.9359375 0.5069444444444444 0.030989583333333334 0.0375
0 0.9471354166666667 0.524537037037037 0.02421875 0.04675925925925926
0 0.7708333333333334 0.5467592592592593 0.021354166666666667 0.038425925925925926
0 0.7111979166666667 0.5828703703703704 0.030208333333333334 0.041666666666666664
0 0.60546875 0.6648148148148149 0.021614583333333333 0.04351851851851852
0 0.5565104166666667 0.7175925925925926 0.016927083333333332 0.03935185185185185
0 0.6013020833333333 0.5680555555555555 0.028125 0.050462962962962966
0 0.53359375 0.37083333333333335 0.03619791666666667 0.049074074074074076
0 0.4822916666666667 0.5541666666666667 0.03697916666666667 0.04398148148148148
0 0.4856770833333333 0.5375 0.034375 0.05277777777777778
0 0.46484375 0.38333333333333336 0.024739583333333332 0.04490740740740741
0 0.4109375 0.38425925925925924 0.023697916666666666 0.03333333333333333
0 0.5606770833333333 0.04027777777777778 0.06796875 0.075
0 0.6200520833333333 0.04351851851851852 0.05911458333333333 0.07592592592592592
0 0.3697916666666667 0.37824074074074077 0.041666666666666664 0.050462962962962966
0 0.47604166666666664 0.4324074074074074 0.031510416666666666 0.04027777777777778
0 0.37942708333333336 0.42777777777777776 0.029427083333333333 0.03981481481481482
0 0.4666666666666667 0.1787037037037037 0.06380208333333333 0.09583333333333334
0 0.6028645833333334 0.20185185185185187 0.049479166666666664 0.09212962962962963
0 0.19739583333333333 0.26064814814814813 0.03697916666666667 0.04583333333333333
0 0.45364583333333336 0.5935185185185186 0.04609375 0.0787037037037037
0 0.5627604166666667 0.4722222222222222 0.04296875 0.07268518518518519
