0 0.90546875 0.4148148148148148 0.0140625 0.03148148148148148
0 0.9046875 0.4722222222222222 0.022395833333333334 0.025925925925925925
0 0.8541666666666666 0.4305555555555556 0.025520833333333333 0.04259259259259259
0 0.8815104166666666 0.16898148148148148 0.016927083333333332 0.029166666666666667
0 0.8625 0.1648148148148148 0.021875 0.04212962962962963
0 0.8268229166666666 0.22407407407407406 0.022135416666666668 0.04675925925925926
0 0.85625 0.26296296296296295 0.04401041666666667 0.05740740740740741
0 0.63359375 0.1875 0.046875 0.03796296296296296
0 0.584375 0.17824074074074073 0.03828125 0.08935185185185185
0 0.5161458333333333 0.14351851851851852 0.03046875 0.04722222222222222
0 0.41744791666666664 0.2828703703703704 0.01875 0.02962962962962963
0 0.5088541666666667 0.30185185185185187 0.017447916666666667 0.03287037037037037
0 0.46848958333333335 0.2564814814814815 0.018229166666666668 0.041666666666666664
0 0.5216145833333333 0.2537037037037037 0.022135416666666668 0.03935185185185185
0 0.5158854166666667 0.287962962962963 0.0234375 0.04722222222222222
0 0.5609375 0.287962962962963 0.034375 0.038425925925925926
0 0.5635416666666667 0.24953703703703703 0.0328125 0.05648148148148148
0 0.5645833333333333 0.36898148148148147 0.027864583333333335 0.06296296296296296
0 0.6401041666666667 0.32314814814814813 0.026041666666666668 0.03518518518518519
0 0.41041666666666665 0.3680555555555556 0.02265625 0.03981481481481482
0 0.49375 0.43194444444444446 0.022395833333333334 0.030555555555555555
0 0.50390625 0.5787037037037037 0.02734375 0.040740740740740744
0 0.6505208333333333 0.6800925925925926 0.025520833333333333 0.044444444444444446
0 0.8744791666666667 0.7157407407407408 0.022135416666666668 0.026851851851851852
0 0.8830729166666667 0.7388888888888889 0.023177083333333334 0.044444444444444446
0 0.7122395833333334 0.7537037037037037 0.021354166666666667 0.038425925925925926
0 0.6723958333333333 0.7643518518518518 0.03671875 0.050462962962962966
0 0.5565104166666667 0.8837962962962963 0.01953125 0.03981481481481482
0 0.5182291666666666 0.9333333333333333 0.016145833333333335 0.0375
0 0.5390625 0.7773148148148148 0.028125 0.050462962962962966
0 0.52265625 0.6916666666666667 0.0375 0.05925925925925926
0 0.49114583333333334 0.5986111111111111 0.02578125 0.06296296296296296
0 0.42239583333333336 0.7407407407407407 0.021614583333333333 0.030555555555555555
0 0.3890625 0.8041666666666667 0.029427083333333333 0.033796296296296297
0 0.3966145833333333 0.7449074074074075 0.02265625 0.033796296296296297
0 0.39375 0.6 0.0234375 0.043055555555555555
0 0.3450520833333333 0.6231481481481481 0.021614583333333333 0.032407407407407406
0 0.44947916666666665 0.13472222222222222 0.054947916666666666 0.06157407407407407
0 0.5153645833333333 0.22916666666666666 0.06796875 0.075
0 0.57265625 0.2375 0.06197916666666667 0.07962962962962963
0 0.5466145833333333 0.11296296296296296 0.02421875 0.09953703703703703
0 0.2859375 0.5925925925925926 0.037760416666666664 0.04583333333333333
0 0.3796875 0.6518518518518519 0.030208333333333334 0.06898148148148148
0 0.30442708333333335 0.6296296296296297 0.026822916666666665 0.03611111111111111
0 0.4080729166666667 0.3824074074074074 0.06380208333333333 0.09583333333333334
0 0.5494791666666666 0.3962962962962963 0.05182291666666667 0.09675925925925925
0 0.13046875 0.43148148148148147 0.03515625 0.075
