0 0.5473958333333333 0.08611111111111111 0.029947916666666668 0.041666666666666664
0 0.6588541666666666 0.1824074074074074 0.044270833333333336 0.05648148148148148
0 0.9747395833333333 0.1837962962962963 0.028125 0.03425925925925926
0 0.9815104166666667 0.19398148148148148 0.020052083333333335 0.049074074074074076
0 0.8020833333333334 0.22175925925925927 0.023697916666666666 0.04259259259259259
0 0.7497395833333333 0.274537037037037 0.03177083333333333 0.04351851851851852
0 0.621875 0.31712962962962965 0.025 0.050462962962962966
0 0.5635416666666667 0.3680555555555556 0.020572916666666666 0.047685185185185185
0 0.634375 0.25416666666666665 0.025260416666666667 0.04398148148148148
0 0.52578125 0.033796296296296297 0.023958333333333335 0.05416666666666667
0 0.51640625 0.23657407407407408 0.028385416666666666 0.03981481481481482
0 0.5091145833333334 0.18703703703703703 0.034375 0.05277777777777778
0 0.5052083333333334 0.03657407407407407 0.024739583333333332 0.04490740740740741
0 0.4765625 0.000462962962962963 0.030208333333333334 0.047685185185185185
0 0.428125 0.032407407407407406 0.04375 0.05277777777777778
0 0.50234375 0.09814814814814815 0.029947916666666668 0.038425925925925926
0 0.43776041666666665 0.07222222222222222 0.03567708333333333 0.04861111111111111
0 0.5809895833333333 0.13796296296296295 0.04088541666666667 0.06157407407407407
0 0.5 0.2550925925925926 0.024479166666666666 0.0412037037037037
