0 0.5401041666666667 0.20185185185185187 0.031510416666666666 0.04351851851851852
0 0.64140625 0.31157407407407406 0.044270833333333336 0.05648148148148148
0 0.9674479166666666 0.3143518518518518 0.026822916666666665 0.032407407407407406
0 0.9809895833333333 0.325 0.02109375 0.05138888888888889
0 0.8013020833333333 0.36342592592592593 0.024739583333333332 0.044444444444444446
0 0.75546875 0.40370370370370373 0.034895833333333334 0.04814814814814815
0 0.6130208333333333 0.43287037037037035 0.025 0.050462962962962966
0 0.5583333333333333 0.4861111111111111 0.020572916666666666 0.047685185185185185
0 0.6317708333333333 0.38333333333333336 0.025260416666666667 0.04398148148148148
0 0.5203125 0.15 0.023958333333333335 0.05416666666666667
0 0.5057291666666667 0.350462962962963 0.028385416666666666 0.03981481481481482
0 0.5075520833333333 0.30324074074074076 0.03619791666666667 0.055092592592592596
0 0.5013020833333334 0.15138888888888888 0.0234375 0.043055555555555555
0 0.4747395833333333 0.09861111111111111 0.030208333333333334 0.05462962962962963
0 0.43776041666666665 0.15185185185185185 0.048177083333333336 0.058333333333333334
0 0.4934895833333333 0.2037037037037037 0.028645833333333332 0.03657407407407407
0 0.44375 0.18518518518518517 0.027604166666666666 0.04675925925925926
0 0.5752604166666667 0.2638888888888889 0.04505208333333333 0.06805555555555555
0 0.5065104166666666 0.37546296296296294 0.024479166666666666 0.0412037037037037
0 0.24557291666666667 0.059722222222222225 0.026041666666666668 0.05648148148148148
0 0.6200520833333333 0.0712962962962963 0.01875 0.046296296296296294
0 0.5674479166666667 0.038425925925925926 0.029427083333333333 0.022222222222222223
0 0.6315104166666666 0.03518518518518519 0.05651041666666667 0.07083333333333333
0 0.61953125 0.022222222222222223 0.01796875 0.03009259259259259
0 0.9674479166666666 0.018518518518518517 0.02109375 0.033796296296296297
0 0.4890625 0.019444444444444445 0.051041666666666666 0.03935185185185185
