0 0.9205729166666666 0.37824074074074077 0.01328125 0.03009259259259259
0 0.928125 0.4513888888888889 0.022395833333333334 0.025925925925925925
0 0.8770833333333333 0.40694444444444444 0.026822916666666665 0.04490740740740741
0 0.903125 0.14814814814814814 0.016927083333333332 0.029166666666666667
0 0.884375 0.1439814814814815 0.021875 0.04212962962962963
0 0.8479166666666667 0.2050925925925926 0.023177083333333334 0.049074074074074076
0 0.88359375 0.2462962962962963 0.04401041666666667 0.05740740740740741
0 0.64296875 0.1685185185185185 0.046875 0.03796296296296296
0 0.5932291666666667 0.17037037037037037 0.03828125 0.05462962962962963
0 0.54296875 0.12175925925925926 0.03046875 0.04722222222222222
0 0.43515625 0.26481481481481484 0.01953125 0.03148148148148148
0 0.52421875 0.28703703703703703 0.017447916666666667 0.03287037037037037
0 0.4861979166666667 0.24305555555555555 0.018229166666666668 0.041666666666666664
0 0.5390625 0.23935185185185184 0.022135416666666668 0.03935185185185185
0 0.5434895833333333 0.28564814814814815 0.0234375 0.07037037037037037
0 0.5747395833333333 0.27546296296296297 0.034375 0.038425925925925926
0 0.5799479166666667 0.23148148148148148 0.03125 0.053703703703703705
0 0.5848958333333333 0.3509259259259259 0.0265625 0.06018518518518518
0 0.6575520833333334 0.2972222222222222 0.026041666666666668 0.03518518518518519
0 0.43046875 0.3458333333333333 0.02265625 0.03981481481481482
0 0.51484375 0.4041666666666667 0.02109375 0.029166666666666667
0 0.50234375 0.5763888888888888 0.018489583333333334 0.02546296296296296
0 0.65859375 0.6597222222222222 0.026822916666666665 0.04675925925925926
0 0.8947916666666667 0.6944444444444444 0.023177083333333334 0.02824074074074074
0 0.9036458333333334 0.7129629629629629 0.023177083333333334 0.044444444444444446
0 0.7302083333333333 0.7375 0.021354166666666667 0.038425925925925926
0 0.68984375 0.7486111111111111 0.03333333333333333 0.04583333333333333
0 0.5734375 0.8592592592592593 0.01953125 0.03981481481481482
0 0.5325520833333334 0.9097222222222222 0.016145833333333335 0.0375
0 0.5578125 0.7583333333333333 0.028125 0.050462962962962966
0 0.5380208333333333 0.6652777777777777 0.039322916666666666 0.062037037037037036
0 0.5203125 0.5546296296296296 0.03619791666666667 0.049074074074074076
0 0.4401041666666667 0.7162037037037037 0.02265625 0.03194444444444444
0 0.40989583333333335 0.7796296296296297 0.029427083333333333 0.033796296296296297
0 0.4192708333333333 0.725925925925926 0.02265625 0.033796296296296297
0 0.4153645833333333 0.5763888888888888 0.024739583333333332 0.04490740740740741
0 0.36380208333333336 0.5879629629629629 0.021614583333333333 0.032407407407407406
0 0.46901041666666665 0.1125 0.054947916666666666 0.06157407407407407
0 0.5341145833333333 0.2111111111111111 0.06484375 0.0712962962962963
0 0.5895833333333333 0.21898148148148147 0.06197916666666667 0.07962962962962963
0 0.56796875 0.09027777777777778 0.025520833333333333 0.10462962962962963
0 0.31223958333333335 0.5675925925925925 0.03958333333333333 0.04814814814814815
0 0.4049479166666667 0.6342592592592593 0.030208333333333334 0.06898148148148148
0 0.32708333333333334 0.6134259259259259 0.026822916666666665 0.03611111111111111
0 0.42890625 0.3587962962962963 0.06380208333333333 0.09583333333333334
0 0.56796875 0.37824074074074077 0.05182291666666667 0.09675925925925925
0 0.15416666666666667 0.40694444444444444 0.03697916666666667 0.0787037037037037
