0 0.8041666666666667 0.4583333333333333 0.01328125 0.03009259259259259
0 0.7908854166666667 0.4689814814814815 0.018229166666666668 0.021296296296296296
0 0.7315104166666667 0.4148148148148148 0.025520833333333333 0.04259259259259259
0 0.7684895833333333 0.20324074074074075 0.016927083333333332 0.029166666666666667
0 0.7481770833333333 0.17962962962962964 0.01953125 0.031018518518518518
0 0.72265625 0.20787037037037037 0.02109375 0.044444444444444446
0 0.6932291666666667 0.24537037037037038 0.034375 0.04490740740740741
0 0.56640625 0.19212962962962962 0.019010416666666665 0.03148148148148148
0 0.5325520833333334 0.14537037037037037 0.03411458333333333 0.06111111111111111
0 0.4083333333333333 0.12962962962962962 0.02890625 0.05694444444444444
0 0.31875 0.24305555555555555 0.01953125 0.03148148148148148
0 0.40859375 0.28935185185185186 0.017447916666666667 0.03287037037037037
0 0.37994791666666666 0.24722222222222223 0.016666666666666666 0.03796296296296296
0 0.41875 0.2388888888888889 0.018229166666666668 0.032407407407407406
0 0.43046875 0.2708333333333333 0.02578125 0.05185185185185185
0 0.46328125 0.2513888888888889 0.029947916666666668 0.06527777777777778
0 0.4713541666666667 0.22453703703703703 0.039322916666666666 0.05648148148148148
0 0.459375 0.3523148148148148 0.036458333333333336 0.07546296296296297
0 0.5513020833333333 0.34074074074074073 0.023697916666666666 0.03194444444444444
0 0.30390625 0.36018518518518516 0.02265625 0.03981481481481482
0 0.39166666666666666 0.48055555555555557 0.024479166666666666 0.03333333333333333
0 0.44921875 0.5782407407407407 0.026041666666666668 0.03888888888888889
0 0.5979166666666667 0.6601851851851852 0.023177083333333334 0.04027777777777778
0 0.7580729166666667 0.7032407407407407 0.020052083333333335 0.024074074074074074
0 0.7697916666666667 0.7236111111111111 0.019010416666666665 0.03657407407407407
0 0.5997395833333333 0.7467592592592592 0.018489583333333334 0.03333333333333333
0 0.5752604166666667 0.7305555555555555 0.026302083333333334 0.04814814814814815
0 0.46640625 0.8800925925925925 0.018489583333333334 0.03796296296296296
0 0.44244791666666666 0.9388888888888889 0.01953125 0.04537037037037037
0 0.43854166666666666 0.7587962962962963 0.04453125 0.04583333333333333
0 0.4317708333333333 0.6902777777777778 0.019010416666666665 0.047685185185185185
0 0.3984375 0.624537037037037 0.026041666666666668 0.07268518518518519
0 0.315625 0.7324074074074074 0.020572916666666666 0.029166666666666667
0 0.2947916666666667 0.7703703703703704 0.029427083333333333 0.033796296296296297
0 0.28984375 0.7347222222222223 0.020572916666666666 0.030555555555555555
0 0.28932291666666665 0.5902777777777778 0.04010416666666667 0.06481481481481481
0 0.2794270833333333 0.6231481481481481 0.023697916666666666 0.03564814814814815
0 0.3515625 0.13657407407407407 0.054947916666666666 0.06157407407407407
0 0.4158854166666667 0.21388888888888888 0.06484375 0.062037037037037036
0 0.4830729166666667 0.20833333333333334 0.06145833333333333 0.07222222222222222
0 0.43411458333333336 0.11574074074074074 0.02421875 0.09953703703703703
0 0.04114583333333333 0.3726851851851852 0.042708333333333334 0.08842592592592592
0 0.16380208333333332 0.5722222222222222 0.019010416666666665 0.0375
0 0.23203125 0.6324074074074074 0.022395833333333334 0.05185185185185185
0 0.17760416666666667 0.6370370370370371 0.023177083333333334 0.03148148148148148
0 0.29921875 0.37083333333333335 0.06432291666666666 0.09074074074074075
0 0.446875 0.3768518518518518 0.048177083333333336 0.09953703703703703
