0 0.8236979166666667 0.4601851851851852 0.0140625 0.03148148148148148
0 0.8065104166666667 0.4708333333333333 0.018229166666666668 0.021296296296296296
0 0.7549479166666667 0.42083333333333334 0.025520833333333333 0.04259259259259259
0 0.7859375 0.1925925925925926 0.016927083333333332 0.029166666666666667
0 0.7669270833333334 0.1712962962962963 0.021875 0.04212962962962963
0 0.7390625 0.21064814814814814 0.02109375 0.044444444444444446
0 0.7223958333333333 0.2574074074074074 0.034375 0.04490740740740741
0 0.5697916666666667 0.18055555555555555 0.020052083333333335 0.03287037037037037
0 0.53359375 0.13564814814814816 0.01796875 0.058333333333333334
0 0.42239583333333336 0.13287037037037036 0.02890625 0.04490740740740741
0 0.3338541666666667 0.25925925925925924 0.017708333333333333 0.02824074074074074
0 0.42265625 0.2949074074074074 0.016666666666666666 0.03148148148148148
0 0.39010416666666664 0.25277777777777777 0.017447916666666667 0.03981481481481482
0 0.4315104166666667 0.25092592592592594 0.018229166666666668 0.032407407407407406
0 0.44375 0.27685185185185185 0.0234375 0.04722222222222222
0 0.48359375 0.2550925925925926 0.015885416666666666 0.05
0 0.48359375 0.2351851851851852 0.0328125 0.05648148148148148
0 0.47239583333333335 0.36435185185185187 0.036458333333333336 0.07546296296296297
0 0.5622395833333333 0.3375 0.023697916666666666 0.03194444444444444
0 0.31953125 0.36527777777777776 0.02265625 0.03981481481481482
0 0.40338541666666666 0.4652777777777778 0.0234375 0.03194444444444444
0 0.4622395833333333 0.5819444444444445 0.026041666666666668 0.03888888888888889
0 0.5989583333333334 0.6717592592592593 0.023177083333333334 0.04027777777777778
0 0.7770833333333333 0.7138888888888889 0.020052083333333335 0.024074074074074074
0 0.78671875 0.7310185185185185 0.019010416666666665 0.03657407407407407
0 0.6174479166666667 0.750462962962963 0.018489583333333334 0.03333333333333333
0 0.5895833333333333 0.7458333333333333 0.034895833333333334 0.04814814814814815
0 0.4783854166666667 0.887962962962963 0.01953125 0.03981481481481482
0 0.4471354166666667 0.9453703703703704 0.017708333333333333 0.0412037037037037
0 0.4505208333333333 0.7671296296296296 0.043229166666666666 0.050462962962962966
0 0.4432291666666667 0.7 0.020052083333333335 0.05
0 0.40963541666666664 0.6143518518518518 0.029947916666666668 0.07268518518518519
0 0.33177083333333335 0.7379629629629629 0.01953125 0.027777777777777776
0 0.30859375 0.774074074074074 0.030989583333333334 0.03564814814814815
0 0.30520833333333336 0.7398148148148148 0.021614583333333333 0.032407407407407406
0 0.3026041666666667 0.5967592592592592 0.029427083333333333 0.05277777777777778
0 0.28177083333333336 0.6222222222222222 0.02265625 0.033796296296296297
0 0.3640625 0.1375 0.054947916666666666 0.06157407407407407
0 0.42916666666666664 0.2222222222222222 0.06796875 0.06527777777777778
0 0.4942708333333333 0.2199074074074074 0.05911458333333333 0.07592592592592592
0 0.4510416666666667 0.1175925925925926 0.02421875 0.09953703703703703
0 0.052083333333333336 0.39351851851851855 0.042708333333333334 0.08842592592592592
0 0.19505208333333332 0.5833333333333334 0.022135416666666668 0.04351851851851852
0 0.2625 0.6476851851851851 0.023697916666666666 0.05416666666666667
0 0.2 0.6388888888888888 0.025520833333333333 0.034722222222222224
0 0.32005208333333335 0.3800925925925926 0.06380208333333333 0.09583333333333334
0 0.46041666666666664 0.3837962962962963 0.05234375 0.09768518518518518
