0 0.8778645833333333 0.4356481481481482 0.0140625 0.03148148148148148
0 0.8653645833333333 0.47638888888888886 0.019270833333333334 0.022685185185185187
0 0.8190104166666666 0.44351851851851853 0.02421875 0.040740740740740744
0 0.8432291666666667 0.17592592592592593 0.016927083333333332 0.029166666666666667
0 0.8252604166666667 0.1675925925925926 0.021875 0.04212962962962963
0 0.7932291666666667 0.21574074074074073 0.02109375 0.044444444444444446
0 0.8052083333333333 0.2712962962962963 0.04192708333333333 0.05462962962962963
0 0.6067708333333334 0.1865740740740741 0.022135416666666668 0.03611111111111111
0 0.55390625 0.17546296296296296 0.033854166666666664 0.08055555555555556
0 0.47890625 0.14675925925925926 0.03046875 0.04722222222222222
0 0.3846354166666667 0.28194444444444444 0.01875 0.02962962962962963
0 0.47890625 0.30648148148148147 0.018229166666666668 0.034722222222222224
0 0.4395833333333333 0.26435185185185184 0.018229166666666668 0.041666666666666664
0 0.4869791666666667 0.25972222222222224 0.020833333333333332 0.037037037037037035
0 0.48723958333333334 0.28425925925925927 0.0234375 0.04722222222222222
0 0.5286458333333334 0.2935185185185185 0.0296875 0.05
0 0.5317708333333333 0.25092592592592594 0.0328125 0.05648148148148148
0 0.5309895833333333 0.36944444444444446 0.027864583333333335 0.06296296296296296
0 0.6098958333333333 0.3333333333333333 0.025 0.03333333333333333
0 0.375 0.37083333333333335 0.02265625 0.03981481481481482
0 0.4583333333333333 0.4449074074074074 0.022395833333333334 0.030555555555555555
0 0.5 0.5800925925925926 0.024739583333333332 0.037037037037037035
0 0.6294270833333333 0.6819444444444445 0.024479166666666666 0.04212962962962963
0 0.83671875 0.7212962962962963 0.020052083333333335 0.024074074074074074
0 0.8473958333333333 0.7407407407407407 0.020052083333333335 0.038425925925925926
0 0.6752604166666667 0.7601851851851852 0.0203125 0.03657407407407407
0 0.6424479166666667 0.7657407407407407 0.03671875 0.050462962962962966
0 0.5263020833333333 0.887962962962963 0.017708333333333333 0.03611111111111111
0 0.48854166666666665 0.9467592592592593 0.016927083333333332 0.03935185185185185
0 0.5028645833333333 0.7796296296296297 0.029427083333333333 0.05277777777777778
0 0.49375 0.7064814814814815 0.02109375 0.052314814814814814
0 0.459375 0.611574074074074 0.02578125 0.06296296296296296
0 0.38645833333333335 0.7453703703703703 0.021614583333333333 0.030555555555555555
0 0.3546875 0.799074074074074 0.028125 0.032407407407407406
0 0.3606770833333333 0.7388888888888889 0.02265625 0.033796296296296297
0 0.35625 0.6064814814814815 0.021354166666666667 0.03888888888888889
0 0.31588541666666664 0.6268518518518519 0.021614583333333333 0.032407407407407406
0 0.4166666666666667 0.14027777777777778 0.054947916666666666 0.06157407407407407
0 0.48203125 0.23055555555555557 0.06796875 0.075
0 0.5411458333333333 0.23425925925925925 0.06197916666666667 0.07962962962962963
0 0.5098958333333333 0.11944444444444445 0.025520833333333333 0.10462962962962963
0 0.24739583333333334 0.5962962962962963 0.0359375 0.04351851851851852
0 0.3359375 0.6532407407407408 0.02734375 0.0625
0 0.2638020833333333 0.6361111111111111 0.026822916666666665 0.03611111111111111
0 0.3736979166666667 0.3851851851851852 0.06380208333333333 0.09583333333333334
0 0.515625 0.3962962962962963 0.05182291666666667 0.09675925925925925
0 0.09869791666666666 0.4222222222222222 0.04244791666666667 0.08333333333333333
