0 0.9893229166666667 0.031018518518518518 0.021354166666666667 0.04490740740740741
0 0.5625 0.014814814814814815 0.022395833333333334 0.030555555555555555
0 0.55078125 0.20787037037037037 0.026041666666666668 0.03611111111111111
0 0.6614583333333334 0.2953703703703704 0.046614583333333334 0.05925925925925926
0 0.95859375 0.3023148148148148 0.030989583333333334 0.0375
0 0.9677083333333333 0.3138888888888889 0.02421875 0.04675925925925926
0 0.7911458333333333 0.3384259259259259 0.021354166666666667 0.038425925925925926
0 0.7341145833333333 0.38055555555555554 0.03333333333333333 0.04583333333333333
0 0.61953125 0.4449074074074074 0.025 0.050462962962962966
0 0.5651041666666666 0.49027777777777776 0.01953125 0.04537037037037037
0 0.62109375 0.3731481481481482 0.022916666666666665 0.03981481481481482
0 0.5278645833333333 0.17592592592592593 0.04192708333333333 0.05694444444444444
0 0.51015625 0.35694444444444445 0.03229166666666667 0.04351851851851852
0 0.5 0.31574074074074077 0.034375 0.05277777777777778
0 0.49114583333333334 0.16805555555555557 0.028645833333333332 0.052314814814814814
0 0.45416666666666666 0.13287037037037036 0.02734375 0.04953703703703704
0 0.4041666666666667 0.16712962962962963 0.041666666666666664 0.050462962962962966
0 0.49713541666666666 0.22777777777777777 0.028645833333333332 0.03657407407407407
0 0.41015625 0.2013888888888889 0.030989583333333334 0.04212962962962963
0 0.49609375 0.000462962962962963 0.040625 0.08425925925925926
0 0.6208333333333333 0.000462962962962963 0.05859375 0.07314814814814814
0 0.22682291666666668 0.06435185185185185 0.03515625 0.04351851851851852
0 0.48125 0.38564814814814813 0.039322916666666666 0.06157407407407407
0 0.5760416666666667 0.25787037037037036 0.04296875 0.06481481481481481
