0 0.9299479166666667 0.350462962962963 0.01328125 0.03009259259259259
0 0.9356770833333333 0.4305555555555556 0.022395833333333334 0.025925925925925925
0 0.8916666666666667 0.38796296296296295 0.026822916666666665 0.04490740740740741
0 0.9125 0.12731481481481483 0.017708333333333333 0.030555555555555555
0 0.8934895833333333 0.12453703703703704 0.021875 0.04212962962962963
0 0.8575520833333333 0.18611111111111112 0.024479166666666666 0.05138888888888889
0 0.89296875 0.225 0.04609375 0.06018518518518518
0 0.6466145833333333 0.1550925925925926 0.04453125 0.03611111111111111
0 0.5986979166666667 0.15416666666666667 0.03828125 0.05462962962962963
0 0.5533854166666666 0.10046296296296296 0.03046875 0.04722222222222222
0 0.44140625 0.2449074074074074 0.020572916666666666 0.03287037037037037
0 0.5328125 0.2689814814814815 0.017447916666666667 0.03287037037037037
0 0.4947916666666667 0.2273148148148148 0.018229166666666668 0.041666666666666664
0 0.5442708333333334 0.22175925925925927 0.022135416666666668 0.03935185185185185
0 0.5513020833333333 0.2722222222222222 0.0234375 0.07037037037037037
0 0.5776041666666667 0.25972222222222224 0.03619791666666667 0.04027777777777778
0 0.5869791666666667 0.21388888888888888 0.03125 0.053703703703703705
0 0.5934895833333333 0.3337962962962963 0.0265625 0.06018518518518518
0 0.6666666666666666 0.2726851851851852 0.02734375 0.037037037037037035
0 0.43854166666666666 0.32731481481481484 0.02265625 0.03981481481481482
0 0.525 0.3800925925925926 0.022395833333333334 0.030555555555555555
0 0.5125 0.5601851851851852 0.01953125 0.026851851851851852
0 0.6625 0.6407407407407407 0.026822916666666665 0.04675925925925926
0 0.9036458333333334 0.6722222222222223 0.025520833333333333 0.031018518518518518
0 0.91328125 0.6902777777777778 0.023177083333333334 0.044444444444444446
0 0.7390625 0.7166666666666667 0.021354166666666667 0.038425925925925926
0 0.6940104166666666 0.7342592592592593 0.03333333333333333 0.04583333333333333
0 0.5802083333333333 0.8384259259259259 0.01953125 0.03981481481481482
0 0.5369791666666667 0.8907407407407407 0.016145833333333335 0.0375
0 0.5651041666666666 0.7384259259259259 0.028125 0.050462962962962966
0 0.5447916666666667 0.6444444444444445 0.039322916666666666 0.062037037037037036
0 0.5197916666666667 0.5314814814814814 0.03619791666666667 0.049074074074074076
0 0.43333333333333335 0.7106481481481481 0.02265625 0.03194444444444444
0 0.42421875 0.7546296296296297 0.03697916666666667 0.05324074074074074
0 0.44869791666666664 0.6976851851851852 0.02265625 0.033796296296296297
0 0.42526041666666664 0.5560185185185185 0.024739583333333332 0.04490740740740741
0 0.37526041666666665 0.5615740740740741 0.021614583333333333 0.032407407407407406
0 0.47682291666666665 0.09166666666666666 0.054947916666666666 0.06157407407407407
0 0.54296875 0.1925925925925926 0.06484375 0.0712962962962963
0 0.596875 0.20092592592592592 0.06197916666666667 0.07962962962962963
0 0.5776041666666667 0.06944444444444445 0.025520833333333333 0.10462962962962963
0 0.3221354166666667 0.549074074074074 0.03958333333333333 0.04814814814814815
0 0.4171875 0.6134259259259259 0.03177083333333333 0.07268518518518519
0 0.3380208333333333 0.5944444444444444 0.025520833333333333 0.034722222222222224
0 0.43697916666666664 0.3398148148148148 0.06380208333333333 0.09583333333333334
0 0.5768229166666666 0.3597222222222222 0.05182291666666667 0.09675925925925925
0 0.1609375 0.3921296296296296 0.03697916666666667 0.0787037037037037
