0 0.5088541666666667 0.36203703703703705 0.018489583333333334 0.04814814814814815
0 0.6236979166666666 0.5347222222222222 0.04869791666666667 0.0625
0 0.9611979166666667 0.5486111111111112 0.02421875 0.02962962962962963
0 0.9760416666666667 0.5569444444444445 0.024479166666666666 0.05925925925925926
0 0.8091145833333333 0.587037037037037 0.024739583333333332 0.044444444444444446
0 0.75625 0.6398148148148148 0.040364583333333336 0.05555555555555555
0 0.6044270833333333 0.649074074074074 0.026302083333333334 0.05277777777777778
0 0.54375 0.725 0.01953125 0.04537037037037037
0 0.6278645833333333 0.6069444444444444 0.02421875 0.04212962962962963
0 0.525 0.425 0.025260416666666667 0.05694444444444444
0 0.5044270833333333 0.5875 0.028385416666666666 0.03981481481481482
0 0.50078125 0.55 0.0265625 0.044444444444444446
0 0.4828125 0.3976851851851852 0.0234375 0.043055555555555555
0 0.47291666666666665 0.3037037037037037 0.03333333333333333 0.04814814814814815
0 0.44947916666666665 0.3925925925925926 0.018229166666666668 0.037037037037037035
0 0.5 0.3597222222222222 0.016145833333333335 0.038425925925925926
0 0.44921875 0.3675925925925926 0.03046875 0.05138888888888889
0 0.56640625 0.487962962962963 0.04973958333333333 0.075
0 0.5015625 0.5217592592592593 0.0234375 0.03935185185185185
0 0.25026041666666665 0.2777777777777778 0.02734375 0.05925925925925926
0 0.56015625 0.2935185185185185 0.021354166666666667 0.043055555555555555
0 0.6286458333333333 0.2564814814814815 0.059375 0.07407407407407407
0 0.6122395833333333 0.25416666666666665 0.0171875 0.028703703703703703
0 0.9580729166666667 0.22870370370370371 0.02421875 0.03935185185185185
0 0.47421875 0.2351851851851852 0.07135416666666666 0.08333333333333333
0 0.47265625 0.23287037037037037 0.02890625 0.04861111111111111
0 0.6135416666666667 0.300462962962963 0.017708333333333333 0.05925925925925926
0 0.65234375 0.22870370370370371 0.03411458333333333 0.0587962962962963
0 0.9776041666666667 0.18425925925925926 0.020572916666666666 0.03333333333333333
0 0.940625 0.19537037037037036 0.026302083333333334 0.03425925925925926
0 0.56171875 0.1449074074074074 0.020572916666666666 0.03935185185185185
0 0.4734375 0.11574074074074074 0.016666666666666666 0.040740740740740744
0 0.5471354166666667 0.10925925925925926 0.020052083333333335 0.034722222222222224
0 0.5424479166666667 0.08287037037037037 0.06536458333333334 0.06527777777777778
0 0.6421875 0.07361111111111111 0.04895833333333333 0.09907407407407408
0 0.6830729166666667 0.09861111111111111 0.029947916666666668 0.04675925925925926
0 0.76328125 0.09212962962962963 0.02578125 0.06296296296296296
0 0.9411458333333333 0.08148148148148149 0.028645833333333332 0.053703703703703705
0 0.6208333333333333 0.24166666666666667 0.025 0.04212962962962963
0 0.5138020833333333 0.06111111111111111 0.02109375 0.028703703703703703
0 0.9044270833333333 0.05416666666666667 0.032552083333333336 0.053703703703703705
0 0.6247395833333333 0.05 0.02109375 0.027777777777777776
0 0.6395833333333333 0.07962962962962963 0.02265625 0.03888888888888889
0 0.5166666666666667 0.04537037037037037 0.015104166666666667 0.0375
