0 0.5502604166666667 0.1087962962962963 0.028645833333333332 0.03981481481481482
0 0.6614583333333334 0.20185185185185187 0.044270833333333336 0.05648148148148148
0 0.97109375 0.20601851851851852 0.028125 0.03425925925925926
0 0.9770833333333333 0.2125 0.025520833333333333 0.049074074074074076
0 0.7994791666666666 0.24074074074074073 0.023697916666666666 0.04259259259259259
0 0.74375 0.29305555555555557 0.03333333333333333 0.04583333333333333
0 0.62421875 0.3384259259259259 0.025 0.050462962962962966
0 0.5640625 0.38055555555555554 0.021614583333333333 0.05
0 0.6317708333333333 0.27361111111111114 0.023958333333333335 0.041666666666666664
0 0.52421875 0.07407407407407407 0.03984375 0.05416666666666667
0 0.5127604166666667 0.2601851851851852 0.03567708333333333 0.04814814814814815
0 0.50703125 0.2101851851851852 0.03619791666666667 0.055092592592592596
0 0.5015625 0.06666666666666667 0.028645833333333332 0.052314814814814814
0 0.4674479166666667 0.01712962962962963 0.030208333333333334 0.05462962962962963
0 0.42109375 0.060648148148148145 0.04375 0.05277777777777778
0 0.5020833333333333 0.12361111111111112 0.028645833333333332 0.03657407407407407
0 0.42604166666666665 0.09444444444444444 0.03411458333333333 0.046296296296296294
0 0.5809895833333333 0.15925925925925927 0.04088541666666667 0.06157407407407407
0 0.4947916666666667 0.2902777777777778 0.0390625 0.05648148148148148
