0 0.5494791666666666 0.12824074074074074 0.028645833333333332 0.03981481481481482
0 0.6622395833333333 0.2199074074074074 0.044270833333333336 0.05648148148148148
0 0.96953125 0.22453703703703703 0.028125 0.03425925925925926
0 0.975 0.2324074074074074 0.02421875 0.04675925925925926
0 0.7973958333333333 0.25925925925925924 0.023697916666666666 0.04259259259259259
0 0.7421875 0.3101851851851852 0.03333333333333333 0.04583333333333333
0 0.6234375 0.35694444444444445 0.025 0.050462962962962966
0 0.5661458333333333 0.4046296296296296 0.021614583333333333 0.05
0 0.6294270833333333 0.29305555555555557 0.023958333333333335 0.041666666666666664
0 0.5247395833333334 0.08981481481481482 0.03984375 0.05416666666666667
0 0.5122395833333333 0.27824074074074073 0.03567708333333333 0.04814814814814815
0 0.5057291666666667 0.23194444444444445 0.034375 0.05277777777777778
0 0.49895833333333334 0.08703703703703704 0.028645833333333332 0.052314814814814814
0 0.46380208333333334 0.04490740740740741 0.028645833333333332 0.05185185185185185
0 0.4166666666666667 0.08564814814814815 0.04375 0.05277777777777778
0 0.49895833333333334 0.14444444444444443 0.028645833333333332 0.03657407407407407
0 0.4197916666666667 0.11805555555555555 0.032552083333333336 0.04398148148148148
0 0.5799479166666667 0.17777777777777778 0.04088541666666667 0.06157407407407407
0 0.49166666666666664 0.3101851851851852 0.03723958333333333 0.053703703703703705
