0 0.84296875 0.45231481481481484 0.01328125 0.03009259259259259
0 0.8221354166666667 0.47314814814814815 0.018229166666666668 0.021296296296296296
0 0.7734375 0.425 0.02421875 0.040740740740740744
0 0.79921875 0.18703703703703703 0.016927083333333332 0.029166666666666667
0 0.7830729166666667 0.16666666666666666 0.021875 0.04212962962962963
0 0.7541666666666667 0.21203703703703702 0.02109375 0.044444444444444446
0 0.7453125 0.25972222222222224 0.03619791666666667 0.04722222222222222
0 0.5786458333333333 0.17962962962962964 0.02109375 0.034722222222222224
0 0.5299479166666666 0.14907407407407408 0.016927083333333332 0.05555555555555555
0 0.43697916666666664 0.1398148148148148 0.02890625 0.04490740740740741
0 0.3458333333333333 0.26666666666666666 0.016927083333333332 0.026851851851851852
0 0.43645833333333334 0.29907407407407405 0.016666666666666666 0.03148148148148148
0 0.40130208333333334 0.25462962962962965 0.018229166666666668 0.041666666666666664
0 0.44609375 0.2523148148148148 0.019010416666666665 0.033796296296296297
0 0.4609375 0.2773148148148148 0.0234375 0.04722222222222222
0 0.4973958333333333 0.25972222222222224 0.014322916666666666 0.04537037037037037
0 0.49765625 0.23935185185185184 0.0328125 0.05648148148148148
0 0.48723958333333334 0.3662037037037037 0.03828125 0.07916666666666666
0 0.575 0.33564814814814814 0.023697916666666666 0.03194444444444444
0 0.3346354166666667 0.3675925925925926 0.02265625 0.03981481481481482
0 0.4197916666666667 0.4587962962962963 0.022395833333333334 0.030555555555555555
0 0.47630208333333335 0.5805555555555556 0.02734375 0.040740740740740744
0 0.6033854166666667 0.6722222222222223 0.023177083333333334 0.04027777777777778
0 0.7924479166666667 0.7180555555555556 0.020052083333333335 0.024074074074074074
0 0.8036458333333333 0.7379629629629629 0.019010416666666665 0.03657407407407407
0 0.6328125 0.7532407407407408 0.018489583333333334 0.03333333333333333
0 0.6046875 0.750462962962963 0.034895833333333334 0.04814814814814815
0 0.490625 0.8856481481481482 0.018489583333333334 0.03796296296296296
0 0.45625 0.9462962962962963 0.016145833333333335 0.0375
0 0.4666666666666667 0.7708333333333334 0.043229166666666666 0.050462962962962966
0 0.4557291666666667 0.7092592592592593 0.020052083333333335 0.05
0 0.42239583333333336 0.6125 0.029947916666666668 0.07268518518518519
0 0.3453125 0.7384259259259259 0.020572916666666666 0.029166666666666667
0 0.3221354166666667 0.7763888888888889 0.028125 0.032407407407407406
0 0.32083333333333336 0.7402777777777778 0.021614583333333333 0.032407407407407406
0 0.31979166666666664 0.5944444444444444 0.029427083333333333 0.05277777777777778
0 0.28880208333333335 0.625 0.021614583333333333 0.032407407407407406
0 0.3776041666666667 0.13842592592592592 0.054947916666666666 0.06157407407407407
0 0.44244791666666666 0.2273148148148148 0.06796875 0.06527777777777778
0 0.5065104166666666 0.22407407407407406 0.05911458333333333 0.07592592592592592
0 0.4669270833333333 0.11712962962962963 0.02421875 0.09953703703703703
0 0.06041666666666667 0.4097222222222222 0.042708333333333334 0.08842592592592592
0 0.19739583333333333 0.5842592592592593 0.0359375 0.04351851851851852
0 0.28463541666666664 0.6509259259259259 0.023697916666666666 0.05416666666666667
0 0.21822916666666667 0.6356481481481482 0.02421875 0.03287037037037037
0 0.3338541666666667 0.3814814814814815 0.06380208333333333 0.09583333333333334
0 0.47942708333333334 0.38472222222222224 0.05182291666666667 0.09675925925925925
