0 0.80078125 0.45046296296296295 0.01328125 0.03009259259259259
0 0.7880208333333333 0.4601851851851852 0.017447916666666667 0.020370370370370372
0 0.7268229166666667 0.4027777777777778 0.02421875 0.040740740740740744
0 0.7645833333333333 0.20925925925925926 0.016927083333333332 0.029166666666666667
0 0.74609375 0.18703703703703703 0.01953125 0.031018518518518518
0 0.7197916666666667 0.20555555555555555 0.02109375 0.044444444444444446
0 0.67265625 0.24861111111111112 0.03619791666666667 0.04722222222222222
0 0.5765625 0.2064814814814815 0.020052083333333335 0.03287037037037037
0 0.53671875 0.1486111111111111 0.030989583333333334 0.05555555555555555
0 0.40625 0.125 0.02890625 0.05694444444444444
0 0.3260416666666667 0.23055555555555557 0.020572916666666666 0.03287037037037037
0 0.4088541666666667 0.2916666666666667 0.017447916666666667 0.03287037037037037
0 0.38333333333333336 0.23148148148148148 0.016666666666666666 0.03796296296296296
0 0.41692708333333334 0.22870370370370371 0.019010416666666665 0.033796296296296297
0 0.4309895833333333 0.26481481481481484 0.02578125 0.05185185185185185
0 0.45989583333333334 0.24814814814814815 0.029947916666666668 0.06527777777777778
0 0.46927083333333336 0.21157407407407408 0.039322916666666666 0.05648148148148148
0 0.46041666666666664 0.3416666666666667 0.036458333333333336 0.07546296296296297
0 0.5481770833333334 0.33796296296296297 0.023697916666666666 0.03194444444444444
0 0.30182291666666666 0.3541666666666667 0.02265625 0.03981481481481482
0 0.39114583333333336 0.49675925925925923 0.02578125 0.03518518518518519
0 0.4544270833333333 0.5712962962962963 0.026041666666666668 0.03888888888888889
0 0.609375 0.6532407407407408 0.020052083333333335 0.034722222222222224
0 0.7536458333333333 0.6912037037037037 0.019010416666666665 0.023148148148148147
0 0.7692708333333333 0.7092592592592593 0.019010416666666665 0.03657407407407407
0 0.5966145833333333 0.7416666666666667 0.018489583333333334 0.03333333333333333
0 0.57578125 0.7226851851851852 0.026302083333333334 0.04814814814814815
0 0.46901041666666665 0.8708333333333333 0.01953125 0.03981481481481482
0 0.45338541666666665 0.9351851851851852 0.01953125 0.04537037037037037
0 0.4393229166666667 0.7513888888888889 0.04244791666666667 0.04351851851851852
0 0.43723958333333335 0.6773148148148148 0.020052083333333335 0.05
0 0.4015625 0.637962962962963 0.02734375 0.0763888888888889
0 0.31328125 0.7268518518518519 0.020572916666666666 0.029166666666666667
0 0.29140625 0.762962962962963 0.030989583333333334 0.03564814814814815
0 0.2875 0.7282407407407407 0.02265625 0.033796296296296297
0 0.2875 0.5805555555555556 0.03828125 0.06157407407407407
0 0.2890625 0.6125 0.023697916666666666 0.03564814814814815
0 0.35182291666666665 0.13518518518518519 0.054947916666666666 0.06157407407407407
0 0.4166666666666667 0.20462962962962963 0.06484375 0.062037037037037036
0 0.4825520833333333 0.19768518518518519 0.06145833333333333 0.07222222222222222
0 0.43046875 0.11157407407407408 0.02421875 0.09953703703703703
0 0.051041666666666666 0.3476851851851852 0.040364583333333336 0.07268518518518519
0 0.15208333333333332 0.562962962962963 0.019010416666666665 0.0375
0 0.21197916666666666 0.6185185185185185 0.018489583333333334 0.04259259259259259
0 0.17239583333333333 0.6560185185185186 0.02421875 0.03287037037037037
0 0.2984375 0.3685185185185185 0.06796875 0.08425925925925926
0 0.44947916666666665 0.3648148148148148 0.048177083333333336 0.10925925925925926
