0 0.9899 0.1557 0.0185 0.0306
0 0.9910 0.0660 0.0155 0.0254
0 0.9807 0.1526 0.0197 0.0320
0 0.9655 0.1513 0.0166 0.0350
0 0.9199 0.2256 0.0180 0.0363
0 0.8172 0.0358 0.0203 0.0348
0 0.7913 0.2166 0.0215 0.0427
0 0.7555 0.0492 0.0182 0.0343
0 0.8309 0.1557 0.0252 0.0603
0 0.7721 0.1672 0.0171 0.0321
0 0.9022 0.3133 0.0270 0.0483
0 0.7672 0.0666 0.0181 0.0360
0 0.9173 0.2675 0.0216 0.0426
0 0.6493 0.0365 0.0258 0.0565
0 0.7514 0.1289 0.0211 0.0464
0 0.8639 0.3753 0.0377 0.0487
0 0.9821 0.0664 0.0359 0.0486
0 0.7874 0.1557 0.0246 0.0491
0 0.9677 0.1506 0.0653 0.0582
