0 0.8013020833333333 0.4527777777777778 0.01328125 0.03009259259259259
0 0.7877604166666666 0.46111111111111114 0.017447916666666667 0.020370370370370372
0 0.7270833333333333 0.4023148148148148 0.02421875 0.040740740740740744
0 0.7643229166666666 0.21064814814814814 0.016927083333333332 0.029166666666666667
0 0.7471354166666667 0.18564814814814815 0.01953125 0.031018518518518518
0 0.7205729166666667 0.2050925925925926 0.02109375 0.044444444444444446
0 0.67578125 0.24953703703703703 0.034375 0.04490740740740741
0 0.5739583333333333 0.2037037037037037 0.020052083333333335 0.03287037037037037
0 0.534375 0.14814814814814814 0.030989583333333334 0.05555555555555555
0 0.40677083333333336 0.1259259259259259 0.02890625 0.05694444444444444
0 0.32473958333333336 0.22824074074074074 0.020572916666666666 0.03287037037037037
0 0.4080729166666667 0.2902777777777778 0.017447916666666667 0.03287037037037037
0 0.38255208333333335 0.2324074074074074 0.016666666666666666 0.03796296296296296
0 0.4166666666666667 0.23055555555555557 0.019010416666666665 0.033796296296296297
0 0.43020833333333336 0.26666666666666666 0.02578125 0.05185185185185185
0 0.4609375 0.2513888888888889 0.029947916666666668 0.06527777777777778
0 0.46770833333333334 0.2125 0.039322916666666666 0.05648148148148148
0 0.46015625 0.3425925925925926 0.036458333333333336 0.07546296296296297
0 0.54921875 0.3398148148148148 0.023697916666666666 0.03194444444444444
0 0.30234375 0.35462962962962963 0.02265625 0.03981481481481482
0 0.3890625 0.49537037037037035 0.02578125 0.03518518518518519
0 0.45260416666666664 0.5722222222222222 0.026041666666666668 0.03888888888888889
0 0.6067708333333334 0.6550925925925926 0.020052083333333335 0.034722222222222224
0 0.753125 0.6925925925925925 0.019010416666666665 0.023148148148148147
0 0.7690104166666667 0.712037037037037 0.019010416666666665 0.03657407407407407
0 0.5966145833333333 0.7425925925925926 0.018489583333333334 0.03333333333333333
0 0.5755208333333334 0.725462962962963 0.026302083333333334 0.04814814814814815
0 0.46822916666666664 0.8717592592592592 0.01953125 0.03981481481481482
0 0.4515625 0.9356481481481481 0.01953125 0.04537037037037037
0 0.43723958333333335 0.7527777777777778 0.04244791666666667 0.04351851851851852
0 0.4359375 0.6796296296296296 0.020052083333333335 0.05
0 0.40078125 0.6356481481481482 0.028645833333333332 0.08009259259259259
0 0.3151041666666667 0.7268518518518519 0.020572916666666666 0.029166666666666667
0 0.29270833333333335 0.7638888888888888 0.030989583333333334 0.03564814814814815
0 0.2875 0.7287037037037037 0.02265625 0.033796296296296297
0 0.2869791666666667 0.5819444444444445 0.03828125 0.06157407407407407
0 0.2877604166666667 0.6148148148148148 0.023697916666666666 0.03564814814814815
0 0.3515625 0.13472222222222222 0.054947916666666666 0.06157407407407407
0 0.41692708333333334 0.2050925925925926 0.06484375 0.062037037037037036
0 0.48046875 0.2 0.06145833333333333 0.07222222222222222
0 0.4309895833333333 0.11296296296296296 0.02421875 0.09953703703703703
0 0.05026041666666667 0.3523148148148148 0.040364583333333336 0.07268518518518519
0 0.15286458333333333 0.5634259259259259 0.019010416666666665 0.0375
0 0.21484375 0.6194444444444445 0.018489583333333334 0.04259259259259259
0 0.17395833333333333 0.6537037037037037 0.02421875 0.03287037037037037
0 0.296875 0.36666666666666664 0.07005208333333333 0.08611111111111111
0 0.4484375 0.36944444444444446 0.048177083333333336 0.10740740740740741
