0 0.8140625 0.462037037037037 0.01328125 0.03009259259259259
0 0.7979166666666667 0.4708333333333333 0.018229166666666668 0.021296296296296296
0 0.7453125 0.4199074074074074 0.025520833333333333 0.04259259259259259
0 0.77890625 0.19444444444444445 0.016927083333333332 0.029166666666666667
0 0.7583333333333333 0.17314814814814813 0.021875 0.04212962962962963
0 0.7315104166666667 0.20833333333333334 0.02109375 0.044444444444444446
0 0.71015625 0.2564814814814815 0.034375 0.04490740740740741
0 0.5658854166666667 0.18425925925925926 0.020052083333333335 0.03287037037037037
0 0.5296875 0.13518518518518519 0.01875 0.06111111111111111
0 0.4153645833333333 0.12962962962962962 0.02890625 0.04490740740740741
0 0.3260416666666667 0.2550925925925926 0.017708333333333333 0.02824074074074074
0 0.4153645833333333 0.2916666666666667 0.017447916666666667 0.03287037037037037
0 0.3859375 0.2513888888888889 0.017447916666666667 0.03981481481481482
0 0.425 0.24444444444444444 0.018229166666666668 0.032407407407407406
0 0.43515625 0.27361111111111114 0.02578125 0.05185185185185185
0 0.47682291666666665 0.2518518518518518 0.015104166666666667 0.047685185185185185
0 0.47630208333333335 0.23194444444444445 0.0328125 0.05648148148148148
0 0.46536458333333336 0.3597222222222222 0.036458333333333336 0.07546296296296297
0 0.5559895833333334 0.34074074074074073 0.023697916666666666 0.03194444444444444
0 0.31171875 0.362962962962963 0.02265625 0.03981481481481482
0 0.3958333333333333 0.4703703703703704 0.024479166666666666 0.03333333333333333
0 0.45546875 0.5782407407407407 0.026041666666666668 0.03888888888888889
0 0.5953125 0.6699074074074074 0.023177083333333334 0.04027777777777778
0 0.7674479166666667 0.7111111111111111 0.020052083333333335 0.024074074074074074
0 0.778125 0.725925925925926 0.019010416666666665 0.03657407407407407
0 0.6088541666666667 0.7490740740740741 0.018489583333333334 0.03333333333333333
0 0.5822916666666667 0.7416666666666667 0.034895833333333334 0.04814814814814815
0 0.47291666666666665 0.887962962962963 0.01953125 0.03981481481481482
0 0.4432291666666667 0.9458333333333333 0.017708333333333333 0.0412037037037037
0 0.44427083333333334 0.7643518518518518 0.043229166666666666 0.050462962962962966
0 0.4375 0.6944444444444444 0.019010416666666665 0.047685185185185185
0 0.40260416666666665 0.6157407407407407 0.029947916666666668 0.07268518518518519
0 0.32526041666666666 0.7361111111111112 0.01875 0.02638888888888889
0 0.30104166666666665 0.7731481481481481 0.030989583333333334 0.03564814814814815
0 0.29739583333333336 0.7379629629629629 0.021614583333333333 0.032407407407407406
0 0.2955729166666667 0.5967592592592592 0.029427083333333333 0.05277777777777778
0 0.27890625 0.6226851851851852 0.023697916666666666 0.03564814814814815
0 0.3567708333333333 0.13657407407407407 0.054947916666666666 0.06157407407407407
0 0.42239583333333336 0.21944444444444444 0.06484375 0.062037037037037036
0 0.4869791666666667 0.21712962962962962 0.05911458333333333 0.07592592592592592
0 0.44296875 0.11666666666666667 0.02421875 0.09953703703703703
0 0.04453125 0.38796296296296295 0.04479166666666667 0.09305555555555556
0 0.18046875 0.5800925925925926 0.020052083333333335 0.03935185185185185
0 0.25026041666666665 0.6430555555555556 0.022395833333333334 0.05185185185185185
0 0.19036458333333334 0.6412037037037037 0.023177083333333334 0.03148148148148148
0 0.31223958333333335 0.37824074074074077 0.06380208333333333 0.09583333333333334
0 0.45390625 0.38101851851851853 0.05182291666666667 0.09861111111111111
