0 0.80234375 0.4564814814814815 0.01328125 0.03009259259259259
0 0.7893229166666667 0.46574074074074073 0.018229166666666668 0.021296296296296296
0 0.72734375 0.40555555555555556 0.02421875 0.040740740740740744
0 0.7638020833333333 0.2111111111111111 0.016927083333333332 0.029166666666666667
0 0.7463541666666667 0.1824074074074074 0.01953125 0.031018518518518518
0 0.7203125 0.20694444444444443 0.02109375 0.044444444444444446
0 0.684375 0.24537037037037038 0.034375 0.04490740740740741
0 0.5705729166666667 0.2 0.019010416666666665 0.03148148148148148
0 0.5333333333333333 0.15185185185185185 0.032552083333333336 0.058333333333333334
0 0.40703125 0.12731481481481483 0.02890625 0.05694444444444444
0 0.32005208333333335 0.2361111111111111 0.01953125 0.03148148148148148
0 0.4075520833333333 0.2898148148148148 0.017447916666666667 0.03287037037037037
0 0.3796875 0.24305555555555555 0.016666666666666666 0.03796296296296296
0 0.41744791666666664 0.2324074074074074 0.018229166666666668 0.032407407407407406
0 0.42864583333333334 0.26805555555555555 0.02578125 0.05185185185185185
0 0.46067708333333335 0.25 0.029947916666666668 0.06527777777777778
0 0.46979166666666666 0.2175925925925926 0.039322916666666666 0.05648148148148148
0 0.45989583333333334 0.3458333333333333 0.036458333333333336 0.07546296296296297
0 0.5505208333333333 0.34120370370370373 0.023697916666666666 0.03194444444444444
0 0.3020833333333333 0.35694444444444445 0.02265625 0.03981481481481482
0 0.39036458333333335 0.4898148148148148 0.02578125 0.03518518518518519
0 0.44973958333333336 0.5763888888888888 0.024739583333333332 0.037037037037037035
0 0.6013020833333333 0.6564814814814814 0.022135416666666668 0.038425925925925926
0 0.753125 0.6962962962962963 0.020052083333333335 0.024074074074074074
0 0.7682291666666666 0.7189814814814814 0.019010416666666665 0.03657407407407407
0 0.596875 0.7449074074074075 0.018489583333333334 0.03333333333333333
0 0.5747395833333333 0.7268518518518519 0.026302083333333334 0.04814814814814815
0 0.465625 0.874537037037037 0.01953125 0.03981481481481482
0 0.4453125 0.9347222222222222 0.01953125 0.04537037037037037
0 0.4375 0.7541666666666667 0.04244791666666667 0.04351851851851852
0 0.43307291666666664 0.6851851851851852 0.019010416666666665 0.047685185185185185
0 0.3984375 0.6291666666666667 0.028645833333333332 0.08009259259259259
0 0.3145833333333333 0.7277777777777777 0.021614583333333333 0.030555555555555555
0 0.2916666666666667 0.7675925925925926 0.030989583333333334 0.03564814814814815
0 0.2875 0.7314814814814815 0.020572916666666666 0.030555555555555555
0 0.28671875 0.5856481481481481 0.03828125 0.06157407407407407
0 0.284375 0.6180555555555556 0.023697916666666666 0.03564814814814815
0 0.35078125 0.13564814814814816 0.054947916666666666 0.06157407407407407
0 0.41510416666666666 0.20972222222222223 0.06484375 0.062037037037037036
0 0.4817708333333333 0.2023148148148148 0.06145833333333333 0.07222222222222222
0 0.4315104166666667 0.11481481481481481 0.02421875 0.09953703703703703
0 0.04791666666666667 0.3625 0.040364583333333336 0.07268518518518519
0 0.15520833333333334 0.5675925925925925 0.019010416666666665 0.0375
0 0.221875 0.6236111111111111 0.0203125 0.04675925925925926
0 0.17421875 0.6509259259259259 0.023177083333333334 0.03148148148148148
0 0.29739583333333336 0.36944444444444446 0.06588541666666667 0.08796296296296297
0 0.446875 0.37222222222222223 0.053385416666666664 0.10324074074074074
