0 0.50859375 0.36944444444444446 0.018489583333333334 0.04814814814814815
0 0.6213541666666667 0.5523148148148148 0.03463541666666667 0.05324074074074074
0 0.9611979166666667 0.5592592592592592 0.025520833333333333 0.031018518518518518
0 0.9755208333333333 0.5671296296296297 0.024479166666666666 0.05925925925925926
0 0.81015625 0.5990740740740741 0.026041666666666668 0.04675925925925926
0 0.7557291666666667 0.6527777777777778 0.040364583333333336 0.05555555555555555
0 0.6020833333333333 0.6560185185185186 0.026302083333333334 0.05277777777777778
0 0.5424479166666667 0.7351851851851852 0.01953125 0.04537037037037037
0 0.6270833333333333 0.6189814814814815 0.02421875 0.04212962962962963
0 0.5244791666666667 0.43472222222222223 0.026302083333333334 0.059722222222222225
0 0.503125 0.5953703703703703 0.028385416666666666 0.03981481481481482
0 0.5002604166666667 0.5578703703703703 0.0265625 0.044444444444444446
0 0.48072916666666665 0.4041666666666667 0.0234375 0.043055555555555555
0 0.4734375 0.31157407407407406 0.03333333333333333 0.04814814814814815
0 0.4505208333333333 0.4013888888888889 0.018229166666666668 0.037037037037037035
0 0.5002604166666667 0.3675925925925926 0.016145833333333335 0.038425925925925926
0 0.45 0.375 0.03046875 0.05138888888888889
0 0.5651041666666666 0.49953703703703706 0.04973958333333333 0.075
0 0.49973958333333335 0.5310185185185186 0.0234375 0.03935185185185185
0 0.2515625 0.287962962962963 0.02734375 0.05925925925925926
0 0.5591145833333333 0.30972222222222223 0.021354166666666667 0.043055555555555555
0 0.6283854166666667 0.26851851851851855 0.059375 0.07407407407407407
0 0.6138020833333333 0.2671296296296296 0.01640625 0.027314814814814816
0 0.9552083333333333 0.23981481481481481 0.02421875 0.03935185185185185
0 0.47265625 0.24768518518518517 0.07135416666666666 0.08333333333333333
0 0.4713541666666667 0.24675925925925926 0.02734375 0.046296296296296294
0 0.6135416666666667 0.31203703703703706 0.017708333333333333 0.05925925925925926
0 0.65234375 0.23796296296296296 0.03411458333333333 0.0587962962962963
0 0.975 0.1925925925925926 0.020572916666666666 0.03333333333333333
0 0.9401041666666666 0.20694444444444443 0.026302083333333334 0.03425925925925926
0 0.5606770833333333 0.15555555555555556 0.020572916666666666 0.03935185185185185
0 0.4700520833333333 0.1287037037037037 0.016666666666666666 0.040740740740740744
0 0.5455729166666666 0.12083333333333333 0.020052083333333335 0.034722222222222224
0 0.53984375 0.09490740740740741 0.06536458333333334 0.06527777777777778
0 0.6411458333333333 0.08472222222222223 0.04895833333333333 0.09907407407407408
0 0.6822916666666666 0.10833333333333334 0.031510416666666666 0.049074074074074076
0 0.7640625 0.10231481481481482 0.02578125 0.06296296296296296
0 0.9403645833333333 0.09398148148148149 0.028645833333333332 0.053703703703703705
0 0.6255208333333333 0.262037037037037 0.0203125 0.04351851851851852
0 0.5127604166666667 0.07314814814814814 0.02109375 0.028703703703703703
0 0.9041666666666667 0.06620370370370371 0.032552083333333336 0.053703703703703705
0 0.62421875 0.060648148148148145 0.02109375 0.027777777777777776
0 0.6380208333333334 0.09166666666666666 0.021614583333333333 0.037037037037037035
0 0.5158854166666667 0.05740740740740741 0.015104166666666667 0.0375
0 0.6317708333333333 0.016666666666666666 0.024739583333333332 0.033796296296296297
0 0.9419270833333333 0.011111111111111112 0.026302083333333334 0.022222222222222223
0 0.9682291666666667 0.01712962962962963 0.023697916666666666 0.034722222222222224
