0 0.8552083333333333 0.43842592592592594 0.0140625 0.03148148148148148
0 0.8432291666666667 0.475 0.019270833333333334 0.022685185185185187
0 0.7958333333333333 0.43657407407407406 0.02421875 0.040740740740740744
0 0.8200520833333333 0.18333333333333332 0.016927083333333332 0.029166666666666667
0 0.8036458333333333 0.16620370370370371 0.021875 0.04212962962962963
0 0.77265625 0.21296296296296297 0.02109375 0.044444444444444446
0 0.7765625 0.26342592592592595 0.03802083333333333 0.04953703703703704
0 0.58984375 0.17962962962962964 0.02109375 0.034722222222222224
0 0.53828125 0.1625 0.03229166666666667 0.07685185185185185
0 0.4583333333333333 0.14305555555555555 0.02890625 0.04490740740740741
0 0.36223958333333334 0.27685185185185185 0.016927083333333332 0.026851851851851852
0 0.45703125 0.30092592592592593 0.017447916666666667 0.03287037037037037
0 0.4192708333333333 0.2611111111111111 0.019270833333333334 0.04398148148148148
0 0.465625 0.25972222222222224 0.020052083333333335 0.03564814814814815
0 0.4765625 0.2833333333333333 0.0234375 0.04722222222222222
0 0.51328125 0.26666666666666666 0.015104166666666667 0.047685185185185185
0 0.5140625 0.2439814814814815 0.0328125 0.05648148148148148
0 0.5122395833333333 0.36157407407407405 0.027864583333333335 0.06296296296296296
0 0.5921875 0.33287037037037037 0.025 0.03333333333333333
0 0.3536458333333333 0.36944444444444446 0.02265625 0.03981481481481482
0 0.440625 0.4527777777777778 0.022395833333333334 0.030555555555555555
0 0.490625 0.5805555555555556 0.024739583333333332 0.037037037037037035
0 0.615625 0.6763888888888889 0.024479166666666666 0.04212962962962963
0 0.81484375 0.7203703703703703 0.020052083333333335 0.024074074074074074
0 0.825 0.7384259259259259 0.019010416666666665 0.03657407407407407
0 0.6536458333333334 0.7555555555555555 0.01953125 0.03518518518518519
0 0.62421875 0.7578703703703704 0.03854166666666667 0.05324074074074074
0 0.50859375 0.8856481481481482 0.018489583333333334 0.03796296296296296
0 0.46927083333333336 0.9486111111111111 0.016927083333333332 0.03935185185185185
0 0.48515625 0.774537037037037 0.043229166666666666 0.050462962962962966
0 0.47421875 0.7111111111111111 0.020052083333333335 0.05
0 0.440625 0.6111111111111112 0.02578125 0.06296296296296296
0 0.36614583333333334 0.7412037037037037 0.021614583333333333 0.030555555555555555
0 0.33828125 0.7875 0.0265625 0.030555555555555555
0 0.34010416666666665 0.7393518518518518 0.021614583333333333 0.032407407407407406
0 0.33880208333333334 0.5967592592592592 0.030989583333333334 0.05555555555555555
0 0.30104166666666665 0.625 0.02265625 0.033796296296296297
0 0.39609375 0.1398148148148148 0.054947916666666666 0.06157407407407407
0 0.4588541666666667 0.2263888888888889 0.06796875 0.075
0 0.5239583333333333 0.22824074074074074 0.06197916666666667 0.07962962962962963
0 0.4875 0.11805555555555555 0.02421875 0.09953703703703703
0 0.22135416666666666 0.5912037037037037 0.037760416666666664 0.04583333333333333
0 0.30364583333333334 0.6472222222222223 0.024739583333333332 0.05694444444444444
0 0.23958333333333334 0.6375 0.025520833333333333 0.034722222222222224
0 0.35260416666666666 0.38425925925925924 0.06380208333333333 0.09583333333333334
0 0.49609375 0.39166666666666666 0.05182291666666667 0.09675925925925925
0 0.07682291666666667 0.4166666666666667 0.04244791666666667 0.08333333333333333
