0 0.9447916666666667 0.2726851851851852 0.01328125 0.03009259259259259
0 0.9559895833333333 0.33564814814814814 0.0234375 0.027314814814814816
0 0.9135416666666667 0.31712962962962965 0.028125 0.04722222222222222
0 0.9330729166666667 0.04537037037037037 0.020572916666666666 0.03564814814814815
0 0.9153645833333334 0.050462962962962966 0.022916666666666665 0.044444444444444446
0 0.8768229166666667 0.10740740740740741 0.024479166666666666 0.05138888888888889
0 0.9229166666666667 0.14305555555555555 0.0484375 0.06342592592592593
0 0.6549479166666666 0.0837962962962963 0.0515625 0.041666666666666664
0 0.61640625 0.08611111111111111 0.03828125 0.05462962962962963
0 0.5747395833333333 0.020833333333333332 0.027604166666666666 0.04259259259259259
0 0.4557291666666667 0.16018518518518518 0.01953125 0.03148148148148148
0 0.5513020833333333 0.18935185185185185 0.016666666666666666 0.03148148148148148
0 0.5072916666666667 0.1425925925925926 0.021354166666666667 0.04861111111111111
0 0.5544270833333333 0.1449074074074074 0.022135416666666668 0.03935185185185185
0 0.56953125 0.19027777777777777 0.02578125 0.07777777777777778
0 0.5809895833333333 0.18935185185185185 0.034375 0.038425925925925926
0 0.6033854166666667 0.13703703703703704 0.0328125 0.05648148148148148
0 0.6143229166666667 0.25462962962962965 0.04010416666666667 0.05416666666666667
0 0.6864583333333333 0.1875 0.030208333333333334 0.040740740740740744
0 0.45625 0.24537037037037038 0.02265625 0.03981481481481482
0 0.5390625 0.29074074074074074 0.0234375 0.03194444444444444
0 0.53046875 0.4888888888888889 0.0203125 0.02824074074074074
0 0.65859375 0.5662037037037037 0.0296875 0.05138888888888889
0 0.92421875 0.5912037037037037 0.026822916666666665 0.032407407407407406
0 0.9338541666666667 0.6111111111111112 0.02421875 0.04675925925925926
0 0.7588541666666667 0.6347222222222222 0.0203125 0.03657407407407407
0 0.7018229166666666 0.6564814814814814 0.03177083333333333 0.04351851851851852
0 0.5955729166666667 0.7546296296296297 0.01953125 0.03981481481481482
0 0.55 0.8157407407407408 0.016145833333333335 0.0375
0 0.5828125 0.6527777777777778 0.028125 0.050462962962962966
0 0.55703125 0.5555555555555556 0.039322916666666666 0.062037037037037036
0 0.5278645833333333 0.45416666666666666 0.03802083333333333 0.05138888888888889
0 0.46171875 0.6361111111111111 0.038802083333333334 0.046296296296296294
0 0.4466145833333333 0.6759259259259259 0.0453125 0.05740740740740741
0 0.46927083333333336 0.6152777777777778 0.03125 0.047685185185185185
0 0.45078125 0.46944444444444444 0.024739583333333332 0.04490740740740741
0 0.39453125 0.4726851851851852 0.025 0.03518518518518519
0 0.49505208333333334 0.0125 0.0578125 0.06481481481481481
0 0.55625 0.11574074074074074 0.06796875 0.075
0 0.6114583333333333 0.12685185185185185 0.06197916666666667 0.07962962962962963
0 0.5875 0.000462962962962963 0.025520833333333333 0.10231481481481482
0 0.35494791666666664 0.462037037037037 0.04375 0.05277777777777778
0 0.45416666666666666 0.5152777777777777 0.02734375 0.034722222222222224
0 0.3645833333333333 0.5083333333333333 0.026822916666666665 0.03611111111111111
0 0.45677083333333335 0.25925925925925924 0.06380208333333333 0.09583333333333334
0 0.59375 0.28425925925925927 0.049479166666666664 0.09212962962962963
0 0.18151041666666667 0.3337962962962963 0.038802083333333334 0.04814814814814815
