0 0.5440104166666667 0.12037037037037036 0.029947916666666668 0.041666666666666664
0 0.65 0.22777777777777777 0.044270833333333336 0.05648148148148148
0 0.9731770833333333 0.22916666666666666 0.028125 0.03425925925925926
0 0.9815104166666667 0.23935185185185184 0.020052083333333335 0.049074074074074076
0 0.80234375 0.27037037037037037 0.024739583333333332 0.044444444444444446
0 0.7453125 0.325 0.03333333333333333 0.04583333333333333
0 0.6182291666666667 0.35694444444444445 0.025 0.050462962962962966
0 0.5606770833333333 0.4101851851851852 0.020572916666666666 0.047685185185185185
0 0.63515625 0.2967592592592593 0.025260416666666667 0.04398148148148148
0 0.5223958333333333 0.075 0.023958333333333335 0.05416666666666667
0 0.5177083333333333 0.27175925925925926 0.028385416666666666 0.03981481481481482
0 0.5096354166666667 0.225 0.034375 0.05277777777777778
0 0.5171875 0.06157407407407407 0.0234375 0.043055555555555555
0 0.47734375 0.016203703703703703 0.030208333333333334 0.05462962962962963
0 0.43255208333333334 0.07175925925925926 0.04583333333333333 0.05555555555555555
0 0.4947916666666667 0.12361111111111112 0.029947916666666668 0.038425925925925926
0 0.44192708333333336 0.10555555555555556 0.03046875 0.05138888888888889
0 0.5786458333333333 0.1787037037037037 0.04088541666666667 0.06157407407407407
0 0.5046875 0.29398148148148145 0.024479166666666666 0.0412037037037037
