0 0.94375 0.2875 0.01328125 0.03009259259259259
0 0.9536458333333333 0.3537037037037037 0.0234375 0.027314814814814816
0 0.9104166666666667 0.31574074074074077 0.028125 0.04722222222222222
0 0.9296875 0.060648148148148145 0.020572916666666666 0.03564814814814815
0 0.9119791666666667 0.06342592592592593 0.022916666666666665 0.044444444444444446
0 0.8739583333333333 0.12453703703703704 0.024479166666666666 0.05138888888888889
0 0.9182291666666667 0.15694444444444444 0.0484375 0.06342592592592593
0 0.65234375 0.09861111111111111 0.05416666666666667 0.04398148148148148
0 0.6138020833333333 0.1 0.03828125 0.05462962962962963
0 0.57265625 0.03564814814814815 0.02890625 0.04490740740740741
0 0.4515625 0.17546296296296296 0.01953125 0.03148148148148148
0 0.5486979166666667 0.2050925925925926 0.016666666666666666 0.03148148148148148
0 0.50703125 0.16018518518518518 0.021354166666666667 0.04861111111111111
0 0.5528645833333333 0.15833333333333333 0.022135416666666668 0.03935185185185185
0 0.5651041666666666 0.2037037037037037 0.02578125 0.07777777777777778
0 0.5783854166666667 0.20324074074074075 0.034375 0.038425925925925926
0 0.6010416666666667 0.15185185185185185 0.03125 0.053703703703703705
0 0.6119791666666666 0.27037037037037037 0.04010416666666667 0.05416666666666667
0 0.6825520833333333 0.2050925925925926 0.02890625 0.03888888888888889
0 0.45364583333333336 0.25972222222222224 0.02265625 0.03981481481481482
0 0.5364583333333334 0.3087962962962963 0.0234375 0.03194444444444444
0 0.528125 0.5032407407407408 0.0203125 0.02824074074074074
0 0.6606770833333333 0.5810185185185185 0.028125 0.049074074074074076
0 0.9205729166666666 0.6064814814814815 0.026822916666666665 0.032407407407407406
0 0.9307291666666667 0.6268518518518519 0.02421875 0.04675925925925926
0 0.7559895833333333 0.6504629629629629 0.0203125 0.03657407407407407
0 0.7013020833333333 0.6703703703703704 0.03177083333333333 0.04351851851851852
0 0.5924479166666666 0.7722222222222223 0.01953125 0.03981481481481482
0 0.5479166666666667 0.8319444444444445 0.016145833333333335 0.0375
0 0.5807291666666666 0.6689814814814815 0.028125 0.050462962962962966
0 0.5549479166666667 0.5740740740740741 0.039322916666666666 0.062037037037037036
0 0.5268229166666667 0.4703703703703704 0.03802083333333333 0.05138888888888889
0 0.45703125 0.649074074074074 0.03697916666666667 0.04398148148148148
0 0.44296875 0.6925925925925925 0.0453125 0.05740740740740741
0 0.4666666666666667 0.6291666666666667 0.03125 0.047685185185185185
0 0.44635416666666666 0.48842592592592593 0.024739583333333332 0.04490740740740741
0 0.3921875 0.49074074074074076 0.025 0.03518518518518519
0 0.49583333333333335 0.03194444444444444 0.0578125 0.06481481481481481
0 0.5541666666666667 0.13148148148148148 0.06796875 0.075
0 0.6109375 0.14027777777777778 0.06197916666666667 0.07962962962962963
0 0.5859375 0.00787037037037037 0.025520833333333333 0.10462962962962963
0 0.34739583333333335 0.47962962962962963 0.041666666666666664 0.050462962962962966
0 0.44921875 0.5305555555555556 0.02734375 0.034722222222222224
0 0.359375 0.524537037037037 0.025520833333333333 0.034722222222222224
0 0.45390625 0.27361111111111114 0.06380208333333333 0.09583333333333334
0 0.5924479166666666 0.29768518518518516 0.049479166666666664 0.09212962962962963
0 0.1765625 0.3472222222222222 0.038802083333333334 0.04814814814814815
