0 0.80859375 0.4587962962962963 0.01328125 0.03009259259259259
0 0.7940104166666667 0.4685185185185185 0.018229166666666668 0.021296296296296296
0 0.73828125 0.42083333333333334 0.025520833333333333 0.04259259259259259
0 0.77265625 0.19768518518518519 0.016927083333333332 0.029166666666666667
0 0.75078125 0.1736111111111111 0.021875 0.04212962962962963
0 0.7265625 0.20787037037037037 0.02109375 0.044444444444444446
0 0.7013020833333333 0.24953703703703703 0.034375 0.04490740740740741
0 0.5653645833333333 0.1865740740740741 0.020052083333333335 0.03287037037037037
0 0.5263020833333333 0.13703703703703704 0.01875 0.06111111111111111
0 0.41067708333333336 0.12546296296296297 0.02890625 0.04490740740740741
0 0.32135416666666666 0.24953703703703703 0.01953125 0.03148148148148148
0 0.4114583333333333 0.28935185185185186 0.017447916666666667 0.03287037037037037
0 0.38307291666666665 0.24953703703703703 0.016666666666666666 0.03796296296296296
0 0.4203125 0.24212962962962964 0.018229166666666668 0.032407407407407406
0 0.4322916666666667 0.27314814814814814 0.02578125 0.05185185185185185
0 0.47265625 0.25092592592592594 0.015104166666666667 0.047685185185185185
0 0.4700520833333333 0.22916666666666666 0.0328125 0.05648148148148148
0 0.46171875 0.35648148148148145 0.036458333333333336 0.07546296296296297
0 0.5520833333333334 0.3402777777777778 0.023697916666666666 0.03194444444444444
0 0.30703125 0.36157407407407405 0.02265625 0.03981481481481482
0 0.39348958333333334 0.47453703703703703 0.024479166666666666 0.03333333333333333
0 0.4505208333333333 0.5796296296296296 0.026041666666666668 0.03888888888888889
0 0.5947916666666667 0.6666666666666666 0.023177083333333334 0.04027777777777778
0 0.7611979166666667 0.7083333333333334 0.020052083333333335 0.024074074074074074
0 0.7731770833333333 0.7236111111111111 0.019010416666666665 0.03657407407407407
0 0.6036458333333333 0.7481481481481481 0.018489583333333334 0.03333333333333333
0 0.5723958333333333 0.7407407407407407 0.034895833333333334 0.04814814814814815
0 0.46796875 0.8847222222222222 0.01953125 0.03981481481481482
0 0.4401041666666667 0.9462962962962963 0.018489583333333334 0.043055555555555555
0 0.43802083333333336 0.7620370370370371 0.043229166666666666 0.050462962962962966
0 0.43385416666666665 0.6921296296296297 0.019010416666666665 0.047685185185185185
0 0.396875 0.6199074074074075 0.029947916666666668 0.07268518518518519
0 0.3190104166666667 0.7347222222222223 0.01953125 0.027777777777777776
0 0.29661458333333335 0.7708333333333334 0.030989583333333334 0.03564814814814815
0 0.2921875 0.737037037037037 0.021614583333333333 0.032407407407407406
0 0.2875 0.5921296296296297 0.029427083333333333 0.05277777777777778
0 0.27682291666666664 0.6240740740740741 0.02265625 0.033796296296296297
0 0.34791666666666665 0.13657407407407407 0.054947916666666666 0.06157407407407407
0 0.41770833333333335 0.21712962962962962 0.06484375 0.062037037037037036
0 0.48203125 0.21342592592592594 0.05911458333333333 0.07592592592592592
0 0.4375 0.1162037037037037 0.02421875 0.09953703703703703
0 0.0421875 0.38101851851851853 0.042708333333333334 0.08842592592592592
0 0.17447916666666666 0.5763888888888888 0.019010416666666665 0.0375
0 0.23958333333333334 0.6370370370370371 0.023697916666666666 0.05416666666666667
0 0.18255208333333334 0.6435185185185185 0.023177083333333334 0.03148148148148148
0 0.3026041666666667 0.37407407407407406 0.06380208333333333 0.09583333333333334
0 0.44973958333333336 0.3824074074074074 0.05182291666666667 0.10277777777777777
