0 0.9494791666666667 0.24166666666666667 0.01328125 0.03009259259259259
0 0.96015625 0.3074074074074074 0.022395833333333334 0.025925925925925925
0 0.9171875 0.25324074074074077 0.028125 0.04722222222222222
0 0.9390625 0.01712962962962963 0.020572916666666666 0.03564814814814815
0 0.9190104166666667 0.022685185185185187 0.022916666666666665 0.044444444444444446
0 0.88125 0.07453703703703704 0.024479166666666666 0.05138888888888889
0 0.9221354166666667 0.1125 0.030729166666666665 0.06018518518518518
0 0.6588541666666666 0.05694444444444444 0.04921875 0.03981481481481482
0 0.6213541666666667 0.05694444444444444 0.036458333333333336 0.05185185185185185
0 0.4578125 0.12824074074074074 0.020572916666666666 0.03287037037037037
0 0.5565104166666667 0.15833333333333333 0.016666666666666666 0.03148148148148148
0 0.5109375 0.10972222222222222 0.021354166666666667 0.04861111111111111
0 0.5572916666666666 0.1162037037037037 0.022135416666666668 0.03935185185185185
0 0.5744791666666667 0.1638888888888889 0.02578125 0.07777777777777778
0 0.5848958333333333 0.1625 0.03125 0.034722222222222224
0 0.6049479166666667 0.10648148148148148 0.0328125 0.05648148148148148
0 0.6182291666666667 0.22824074074074074 0.04010416666666667 0.05416666666666667
0 0.6919270833333333 0.1537037037037037 0.02734375 0.03796296296296296
0 0.46067708333333335 0.2152777777777778 0.02265625 0.03981481481481482
0 0.5447916666666667 0.2574074074074074 0.022395833333333334 0.030555555555555555
0 0.5364583333333334 0.46064814814814814 0.0203125 0.02824074074074074
0 0.6588541666666666 0.5388888888888889 0.030989583333333334 0.053703703703703705
0 0.92890625 0.5615740740740741 0.028125 0.03425925925925926
0 0.9388020833333334 0.5810185185185185 0.02421875 0.04675925925925926
0 0.7643229166666666 0.6027777777777777 0.0203125 0.03657407407407407
0 0.70625 0.6263888888888889 0.030208333333333334 0.041666666666666664
0 0.5994791666666667 0.7199074074074074 0.020572916666666666 0.041666666666666664
0 0.5526041666666667 0.7819444444444444 0.016927083333333332 0.03935185185185185
0 0.58984375 0.6222222222222222 0.028125 0.050462962962962966
0 0.56015625 0.5231481481481481 0.039322916666666666 0.062037037037037036
0 0.5296875 0.42453703703703705 0.03619791666666667 0.049074074074074076
0 0.47161458333333334 0.6037037037037037 0.04088541666666667 0.04861111111111111
0 0.4544270833333333 0.6453703703703704 0.0453125 0.05740740740740741
0 0.4752604166666667 0.5856481481481481 0.0328125 0.05
0 0.4557291666666667 0.4388888888888889 0.024739583333333332 0.04490740740740741
0 0.4 0.4412037037037037 0.025 0.03518518518518519
0 0.51328125 0.000462962962962963 0.0296875 0.05138888888888889
0 0.559375 0.08888888888888889 0.06796875 0.075
0 0.6135416666666667 0.09814814814814815 0.06197916666666667 0.07962962962962963
0 0.59453125 0.000462962962962963 0.025520833333333333 0.09074074074074075
0 0.35963541666666665 0.4310185185185185 0.04375 0.05277777777777778
0 0.4625 0.48518518518518516 0.029947916666666668 0.038425925925925926
0 0.3684895833333333 0.4740740740740741 0.026822916666666665 0.03611111111111111
0 0.46197916666666666 0.22916666666666666 0.06380208333333333 0.09583333333333334
0 0.59765625 0.25555555555555554 0.049479166666666664 0.09212962962962963
0 0.18697916666666667 0.30787037037037035 0.038802083333333334 0.04814814814814815
