0 0.9015625 0.36342592592592593 0.03567708333333333 0.04537037037037037
0 0.93828125 0.3023148148148148 0.023177083333333334 0.04953703703703704
0 0.9565104166666667 0.2601851851851852 0.02109375 0.04351851851851852
0 0.9575520833333333 0.22824074074074074 0.0203125 0.04259259259259259
0 0.8763020833333334 0.1736111111111111 0.03411458333333333 0.06481481481481481
0 0.8328125 0.21481481481481482 0.02265625 0.040740740740740744
0 0.8213541666666667 0.15138888888888888 0.023177083333333334 0.0412037037037037
0 0.8072916666666666 0.1648148148148148 0.019010416666666665 0.03518518518518519
0 0.7927083333333333 0.12824074074074074 0.021614583333333333 0.038425925925925926
0 0.8125 0.0712962962962963 0.02734375 0.03657407407407407
0 0.8614583333333333 0.044444444444444446 0.023177083333333334 0.03287037037037037
0 0.6893229166666667 0.038425925925925926 0.025260416666666667 0.044444444444444446
0 0.80078125 0.04814814814814815 0.02421875 0.04537037037037037
0 0.9869791666666666 0.1476851851851852 0.024739583333333332 0.050462962962962966
