0 0.8302083333333333 0.4583333333333333 0.01328125 0.03009259259259259
0 0.8119791666666667 0.47175925925925927 0.018229166666666668 0.021296296296296296
0 0.7606770833333333 0.4212962962962963 0.02421875 0.040740740740740744
0 0.7908854166666667 0.19027777777777777 0.016927083333333332 0.029166666666666667
0 0.7716145833333333 0.16712962962962963 0.021875 0.04212962962962963
0 0.74453125 0.2111111111111111 0.02109375 0.044444444444444446
0 0.7299479166666667 0.2587962962962963 0.034375 0.04490740740740741
0 0.57109375 0.17777777777777778 0.020052083333333335 0.03287037037037037
0 0.5330729166666667 0.14305555555555555 0.016927083333333332 0.05555555555555555
0 0.4270833333333333 0.13564814814814816 0.02890625 0.04490740740740741
0 0.3372395833333333 0.26296296296296295 0.017708333333333333 0.02824074074074074
0 0.4270833333333333 0.29583333333333334 0.016666666666666666 0.03148148148148148
0 0.3927083333333333 0.25324074074074077 0.017447916666666667 0.03981481481481482
0 0.43697916666666664 0.25092592592592594 0.018229166666666668 0.032407407407407406
0 0.45026041666666666 0.2773148148148148 0.0234375 0.04722222222222222
0 0.4875 0.25601851851851853 0.015104166666666667 0.047685185185185185
0 0.48802083333333335 0.23703703703703705 0.0328125 0.05648148148148148
0 0.47682291666666665 0.36574074074074076 0.03828125 0.07916666666666666
0 0.5666666666666667 0.33611111111111114 0.023697916666666666 0.03194444444444444
0 0.32421875 0.36574074074074076 0.02265625 0.03981481481481482
0 0.4080729166666667 0.4634259259259259 0.0234375 0.03194444444444444
0 0.4666666666666667 0.5837962962962963 0.02734375 0.040740740740740744
0 0.6 0.6712962962962963 0.023177083333333334 0.04027777777777778
0 0.7817708333333333 0.7157407407407408 0.020052083333333335 0.024074074074074074
0 0.7924479166666667 0.7337962962962963 0.019010416666666665 0.03657407407407407
0 0.6223958333333334 0.750462962962963 0.018489583333333334 0.03333333333333333
0 0.5942708333333333 0.7481481481481481 0.034895833333333334 0.04814814814814815
0 0.4828125 0.8875 0.01953125 0.03981481481481482
0 0.44921875 0.9453703703703704 0.016927083333333332 0.03935185185185185
0 0.4578125 0.7680555555555556 0.043229166666666666 0.050462962962962966
0 0.44765625 0.7032407407407407 0.020052083333333335 0.05
0 0.41354166666666664 0.6134259259259259 0.029947916666666668 0.07268518518518519
0 0.33567708333333335 0.7388888888888889 0.01953125 0.027777777777777776
0 0.3138020833333333 0.7736111111111111 0.029427083333333333 0.033796296296296297
0 0.309375 0.7388888888888889 0.021614583333333333 0.032407407407407406
0 0.30859375 0.5967592592592592 0.029427083333333333 0.05277777777777778
0 0.2828125 0.6236111111111111 0.02265625 0.033796296296296297
0 0.3684895833333333 0.13842592592592592 0.054947916666666666 0.06157407407407407
0 0.43359375 0.22314814814814815 0.06796875 0.06527777777777778
0 0.4986979166666667 0.2212962962962963 0.05911458333333333 0.07592592592592592
0 0.45625 0.11666666666666667 0.02421875 0.09953703703703703
0 0.0546875 0.3972222222222222 0.042708333333333334 0.08842592592592592
0 0.19973958333333333 0.5837962962962963 0.022135416666666668 0.04351851851851852
0 0.2713541666666667 0.6481481481481481 0.023697916666666666 0.05416666666666667
0 0.20598958333333334 0.6375 0.025520833333333333 0.034722222222222224
0 0.32421875 0.38055555555555554 0.06380208333333333 0.09583333333333334
0 0.46510416666666665 0.3875 0.05234375 0.10138888888888889
