0 0.8455729166666667 0.45185185185185184 0.01328125 0.03009259259259259
0 0.82890625 0.47314814814814815 0.018229166666666668 0.021296296296296296
0 0.7799479166666666 0.42916666666666664 0.02421875 0.040740740740740744
0 0.8052083333333333 0.1865740740740741 0.016927083333333332 0.029166666666666667
0 0.7895833333333333 0.16620370370370371 0.021875 0.04212962962962963
0 0.7604166666666666 0.21203703703703702 0.02109375 0.044444444444444446
0 0.7549479166666667 0.2601851851851852 0.03619791666666667 0.04722222222222222
0 0.5799479166666667 0.17962962962962964 0.020052083333333335 0.03287037037037037
0 0.52890625 0.15555555555555556 0.016927083333333332 0.05555555555555555
0 0.4440104166666667 0.14074074074074075 0.02890625 0.04490740740740741
0 0.35052083333333334 0.2712962962962963 0.016927083333333332 0.026851851851851852
0 0.44296875 0.30092592592592593 0.017447916666666667 0.03287037037037037
0 0.40651041666666665 0.25555555555555554 0.019270833333333334 0.04398148148148148
0 0.4518229166666667 0.25555555555555554 0.019010416666666665 0.033796296296296297
0 0.46536458333333336 0.2791666666666667 0.0234375 0.04722222222222222
0 0.5026041666666666 0.26064814814814813 0.014322916666666666 0.04537037037037037
0 0.5026041666666666 0.24074074074074073 0.0328125 0.05648148148148148
0 0.4953125 0.3648148148148148 0.04010416666666667 0.08333333333333333
0 0.5817708333333333 0.33425925925925926 0.023697916666666666 0.03194444444444444
0 0.34036458333333336 0.3680555555555556 0.02265625 0.03981481481481482
0 0.42630208333333336 0.45694444444444443 0.022395833333333334 0.030555555555555555
0 0.47942708333333334 0.5814814814814815 0.026041666666666668 0.03888888888888889
0 0.6067708333333334 0.6726851851851852 0.023177083333333334 0.04027777777777778
0 0.8005208333333333 0.7194444444444444 0.020052083333333335 0.024074074074074074
0 0.8106770833333333 0.7379629629629629 0.019010416666666665 0.03657407407407407
0 0.6393229166666666 0.7541666666666667 0.018489583333333334 0.03333333333333333
0 0.61015625 0.7537037037037037 0.03671875 0.050462962962962966
0 0.49635416666666665 0.8851851851851852 0.018489583333333334 0.03796296296296296
0 0.45989583333333334 0.9490740740740741 0.016145833333333335 0.0375
0 0.47421875 0.7722222222222223 0.043229166666666666 0.050462962962962966
0 0.4630208333333333 0.7092592592592593 0.020052083333333335 0.05
0 0.42864583333333334 0.6148148148148148 0.028645833333333332 0.06944444444444445
0 0.35104166666666664 0.7398148148148148 0.021614583333333333 0.030555555555555555
0 0.32760416666666664 0.7796296296296297 0.028125 0.032407407407407406
0 0.3265625 0.7398148148148148 0.021614583333333333 0.032407407407407406
0 0.32578125 0.5953703703703703 0.029427083333333333 0.05277777777777778
0 0.2916666666666667 0.6259259259259259 0.02265625 0.033796296296296297
0 0.38385416666666666 0.1388888888888889 0.054947916666666666 0.06157407407407407
0 0.4471354166666667 0.22824074074074074 0.06796875 0.06527777777777778
0 0.5127604166666667 0.22361111111111112 0.06197916666666667 0.07962962962962963
0 0.47369791666666666 0.11805555555555555 0.02421875 0.09953703703703703
0 0.065625 0.4111111111111111 0.042708333333333334 0.08842592592592592
0 0.20598958333333334 0.587037037037037 0.03411458333333333 0.041666666666666664
0 0.2916666666666667 0.6513888888888889 0.023697916666666666 0.05416666666666667
0 0.22447916666666667 0.6370370370370371 0.02421875 0.03287037037037037
0 0.33958333333333335 0.3814814814814815 0.06380208333333333 0.09583333333333334
0 0.4864583333333333 0.38472222222222224 0.05182291666666667 0.09675925925925925
