0 0.5494791666666666 0.14444444444444443 0.028645833333333332 0.03981481481481482
0 0.6614583333333334 0.2351851851851852 0.046614583333333334 0.05925925925925926
0 0.9669270833333333 0.24212962962962964 0.029427083333333333 0.03611111111111111
0 0.9731770833333333 0.24953703703703703 0.025520833333333333 0.049074074074074076
0 0.7963541666666667 0.2759259259259259 0.023697916666666666 0.04259259259259259
0 0.7401041666666667 0.324537037037037 0.03333333333333333 0.04583333333333333
0 0.6221354166666667 0.3773148148148148 0.025 0.050462962962962966
0 0.5661458333333333 0.4222222222222222 0.020572916666666666 0.047685185185185185
0 0.6278645833333333 0.31157407407407406 0.023958333333333335 0.041666666666666664
0 0.525 0.1111111111111111 0.03984375 0.05416666666666667
0 0.51171875 0.29398148148148145 0.033854166666666664 0.04583333333333333
0 0.5041666666666667 0.25046296296296294 0.034375 0.05277777777777778
0 0.4979166666666667 0.10462962962962963 0.028645833333333332 0.052314814814814814
0 0.46171875 0.06620370370370371 0.028645833333333332 0.05185185185185185
0 0.41510416666666666 0.10277777777777777 0.041666666666666664 0.050462962962962966
0 0.5028645833333333 0.18425925925925926 0.02734375 0.034722222222222224
0 0.41796875 0.13425925925925927 0.032552083333333336 0.04398148148148148
0 0.23125 0.00787037037037037 0.03515625 0.04351851851851852
0 0.5796875 0.19537037037037036 0.04088541666666667 0.06157407407407407
0 0.48880208333333336 0.3282407407407407 0.03723958333333333 0.053703703703703705
