0 0.8182291666666667 0.4625 0.0140625 0.03148148148148148
0 0.8018229166666667 0.4708333333333333 0.018229166666666668 0.021296296296296296
0 0.75 0.4217592592592593 0.026822916666666665 0.04490740740740741
0 0.7825520833333334 0.19305555555555556 0.016927083333333332 0.029166666666666667
0 0.7625 0.17222222222222222 0.021875 0.04212962962962963
0 0.7354166666666667 0.20925925925925926 0.02109375 0.044444444444444446
0 0.715625 0.2574074074074074 0.034375 0.04490740740740741
0 0.5661458333333333 0.1814814814814815 0.020052083333333335 0.03287037037037037
0 0.5294270833333333 0.13240740740740742 0.01796875 0.058333333333333334
0 0.41796875 0.1300925925925926 0.02890625 0.04490740740740741
0 0.3294270833333333 0.2564814814814815 0.017708333333333333 0.02824074074074074
0 0.41901041666666666 0.29398148148148145 0.017447916666666667 0.03287037037037037
0 0.38776041666666666 0.25324074074074077 0.017447916666666667 0.03981481481481482
0 0.428125 0.24814814814814815 0.018229166666666668 0.032407407407407406
0 0.4393229166666667 0.275 0.024479166666666666 0.04953703703703704
0 0.48020833333333335 0.25277777777777777 0.015104166666666667 0.047685185185185185
0 0.4796875 0.23333333333333334 0.0328125 0.05648148148148148
0 0.46901041666666665 0.3611111111111111 0.036458333333333336 0.07546296296296297
0 0.5591145833333333 0.33935185185185185 0.023697916666666666 0.03194444444444444
0 0.31536458333333334 0.3638888888888889 0.02265625 0.03981481481481482
0 0.3997395833333333 0.4675925925925926 0.0234375 0.03194444444444444
0 0.4583333333333333 0.5763888888888888 0.026041666666666668 0.03888888888888889
0 0.596875 0.6712962962962963 0.023177083333333334 0.04027777777777778
0 0.7713541666666667 0.7129629629629629 0.020052083333333335 0.024074074074074074
0 0.7828125 0.7273148148148149 0.019010416666666665 0.03657407407407407
0 0.6125 0.7509259259259259 0.018489583333333334 0.03333333333333333
0 0.5856770833333333 0.7439814814814815 0.034895833333333334 0.04814814814814815
0 0.4752604166666667 0.8875 0.01953125 0.03981481481481482
0 0.44505208333333335 0.9458333333333333 0.017708333333333333 0.0412037037037037
0 0.4466145833333333 0.7666666666666667 0.043229166666666666 0.050462962962962966
0 0.4393229166666667 0.6976851851851852 0.020052083333333335 0.05
0 0.40572916666666664 0.6148148148148148 0.029947916666666668 0.07268518518518519
0 0.328125 0.736574074074074 0.01953125 0.027777777777777776
0 0.3046875 0.7731481481481481 0.030989583333333334 0.03564814814814815
0 0.30104166666666665 0.7388888888888889 0.021614583333333333 0.032407407407407406
0 0.2981770833333333 0.5962962962962963 0.029427083333333333 0.05277777777777778
0 0.28125 0.6208333333333333 0.02265625 0.033796296296296297
0 0.35989583333333336 0.13703703703703704 0.054947916666666666 0.06157407407407407
0 0.425 0.22083333333333333 0.06796875 0.06527777777777778
0 0.4901041666666667 0.21898148148148147 0.05911458333333333 0.07592592592592592
0 0.4466145833333333 0.1175925925925926 0.02421875 0.09953703703703703
0 0.048177083333333336 0.38981481481481484 0.042708333333333334 0.08842592592592592
0 0.18802083333333333 0.5805555555555556 0.020833333333333332 0.0412037037037037
0 0.25494791666666666 0.6439814814814815 0.023697916666666666 0.05416666666666667
0 0.19427083333333334 0.6370370370370371 0.02421875 0.03287037037037037
0 0.31614583333333335 0.37824074074074077 0.06380208333333333 0.09583333333333334
0 0.45703125 0.3837962962962963 0.05390625 0.09768518518518518
