0 0.4791666666666667 0.2847222222222222 0.014583333333333334 0.0375
0 0.5723958333333333 0.5648148148148148 0.03463541666666667 0.05324074074074074
0 0.9950520833333333 0.6217592592592592 0.030989583333333334 0.03796296296296296
0 0.8049479166666667 0.5708333333333333 0.02734375 0.049074074074074076
0 0.7924479166666667 0.6671296296296296 0.028125 0.040740740740740744
0 0.55859375 0.6069444444444444 0.025 0.050462962962962966
0 0.5239583333333333 0.7324074074074074 0.038802083333333334 0.03935185185185185
0 0.6140625 0.5976851851851852 0.02421875 0.04212962962962963
0 0.4859375 0.39814814814814814 0.021614583333333333 0.031018518518518518
0 0.4921875 0.5925925925925926 0.03723958333333333 0.07407407407407407
0 0.46979166666666666 0.4861111111111111 0.015364583333333333 0.04027777777777778
0 0.47994791666666664 0.2763888888888889 0.0203125 0.037037037037037035
0 0.43463541666666666 0.287962962962963 0.03515625 0.050462962962962966
0 0.46380208333333334 0.3388888888888889 0.018229166666666668 0.037037037037037035
0 0.49375 0.2759259259259259 0.013802083333333333 0.03333333333333333
0 0.45364583333333336 0.3388888888888889 0.021875 0.033796296296296297
0 0.4856770833333333 0.538425925925926 0.022395833333333334 0.059722222222222225
0 0.3138020833333333 0.2074074074074074 0.026041666666666668 0.05648148148148148
0 0.52734375 0.3347222222222222 0.017447916666666667 0.03564814814814815
0 0.6359375 0.30787037037037035 0.062239583333333334 0.07777777777777778
0 0.9106770833333333 0.2638888888888889 0.01640625 0.03611111111111111
0 0.3765625 0.14351851851851852 0.04140625 0.14305555555555555
0 0.37604166666666666 0.15555555555555556 0.021614583333333333 0.03611111111111111
0 0.6153645833333333 0.33194444444444443 0.016927083333333332 0.03981481481481482
0 0.6609375 0.2828703703703704 0.029947916666666668 0.03796296296296296
0 0.9197916666666667 0.19814814814814816 0.020572916666666666 0.03333333333333333
0 0.9072916666666667 0.24305555555555555 0.021614583333333333 0.02824074074074074
0 0.56171875 0.1412037037037037 0.020572916666666666 0.03935185185185185
0 0.44479166666666664 0.16296296296296298 0.016666666666666666 0.040740740740740744
0 0.4825520833333333 0.15833333333333333 0.020833333333333332 0.03611111111111111
0 0.47942708333333334 0.13148148148148148 0.06875 0.06851851851851852
0 0.6401041666666667 0.0962962962962963 0.04895833333333333 0.09907407407407408
0 0.65546875 0.11574074074074074 0.015364583333333333 0.04490740740740741
0 0.83359375 0.09166666666666666 0.029947916666666668 0.05555555555555555
0 0.959375 0.0712962962962963 0.03307291666666667 0.062037037037037036
0 0.63515625 0.3037037037037037 0.017447916666666667 0.0375
0 0.9036458333333334 0.08333333333333333 0.032552083333333336 0.053703703703703705
0 0.6153645833333333 0.08888888888888889 0.022135416666666668 0.029166666666666667
0 0.6380208333333334 0.0962962962962963 0.021614583333333333 0.037037037037037035
0 0.46875 0.08055555555555556 0.017447916666666667 0.027777777777777776
0 0.6364583333333333 0.018055555555555554 0.029166666666666667 0.05555555555555555
0 0.9515625 0.02546296296296296 0.03697916666666667 0.05138888888888889
0 0.978125 0.032407407407407406 0.026041666666666668 0.038425925925925926
0 0.46822916666666664 0.044444444444444446 0.06276041666666667 0.04212962962962963
0 0.609375 0.20462962962962963 0.02421875 0.03194444444444444
0 0.5408854166666667 0.5069444444444444 0.027604166666666666 0.05138888888888889
