0 0.4375 0.2689814814814815 0.015104166666666667 0.03981481481481482
0 0.55703125 0.5810185185185185 0.029947916666666668 0.04583333333333333
0 0.7947916666666667 0.5722222222222222 0.028645833333333332 0.05138888888888889
0 0.8236979166666667 0.6212962962962963 0.029427083333333333 0.04259259259259259
0 0.53125 0.5939814814814814 0.01953125 0.03935185185185185
0 0.51484375 0.7388888888888889 0.029166666666666667 0.03148148148148148
0 0.5802083333333333 0.5152777777777777 0.030989583333333334 0.05416666666666667
0 0.45859375 0.4310185185185185 0.025 0.04722222222222222
0 0.4513020833333333 0.5282407407407408 0.020572916666666666 0.03796296296296296
0 0.4515625 0.27546296296296297 0.02265625 0.03888888888888889
0 0.39427083333333335 0.37083333333333335 0.03203125 0.05694444444444444
0 0.45208333333333334 0.36712962962962964 0.015104166666666667 0.03194444444444444
0 0.4934895833333333 0.30833333333333335 0.011979166666666667 0.028703703703703703
0 0.42864583333333334 0.41944444444444445 0.02421875 0.046296296296296294
0 0.353125 0.12638888888888888 0.022395833333333334 0.040740740740740744
0 0.5203125 0.38842592592592595 0.0234375 0.047685185185185185
0 0.6356770833333333 0.3333333333333333 0.06536458333333334 0.06018518518518518
0 0.8744791666666667 0.26342592592592595 0.015625 0.03425925925925926
0 0.36770833333333336 0.12685185185185185 0.0703125 0.0763888888888889
0 0.6135416666666667 0.337037037037037 0.01953125 0.0375
0 0.6533854166666667 0.32685185185185184 0.03125 0.027777777777777776
0 0.8723958333333334 0.2310185185185185 0.01953125 0.03194444444444444
0 0.9177083333333333 0.262037037037037 0.025 0.032407407407407406
0 0.6338541666666667 0.1648148148148148 0.02265625 0.04351851851851852
0 0.41796875 0.20925925925925926 0.015104166666666667 0.037037037037037035
0 0.44114583333333335 0.2064814814814815 0.025520833333333333 0.04398148148148148
0 0.44036458333333334 0.1787037037037037 0.06588541666666667 0.062037037037037036
0 0.6255208333333333 0.08194444444444444 0.05130208333333333 0.10416666666666667
0 0.8830729166666667 0.07824074074074074 0.027083333333333334 0.050462962962962966
0 0.9596354166666666 0.07314814814814814 0.032552083333333336 0.05138888888888889
0 0.6309895833333333 0.33611111111111114 0.01953125 0.04861111111111111
0 0.90234375 0.10231481481481482 0.032552083333333336 0.053703703703703705
0 0.5755208333333334 0.10555555555555556 0.030989583333333334 0.062037037037037036
0 0.44479166666666664 0.1111111111111111 0.01640625 0.02638888888888889
0 0.6359375 0.038425925925925926 0.057291666666666664 0.05787037037037037
0 0.9606770833333333 0.015277777777777777 0.026302083333333334 0.029166666666666667
0 0.98359375 0.04490740740740741 0.02890625 0.04212962962962963
0 0.4427083333333333 0.08148148148148149 0.06276041666666667 0.050462962962962966
0 0.5877604166666667 0.2986111111111111 0.02421875 0.03194444444444444
0 0.52421875 0.5046296296296297 0.023958333333333335 0.044444444444444446
0 0.6106770833333334 0.11064814814814815 0.017708333333333333 0.03935185185185185
0 0.49244791666666665 0.5782407407407407 0.021354166666666667 0.038425925925925926
0 0.49296875 0.6222222222222222 0.030989583333333334 0.05185185185185185
0 0.62890625 0.03796296296296296 0.02578125 0.03564814814814815
0 0.37447916666666664 0.20416666666666666 0.0171875 0.024074074074074074
0 0.6447916666666667 0.1087962962962963 0.024479166666666666 0.03333333333333333
