0 0.4700520833333333 0.26990740740740743 0.014583333333333334 0.03796296296296296
0 0.5690104166666666 0.5638888888888889 0.03463541666666667 0.05324074074074074
0 0.79375 0.5657407407407408 0.02734375 0.049074074074074076
0 0.8041666666666667 0.6671296296296296 0.028125 0.040740740740740744
0 0.5481770833333334 0.6023148148148149 0.025 0.050462962962962966
0 0.5244791666666667 0.7314814814814815 0.040625 0.0412037037037037
0 0.60546875 0.5745370370370371 0.028125 0.049074074074074076
0 0.48359375 0.38425925925925924 0.021614583333333333 0.031018518518518518
0 0.46848958333333335 0.48842592592592593 0.014583333333333334 0.038425925925925926
0 0.4744791666666667 0.2625 0.021354166666666667 0.03888888888888889
0 0.4234375 0.2916666666666667 0.03671875 0.05324074074074074
0 0.46536458333333336 0.3337962962962963 0.013541666666666667 0.029166666666666667
0 0.49375 0.28379629629629627 0.012760416666666666 0.03009259259259259
0 0.45286458333333335 0.33796296296296297 0.01640625 0.033796296296296297
0 0.32395833333333335 0.1736111111111111 0.028645833333333332 0.0625
0 0.52421875 0.33425925925925926 0.017447916666666667 0.03564814814814815
0 0.63671875 0.3101851851851852 0.06875 0.08564814814814815
0 0.90234375 0.26064814814814813 0.015625 0.03425925925925926
0 0.3723958333333333 0.13425925925925927 0.039322916666666666 0.1361111111111111
0 0.37135416666666665 0.1449074074074074 0.021614583333333333 0.03611111111111111
0 0.6158854166666666 0.33287037037037037 0.016927083333333332 0.03981481481481482
0 0.6619791666666667 0.2865740740740741 0.031510416666666666 0.03981481481481482
0 0.90625 0.2037037037037037 0.021614583333333333 0.03518518518518519
0 0.9067708333333333 0.24351851851851852 0.021614583333333333 0.02824074074074074
0 0.5755208333333334 0.1398148148148148 0.020572916666666666 0.03935185185185185
0 0.44088541666666664 0.16527777777777777 0.016666666666666666 0.040740740740740744
0 0.47369791666666666 0.16805555555555557 0.022135416666666668 0.03796296296296296
0 0.47161458333333334 0.1337962962962963 0.06588541666666667 0.062037037037037036
0 0.6401041666666667 0.09722222222222222 0.04895833333333333 0.09907407407407408
0 0.8463541666666666 0.08101851851851852 0.028385416666666666 0.05324074074074074
0 0.9575520833333333 0.06666666666666667 0.031510416666666666 0.05925925925925926
0 0.63671875 0.3060185185185185 0.016666666666666666 0.03564814814814815
0 0.90390625 0.08611111111111111 0.032552083333333336 0.053703703703703705
0 0.6111979166666667 0.0824074074074074 0.02109375 0.027777777777777776
0 0.6393229166666666 0.08981481481481482 0.02265625 0.03888888888888889
0 0.46015625 0.08055555555555556 0.017447916666666667 0.027777777777777776
0 0.6356770833333333 0.027777777777777776 0.029166666666666667 0.05555555555555555
0 0.9559895833333333 0.024537037037037038 0.03515625 0.049074074074074076
0 0.9783854166666667 0.032407407407407406 0.026041666666666668 0.038425925925925926
0 0.46015625 0.046296296296296294 0.06276041666666667 0.04212962962962963
0 0.61640625 0.2310185185185185 0.025520833333333333 0.033796296296296297
0 0.53984375 0.5097222222222222 0.027604166666666666 0.05138888888888889
0 0.49557291666666664 0.6060185185185185 0.044270833333333336 0.06481481481481481
0 0.48723958333333334 0.5467592592592593 0.030208333333333334 0.0625
0 0.6325520833333333 0.10231481481481482 0.01796875 0.041666666666666664
