0 0.5044270833333333 0.36712962962962964 0.016927083333333332 0.04351851851851852
0 0.6059895833333333 0.5615740740740741 0.036458333333333336 0.056018518518518516
0 0.96328125 0.5837962962962963 0.026822916666666665 0.03287037037037037
0 0.97734375 0.5939814814814814 0.023177083333333334 0.05648148148148148
0 0.81796875 0.6101851851851852 0.028645833333333332 0.05138888888888889
0 0.7640625 0.6680555555555555 0.028125 0.040740740740740744
0 0.5924479166666666 0.649074074074074 0.025 0.050462962962962966
0 0.5361979166666667 0.749537037037037 0.01953125 0.04537037037037037
0 0.6239583333333333 0.6328703703703704 0.02421875 0.04212962962962963
0 0.5104166666666666 0.4337962962962963 0.025 0.03611111111111111
0 0.496875 0.5875 0.027083333333333334 0.03796296296296296
0 0.47708333333333336 0.5342592592592592 0.02421875 0.04027777777777778
0 0.47682291666666665 0.3861111111111111 0.022395833333333334 0.0412037037037037
0 0.47291666666666665 0.3060185185185185 0.03177083333333333 0.04583333333333333
0 0.4578125 0.3888888888888889 0.018229166666666668 0.037037037037037035
0 0.49583333333333335 0.35694444444444445 0.016145833333333335 0.038425925925925926
0 0.4518229166666667 0.36203703703703705 0.021875 0.033796296296296297
0 0.5591145833333333 0.513425925925926 0.041666666666666664 0.07175925925925926
0 0.49895833333333334 0.5291666666666667 0.021354166666666667 0.03564814814814815
0 0.26640625 0.30324074074074076 0.026041666666666668 0.05648148148148148
0 0.5466145833333333 0.33564814814814814 0.022395833333333334 0.04537037037037037
0 0.6270833333333333 0.2953703703703704 0.059375 0.07407407407407407
0 0.6111979166666667 0.28935185185185186 0.020052083333333335 0.03333333333333333
0 0.940625 0.24675925925925926 0.02421875 0.03935185185185185
0 0.46328125 0.262037037037037 0.06484375 0.07546296296296297
0 0.4635416666666667 0.26157407407407407 0.026041666666666668 0.04398148148148148
0 0.6145833333333334 0.3337962962962963 0.016927083333333332 0.05648148148148148
0 0.6544270833333333 0.26481481481481484 0.032552083333333336 0.056018518518518516
0 0.9580729166666667 0.19398148148148148 0.020572916666666666 0.03333333333333333
0 0.93203125 0.2324074074074074 0.025 0.032407407407407406
0 0.5572916666666666 0.175 0.020572916666666666 0.03935185185185185
0 0.4640625 0.16203703703703703 0.016666666666666666 0.040740740740740744
0 0.5278645833333333 0.14305555555555555 0.020833333333333332 0.03611111111111111
0 0.5221354166666666 0.11666666666666667 0.06536458333333334 0.06527777777777778
0 0.64375 0.09583333333333334 0.04895833333333333 0.09907407407407408
0 0.6903645833333333 0.14166666666666666 0.03828125 0.059722222222222225
0 0.7796875 0.1162037037037037 0.027083333333333334 0.050462962962962966
0 0.9408854166666667 0.10324074074074074 0.028645833333333332 0.053703703703703705
0 0.6299479166666667 0.2865740740740741 0.0203125 0.04351851851851852
0 0.903125 0.0837962962962963 0.032552083333333336 0.053703703703703705
0 0.61796875 0.06759259259259259 0.023177083333333334 0.030555555555555555
0 0.6385416666666667 0.10277777777777777 0.021614583333333333 0.037037037037037035
0 0.50625 0.07685185185185185 0.014322916666666666 0.03564814814814815
0 0.63046875 0.02962962962962963 0.024739583333333332 0.04861111111111111
0 0.9466145833333334 0.025925925925925925 0.02890625 0.04027777777777778
0 0.9708333333333333 0.01898148148148148 0.025 0.03657407407407407
0 0.5135416666666667 0.01990740740740741 0.059895833333333336 0.04027777777777778
