0 0.46171875 0.26481481481481484 0.014583333333333334 0.03796296296296296
0 0.5671875 0.5634259259259259 0.03463541666666667 0.05324074074074074
0 0.79375 0.5611111111111111 0.02734375 0.049074074074074076
0 0.8098958333333334 0.6648148148148149 0.028125 0.040740740740740744
0 0.5424479166666667 0.600462962962963 0.025 0.050462962962962966
0 0.52109375 0.7314814814814815 0.027864583333333335 0.03009259259259259
0 0.6015625 0.562962962962963 0.028125 0.049074074074074076
0 0.48098958333333336 0.3824074074074074 0.021614583333333333 0.031018518518518518
0 0.4661458333333333 0.4925925925925926 0.01328125 0.034722222222222224
0 0.4752604166666667 0.2587962962962963 0.0203125 0.037037037037037035
0 0.41875 0.2962962962962963 0.04244791666666667 0.06157407407407407
0 0.4640625 0.3337962962962963 0.013541666666666667 0.029166666666666667
0 0.4934895833333333 0.2824074074074074 0.012760416666666666 0.03009259259259259
0 0.45260416666666664 0.33796296296296297 0.01640625 0.033796296296296297
0 0.33177083333333335 0.1486111111111111 0.030208333333333334 0.06527777777777778
0 0.5203125 0.33796296296296297 0.018489583333333334 0.037037037037037035
0 0.634375 0.31296296296296294 0.06875 0.06342592592592593
0 0.8971354166666666 0.25555555555555554 0.015625 0.03425925925925926
0 0.37265625 0.12407407407407407 0.054427083333333334 0.12824074074074074
0 0.37161458333333336 0.14166666666666666 0.021614583333333333 0.03611111111111111
0 0.615625 0.33564814814814814 0.016927083333333332 0.03981481481481482
0 0.6578125 0.30694444444444446 0.0296875 0.02638888888888889
0 0.8979166666666667 0.2037037037037037 0.020572916666666666 0.03333333333333333
0 0.9065104166666667 0.24027777777777778 0.020572916666666666 0.026851851851851852
0 0.584375 0.14351851851851852 0.020572916666666666 0.03935185185185185
0 0.44088541666666664 0.17592592592592593 0.017447916666666667 0.043055555555555555
0 0.4669270833333333 0.17175925925925925 0.023177083333333334 0.03981481481481482
0 0.4669270833333333 0.1398148148148148 0.06588541666666667 0.062037037037037036
0 0.6388020833333333 0.09583333333333334 0.05130208333333333 0.10416666666666667
0 0.8526041666666667 0.08472222222222223 0.028385416666666666 0.05324074074074074
0 0.9611979166666667 0.06018518518518518 0.031510416666666666 0.05925925925925926
0 0.6361979166666667 0.30787037037037035 0.01953125 0.03564814814814815
0 0.9036458333333334 0.08472222222222223 0.032552083333333336 0.053703703703703705
0 0.6075520833333333 0.08009259259259259 0.02109375 0.027777777777777776
0 0.6364583333333333 0.09351851851851851 0.021614583333333333 0.037037037037037035
0 0.45859375 0.08842592592592592 0.017447916666666667 0.027777777777777776
0 0.6333333333333333 0.025925925925925925 0.027864583333333335 0.05277777777777778
0 0.9604166666666667 0.017592592592592594 0.025 0.03518518518518519
0 0.9778645833333334 0.03287037037037037 0.026041666666666668 0.038425925925925926
0 0.45598958333333334 0.05092592592592592 0.06276041666666667 0.04212962962962963
0 0.6177083333333333 0.24722222222222223 0.026822916666666665 0.03518518518518519
0 0.5388020833333333 0.5074074074074074 0.027604166666666666 0.05138888888888889
0 0.4979166666666667 0.6125 0.044270833333333336 0.06481481481481481
0 0.4875 0.5518518518518518 0.030208333333333334 0.0625
0 0.6302083333333334 0.10787037037037037 0.018489583333333334 0.05138888888888889
