0 0.4630208333333333 0.2662037037037037 0.014583333333333334 0.03796296296296296
0 0.5671875 0.5648148148148148 0.03463541666666667 0.05324074074074074
0 0.7932291666666667 0.5611111111111111 0.02734375 0.049074074074074076
0 0.8091145833333333 0.6657407407407407 0.028125 0.040740740740740744
0 0.5432291666666667 0.6018518518518519 0.025 0.050462962962962966
0 0.5200520833333333 0.7319444444444444 0.027864583333333335 0.03009259259259259
0 0.6033854166666667 0.5652777777777778 0.028125 0.049074074074074076
0 0.4817708333333333 0.3824074074074074 0.021614583333333333 0.031018518518518518
0 0.4666666666666667 0.49166666666666664 0.01328125 0.034722222222222224
0 0.47734375 0.2601851851851852 0.021354166666666667 0.03888888888888889
0 0.4200520833333333 0.2949074074074074 0.04244791666666667 0.06157407407407407
0 0.46432291666666664 0.33287037037037037 0.013541666666666667 0.029166666666666667
0 0.49322916666666666 0.2833333333333333 0.012760416666666666 0.03009259259259259
0 0.45286458333333335 0.33796296296296297 0.01640625 0.033796296296296297
0 0.3296875 0.15416666666666667 0.030208333333333334 0.06527777777777778
0 0.5223958333333333 0.337037037037037 0.017447916666666667 0.03564814814814815
0 0.6333333333333333 0.3125 0.06875 0.06342592592592593
0 0.8979166666666667 0.25555555555555554 0.015625 0.03425925925925926
0 0.371875 0.12129629629629629 0.054427083333333334 0.12824074074074074
0 0.371875 0.14166666666666666 0.021614583333333333 0.03611111111111111
0 0.6158854166666666 0.3347222222222222 0.016927083333333332 0.03981481481481482
0 0.6609375 0.30648148148148147 0.0296875 0.02638888888888889
0 0.8997395833333334 0.20462962962962963 0.021614583333333333 0.03518518518518519
0 0.9065104166666667 0.24074074074074073 0.020572916666666666 0.026851851851851852
0 0.5817708333333333 0.1412037037037037 0.020572916666666666 0.03935185185185185
0 0.440625 0.175 0.017447916666666667 0.043055555555555555
0 0.46848958333333335 0.1699074074074074 0.023177083333333334 0.03981481481481482
0 0.46822916666666664 0.13796296296296295 0.06588541666666667 0.062037037037037036
0 0.6380208333333334 0.09722222222222222 0.05130208333333333 0.10416666666666667
0 0.8513020833333333 0.08472222222222223 0.028385416666666666 0.05324074074074074
0 0.9604166666666667 0.062037037037037036 0.031510416666666666 0.05925925925925926
0 0.6354166666666666 0.30694444444444446 0.01953125 0.03564814814814815
0 0.903125 0.08472222222222223 0.032552083333333336 0.053703703703703705
0 0.60859375 0.08055555555555556 0.02109375 0.027777777777777776
0 0.6364583333333333 0.09351851851851851 0.02265625 0.03888888888888889
0 0.4588541666666667 0.08657407407407407 0.018229166666666668 0.029166666666666667
0 0.6338541666666667 0.02638888888888889 0.027864583333333335 0.05277777777777778
0 0.9596354166666666 0.017592592592592594 0.025 0.03518518518518519
0 0.9786458333333333 0.03333333333333333 0.026041666666666668 0.038425925925925926
0 0.45677083333333335 0.04953703703703704 0.06276041666666667 0.04212962962962963
0 0.6177083333333333 0.24166666666666667 0.026822916666666665 0.03518518518518519
0 0.5401041666666667 0.5069444444444444 0.027604166666666666 0.05138888888888889
0 0.49713541666666666 0.6106481481481482 0.044270833333333336 0.06481481481481481
0 0.48802083333333335 0.5513888888888889 0.030208333333333334 0.0625
0 0.6309895833333333 0.10740740740740741 0.019010416666666665 0.047685185185185185
