0 0.5046875 0.35462962962962963 0.015364583333333333 0.03981481481481482
0 0.5950520833333334 0.5648148148148148 0.036458333333333336 0.056018518518518516
0 0.9697916666666667 0.5902777777777778 0.028125 0.03425925925925926
0 0.9854166666666667 0.5958333333333333 0.023177083333333334 0.05648148148148148
0 0.8200520833333333 0.6023148148148149 0.029947916666666668 0.05416666666666667
0 0.7731770833333333 0.6694444444444444 0.028125 0.040740740740740744
0 0.5924479166666666 0.6365740740740741 0.025 0.050462962962962966
0 0.5309895833333333 0.7462962962962963 0.018489583333333334 0.043055555555555555
0 0.6231770833333333 0.6333333333333333 0.02421875 0.04212962962962963
0 0.5067708333333333 0.4203703703703704 0.023958333333333335 0.03425925925925926
0 0.48984375 0.587037037037037 0.02578125 0.03611111111111111
0 0.47630208333333335 0.5018518518518519 0.025260416666666667 0.04212962962962963
0 0.47578125 0.35833333333333334 0.021354166666666667 0.03888888888888889
0 0.47421875 0.29444444444444445 0.02890625 0.041666666666666664
0 0.45859375 0.3736111111111111 0.01640625 0.033796296296296297
0 0.49635416666666665 0.34305555555555556 0.016927083333333332 0.04027777777777778
0 0.4518229166666667 0.34953703703703703 0.021875 0.033796296296296297
0 0.55703125 0.5097222222222222 0.041666666666666664 0.07175925925925926
0 0.4947916666666667 0.5194444444444445 0.0203125 0.033796296296296297
0 0.2765625 0.30277777777777776 0.023697916666666666 0.05138888888888889
0 0.54296875 0.33287037037037037 0.021354166666666667 0.043055555555555555
0 0.6278645833333333 0.29074074074074074 0.062239583333333334 0.07777777777777778
0 0.93359375 0.24166666666666667 0.02421875 0.03935185185185185
0 0.45546875 0.2513888888888889 0.06484375 0.07546296296296297
0 0.4549479166666667 0.2537037037037037 0.026041666666666668 0.04398148148148148
0 0.6138020833333333 0.3212962962962963 0.016145833333333335 0.03796296296296296
0 0.6580729166666667 0.26342592592592595 0.028645833333333332 0.03611111111111111
0 0.9510416666666667 0.18796296296296297 0.020572916666666666 0.03333333333333333
0 0.9265625 0.22824074074074074 0.02265625 0.02962962962962963
0 0.55703125 0.17222222222222222 0.020572916666666666 0.03935185185185185
0 0.4578125 0.1638888888888889 0.016666666666666666 0.040740740740740744
0 0.51640625 0.14722222222222223 0.020833333333333332 0.03611111111111111
0 0.5130208333333334 0.12083333333333333 0.06536458333333334 0.06527777777777778
0 0.6419270833333334 0.09861111111111111 0.04895833333333333 0.09907407407407408
0 0.6973958333333333 0.13333333333333333 0.036458333333333336 0.05694444444444444
0 0.7901041666666667 0.1125 0.027083333333333334 0.050462962962962966
0 0.9416666666666667 0.08888888888888889 0.028645833333333332 0.053703703703703705
0 0.6317708333333333 0.2875 0.021354166666666667 0.04583333333333333
0 0.90390625 0.08148148148148149 0.032552083333333336 0.053703703703703705
0 0.6145833333333334 0.06018518518518518 0.024479166666666666 0.03194444444444444
0 0.6377604166666667 0.10185185185185185 0.021614583333333333 0.037037037037037035
0 0.4984375 0.08703703703703704 0.013541666666666667 0.033796296296296297
0 0.6322916666666667 0.027777777777777776 0.029166666666666667 0.05555555555555555
0 0.9453125 0.02361111111111111 0.03203125 0.044444444444444446
0 0.9723958333333333 0.02361111111111111 0.025 0.03657407407407407
0 0.50546875 0.026851851851851852 0.059895833333333336 0.04027777777777778
0 0.60703125 0.28379629629629627 0.02421875 0.03194444444444444
