0 0.4739583333333333 0.2861111111111111 0.014583333333333334 0.03796296296296296
0 0.5700520833333333 0.5643518518518519 0.03463541666666667 0.05324074074074074
0 1.00234375 0.6134259259259259 0.021354166666666667 0.022222222222222223
0 0.7973958333333333 0.5685185185185185 0.02734375 0.049074074074074076
0 0.7963541666666667 0.6643518518518519 0.028125 0.040740740740740744
0 0.5533854166666666 0.6050925925925926 0.025 0.050462962962962966
0 0.5236979166666667 0.7333333333333333 0.040625 0.0412037037037037
0 0.60859375 0.5893518518518519 0.02421875 0.04212962962962963
0 0.48385416666666664 0.3921296296296296 0.021614583333333333 0.031018518518518518
0 0.46953125 0.48703703703703705 0.014583333333333334 0.038425925925925926
0 0.47682291666666665 0.2712962962962963 0.021354166666666667 0.03888888888888889
0 0.43125 0.2898148148148148 0.03515625 0.050462962962962966
0 0.46484375 0.33425925925925926 0.014322916666666666 0.030555555555555555
0 0.49296875 0.27870370370370373 0.012760416666666666 0.03009259259259259
0 0.45598958333333334 0.337037037037037 0.021875 0.033796296296296297
0 0.4856770833333333 0.5444444444444444 0.022395833333333334 0.059722222222222225
0 0.31640625 0.19166666666666668 0.028645833333333332 0.0625
0 0.5265625 0.33194444444444443 0.017447916666666667 0.03564814814814815
0 0.6364583333333333 0.3087962962962963 0.06536458333333334 0.08148148148148149
0 0.90703125 0.26064814814814813 0.015625 0.03425925925925926
0 0.37552083333333336 0.13703703703703704 0.04140625 0.14305555555555555
0 0.37473958333333335 0.14907407407407408 0.020572916666666666 0.03425925925925926
0 0.615625 0.33287037037037037 0.016927083333333332 0.03981481481481482
0 0.6609375 0.28425925925925927 0.031510416666666666 0.03981481481481482
0 0.91328125 0.19814814814814816 0.021614583333333333 0.03518518518518519
0 0.9075520833333334 0.24259259259259258 0.020572916666666666 0.026851851851851852
0 0.5677083333333334 0.13657407407407407 0.020572916666666666 0.03935185185185185
0 0.44244791666666666 0.16157407407407406 0.015885416666666666 0.03888888888888889
0 0.478125 0.16296296296296298 0.022135416666666668 0.03796296296296296
0 0.4747395833333333 0.13425925925925927 0.06588541666666667 0.062037037037037036
0 0.64140625 0.09490740740740741 0.04895833333333333 0.09907407407407408
0 0.6526041666666667 0.11388888888888889 0.014583333333333334 0.04259259259259259
0 0.83984375 0.08888888888888889 0.029947916666666668 0.05555555555555555
0 0.95859375 0.06898148148148148 0.03307291666666667 0.062037037037037036
0 0.6354166666666666 0.3060185185185185 0.017447916666666667 0.0375
0 0.9044270833333333 0.08796296296296297 0.032552083333333336 0.053703703703703705
0 0.6140625 0.08611111111111111 0.022135416666666668 0.029166666666666667
0 0.63828125 0.09537037037037037 0.021614583333333333 0.037037037037037035
0 0.4630208333333333 0.07962962962962963 0.017447916666666667 0.027777777777777776
0 0.63671875 0.01990740740740741 0.029166666666666667 0.05555555555555555
0 0.9533854166666667 0.024074074074074074 0.03515625 0.049074074074074076
0 0.9786458333333333 0.03148148148148148 0.026041666666666668 0.038425925925925926
0 0.46380208333333334 0.043055555555555555 0.06276041666666667 0.04212962962962963
0 0.609375 0.21064814814814814 0.02421875 0.03194444444444444
0 0.5408854166666667 0.5064814814814815 0.027604166666666666 0.05138888888888889
0 0.48880208333333336 0.6032407407407407 0.04635416666666667 0.06805555555555555
