0 0.45286458333333335 0.25972222222222224 0.014583333333333334 0.03796296296296296
0 0.5666666666666667 0.562962962962963 0.03307291666666667 0.05092592592592592
0 0.7927083333333333 0.5569444444444445 0.028645833333333332 0.05138888888888889
0 0.8161458333333333 0.6504629629629629 0.029427083333333333 0.04259259259259259
0 0.5348958333333333 0.5958333333333333 0.025 0.050462962962962966
0 0.5208333333333334 0.7328703703703704 0.027864583333333335 0.03009259259259259
0 0.5989583333333334 0.5449074074074074 0.0296875 0.05138888888888889
0 0.471875 0.38564814814814813 0.021614583333333333 0.031018518518518518
0 0.4630208333333333 0.49907407407407406 0.012760416666666666 0.03287037037037037
0 0.4869791666666667 0.26944444444444443 0.019270833333333334 0.03564814814814815
0 0.40598958333333335 0.3226851851851852 0.025260416666666667 0.04490740740740741
0 0.46197916666666666 0.3333333333333333 0.014322916666666666 0.030555555555555555
0 0.49296875 0.2865740740740741 0.011979166666666667 0.028703703703703703
0 0.453125 0.34074074074074073 0.0171875 0.03564814814814815
0 0.35260416666666666 0.13425925925925927 0.03177083333333333 0.037037037037037035
0 0.5221354166666666 0.3416666666666667 0.018489583333333334 0.037037037037037035
0 0.6328125 0.3148148148148148 0.06875 0.06342592592592593
0 0.8924479166666667 0.24814814814814815 0.015625 0.03425925925925926
0 0.37161458333333336 0.12453703703703704 0.05 0.12824074074074074
0 0.3796875 0.15231481481481482 0.021614583333333333 0.03611111111111111
0 0.6153645833333333 0.3314814814814815 0.016145833333333335 0.03796296296296296
0 0.6536458333333334 0.31296296296296294 0.028385416666666666 0.025
0 0.8877604166666667 0.20555555555555555 0.01875 0.03009259259259259
0 0.9036458333333334 0.2361111111111111 0.02265625 0.02962962962962963
0 0.5989583333333334 0.14629629629629629 0.021614583333333333 0.0412037037037037
0 0.43854166666666666 0.18055555555555555 0.016666666666666666 0.040740740740740744
0 0.4591145833333333 0.18101851851851852 0.02421875 0.04212962962962963
0 0.45625 0.15 0.06588541666666667 0.062037037037037036
0 0.6348958333333333 0.09074074074074075 0.04895833333333333 0.09907407407407408
0 0.8604166666666667 0.07777777777777778 0.027083333333333334 0.050462962962962966
0 0.9611979166666667 0.05277777777777778 0.03307291666666667 0.062037037037037036
0 0.63515625 0.30972222222222223 0.01953125 0.03564814814814815
0 0.903125 0.08425925925925926 0.032552083333333336 0.053703703703703705
0 0.5934895833333333 0.0837962962962963 0.025520833333333333 0.05092592592592592
0 0.63671875 0.08148148148148149 0.020572916666666666 0.03518518518518519
0 0.4546875 0.09027777777777778 0.018229166666666668 0.029166666666666667
0 0.63203125 0.027777777777777776 0.0421875 0.05277777777777778
0 0.9643229166666667 0.017592592592592594 0.025 0.03518518518518519
0 0.9778645833333334 0.03148148148148148 0.026041666666666668 0.038425925925925926
0 0.4518229166666667 0.05740740740740741 0.06276041666666667 0.04212962962962963
0 0.6174479166666667 0.2875 0.025520833333333333 0.033796296296296297
0 0.53828125 0.49953703703703706 0.025 0.04675925925925926
0 0.6203125 0.11157407407407408 0.018489583333333334 0.0412037037037037
0 0.4869791666666667 0.5578703703703703 0.028125 0.059722222222222225
0 0.49765625 0.6194444444444445 0.0375 0.07222222222222222
