0 0.4015625 0.362962962962963 0.014322916666666666 0.03796296296296296
0 0.5643229166666667 0.6768518518518518 0.04401041666666667 0.0625
0 0.7528645833333333 0.5361111111111111 0.03177083333333333 0.05694444444444444
0 0.7997395833333333 0.6467592592592593 0.04375 0.06342592592592593
0 0.5453125 0.7212962962962963 0.021614583333333333 0.04351851851851852
0 0.5005208333333333 0.7791666666666667 0.03229166666666667 0.034722222222222224
0 0.5549479166666667 0.47175925925925927 0.025260416666666667 0.05324074074074074
0 0.4296875 0.5967592592592592 0.019270833333333334 0.041666666666666664
0 0.43776041666666665 0.6314814814814815 0.018489583333333334 0.034722222222222224
0 0.4075520833333333 0.38287037037037036 0.025 0.043055555555555555
0 0.34453125 0.5023148148148148 0.03984375 0.07222222222222222
0 0.4283854166666667 0.47962962962962963 0.01171875 0.025
0 0.4786458333333333 0.36018518518518516 0.027604166666666666 0.03425925925925926
0 0.4002604166666667 0.5509259259259259 0.023697916666666666 0.053703703703703705
0 0.5083333333333333 0.4675925925925926 0.022395833333333334 0.04537037037037037
0 0.63125 0.38981481481481484 0.03984375 0.11851851851851852
0 0.815625 0.34120370370370373 0.015625 0.03425925925925926
0 0.3255208333333333 0.07268518518518519 0.08984375 0.0837962962962963
0 0.8223958333333333 0.29814814814814816 0.01875 0.03009259259259259
0 0.9002604166666667 0.3458333333333333 0.025 0.032407407407407406
0 0.7125 0.18564814814814815 0.023697916666666666 0.04537037037037037
0 0.36796875 0.26157407407407407 0.017447916666666667 0.043055555555555555
0 0.40208333333333335 0.27175925925925926 0.02421875 0.04212962962962963
0 0.40182291666666664 0.24351851851851852 0.06927083333333334 0.06527777777777778
0 0.58984375 0.17731481481481481 0.055989583333333336 0.10416666666666667
0 0.9135416666666667 0.08703703703703704 0.02578125 0.04814814814814815
0 0.9486979166666667 0.10787037037037037 0.029427083333333333 0.04675925925925926
0 0.8986979166666667 0.15694444444444444 0.032552083333333336 0.053703703703703705
0 0.553125 0.16203703703703703 0.030989583333333334 0.062037037037037036
0 0.4231770833333333 0.19907407407407407 0.02109375 0.033796296296296297
0 0.6096354166666667 0.08148148148148149 0.06328125 0.06388888888888888
0 0.971875 0.07546296296296297 0.023958333333333335 0.02638888888888889
0 0.9786458333333333 0.10231481481481482 0.02734375 0.04027777777777778
0 0.42109375 0.1439814814814815 0.06588541666666667 0.05277777777777778
0 0.5419270833333333 0.34444444444444444 0.02421875 0.03194444444444444
0 0.48828125 0.55 0.026302083333333334 0.049074074074074076
0 0.5794270833333334 0.19537037037037036 0.03958333333333333 0.047685185185185185
0 0.4786458333333333 0.6402777777777777 0.03723958333333333 0.04259259259259259
0 0.4471354166666667 0.7018518518518518 0.02421875 0.04722222222222222
0 0.6046875 0.07824074074074074 0.024479166666666666 0.033796296296296297
0 0.37005208333333334 0.30185185185185187 0.021875 0.031018518518518518
0 0.6065104166666667 0.24351851851851852 0.0203125 0.027777777777777776
0 0.6638020833333333 0.3824074074074074 0.01953125 0.04537037037037037
0 0.6291666666666667 0.4064814814814815 0.026302083333333334 0.02824074074074074
0 0.5796875 0.425 0.03125 0.049074074074074076
0 0.31744791666666666 0.056018518518518516 0.023177083333333334 0.03935185185185185
