0 0.5028645833333333 0.35833333333333334 0.015364583333333333 0.03981481481481482
0 0.596875 0.5648148148148148 0.036458333333333336 0.056018518518518516
0 0.96796875 0.586574074074074 0.028125 0.03425925925925926
0 0.9838541666666667 0.5953703703703703 0.023177083333333334 0.05648148148148148
0 0.8203125 0.6041666666666666 0.029947916666666668 0.05416666666666667
0 0.7723958333333333 0.6703703703703704 0.028125 0.040740740740740744
0 0.5919270833333333 0.6407407407407407 0.025 0.050462962962962966
0 0.5328125 0.7453703703703703 0.018489583333333334 0.043055555555555555
0 0.6223958333333334 0.6337962962962963 0.02421875 0.04212962962962963
0 0.50703125 0.4236111111111111 0.023958333333333335 0.03425925925925926
0 0.49114583333333334 0.5888888888888889 0.02578125 0.03611111111111111
0 0.4765625 0.5092592592592593 0.02421875 0.04027777777777778
0 0.47630208333333335 0.36666666666666664 0.021354166666666667 0.03888888888888889
0 0.47421875 0.29907407407407405 0.02890625 0.041666666666666664
0 0.4591145833333333 0.37546296296296294 0.01640625 0.033796296296296297
0 0.49609375 0.3458333333333333 0.016927083333333332 0.04027777777777778
0 0.45208333333333334 0.3537037037037037 0.021875 0.033796296296296297
0 0.5578125 0.5111111111111111 0.041666666666666664 0.07175925925925926
0 0.49557291666666664 0.5203703703703704 0.0203125 0.033796296296296297
0 0.27447916666666666 0.30092592592592593 0.024739583333333332 0.053703703703703705
0 0.5432291666666667 0.33287037037037037 0.021354166666666667 0.043055555555555555
0 0.6283854166666667 0.29074074074074074 0.062239583333333334 0.07777777777777778
0 0.93359375 0.2412037037037037 0.023177083333333334 0.0375
0 0.45859375 0.25416666666666665 0.06484375 0.07546296296296297
0 0.4578125 0.25555555555555554 0.026041666666666668 0.04398148148148148
0 0.6143229166666667 0.3212962962962963 0.016145833333333335 0.03796296296296296
0 0.6572916666666667 0.26157407407407407 0.028645833333333332 0.03611111111111111
0 0.9520833333333333 0.1875 0.020572916666666666 0.03333333333333333
0 0.928125 0.22916666666666666 0.02265625 0.02962962962962963
0 0.5575520833333333 0.1712962962962963 0.020572916666666666 0.03935185185185185
0 0.4591145833333333 0.1648148148148148 0.016666666666666666 0.040740740740740744
0 0.5192708333333333 0.14722222222222223 0.020833333333333332 0.03611111111111111
0 0.5151041666666667 0.11990740740740741 0.06536458333333334 0.06527777777777778
0 0.6421875 0.09907407407407408 0.04895833333333333 0.09907407407407408
0 0.6947916666666667 0.1361111111111111 0.03463541666666667 0.05416666666666667
0 0.7880208333333333 0.11481481481481481 0.027083333333333334 0.050462962962962966
0 0.9403645833333333 0.0962962962962963 0.028645833333333332 0.053703703703703705
0 0.6315104166666666 0.2865740740740741 0.021354166666666667 0.04583333333333333
0 0.90390625 0.08194444444444444 0.032552083333333336 0.053703703703703705
0 0.6153645833333333 0.06157407407407407 0.024479166666666666 0.03194444444444444
0 0.6369791666666667 0.10324074074074074 0.021614583333333333 0.037037037037037035
0 0.49921875 0.08518518518518518 0.013541666666666667 0.033796296296296297
0 0.6328125 0.027777777777777776 0.029166666666666667 0.05555555555555555
0 0.9471354166666667 0.02361111111111111 0.03203125 0.044444444444444446
0 0.971875 0.022685185185185187 0.025 0.03657407407407407
0 0.5075520833333333 0.024537037037037038 0.059895833333333336 0.04027777777777778
0 0.6080729166666666 0.28379629629629627 0.023177083333333334 0.030555555555555555
