0 0.39791666666666664 0.3287037037037037 0.016666666666666666 0.04398148148148148
0 0.5598958333333334 0.6541666666666667 0.03463541666666667 0.05324074074074074
0 0.7658854166666667 0.5560185185185185 0.030208333333333334 0.05416666666666667
0 0.8041666666666667 0.6291666666666667 0.03958333333333333 0.05740740740740741
0 0.5369791666666667 0.6814814814814815 0.02265625 0.04583333333333333
0 0.49557291666666664 0.7694444444444445 0.03567708333333333 0.038425925925925926
0 0.55625 0.48703703703703705 0.025260416666666667 0.05324074074074074
0 0.44140625 0.5467592592592593 0.019270833333333334 0.041666666666666664
0 0.43776041666666665 0.5824074074074074 0.01953125 0.03611111111111111
0 0.4239583333333333 0.3439814814814815 0.02265625 0.03888888888888889
0 0.36328125 0.44675925925925924 0.031510416666666666 0.046296296296296294
0 0.43359375 0.43703703703703706 0.013541666666666667 0.029166666666666667
0 0.4908854166666667 0.3398148148148148 0.02890625 0.03564814814814815
0 0.4231770833333333 0.5175925925925926 0.028125 0.05324074074074074
0 0.5140625 0.46111111111111114 0.02734375 0.055092592592592596
0 0.6190104166666667 0.37407407407407406 0.053125 0.10833333333333334
0 0.8359375 0.32175925925925924 0.01640625 0.03611111111111111
0 0.33229166666666665 0.0912037037037037 0.08567708333333333 0.07962962962962963
0 0.8421875 0.2800925925925926 0.01875 0.03009259259259259
0 0.9111979166666667 0.32222222222222224 0.025 0.032407407407407406
0 0.6903645833333333 0.18981481481481483 0.02265625 0.04351851851851852
0 0.37890625 0.25 0.016666666666666666 0.040740740740740744
0 0.41484375 0.25972222222222224 0.02421875 0.04212962962962963
0 0.41458333333333336 0.22870370370370371 0.06927083333333334 0.06527777777777778
0 0.6026041666666667 0.15185185185185185 0.053385416666666664 0.09907407407407408
0 0.903125 0.08611111111111111 0.02578125 0.04814814814814815
0 0.9575520833333333 0.1087962962962963 0.032552083333333336 0.05138888888888889
0 0.9005208333333333 0.1388888888888889 0.032552083333333336 0.053703703703703705
0 0.56171875 0.13842592592592592 0.032552083333333336 0.06527777777777778
0 0.42864583333333334 0.1675925925925926 0.023177083333333334 0.037037037037037035
0 0.61640625 0.06666666666666667 0.06640625 0.06712962962962964
0 0.9651041666666667 0.0587962962962963 0.021614583333333333 0.024074074074074074
0 0.9817708333333334 0.08333333333333333 0.02890625 0.04212962962962963
0 0.428125 0.1310185185185185 0.06588541666666667 0.05277777777777778
0 0.5572916666666666 0.33796296296296297 0.025520833333333333 0.033796296296296297
0 0.49296875 0.524537037037037 0.023697916666666666 0.044444444444444446
0 0.5888020833333333 0.16435185185185186 0.03411458333333333 0.0412037037037037
0 0.4778645833333333 0.6194444444444445 0.024739583333333332 0.044444444444444446
0 0.45 0.6689814814814815 0.023177083333333334 0.059722222222222225
0 0.6127604166666667 0.06388888888888888 0.02578125 0.03564814814814815
0 0.3651041666666667 0.2759259259259259 0.019791666666666666 0.02824074074074074
0 0.615625 0.20555555555555555 0.022395833333333334 0.030555555555555555
0 0.32369791666666664 0.07407407407407407 0.023177083333333334 0.04583333333333333
0 0.665625 0.35833333333333334 0.02265625 0.05277777777777778
0 0.6174479166666667 0.4027777777777778 0.018489583333333334 0.02962962962962963
0 0.584375 0.4199074074074074 0.02578125 0.04027777777777778
