0 0.4401041666666667 0.2662037037037037 0.015104166666666667 0.03981481481481482
0 0.55546875 0.5800925925925926 0.029947916666666668 0.04583333333333333
0 0.79921875 0.5652777777777778 0.028645833333333332 0.05138888888888889
0 0.8231770833333333 0.6236111111111111 0.029427083333333333 0.04259259259259259
0 0.5309895833333333 0.5958333333333333 0.020572916666666666 0.041666666666666664
0 0.5169270833333334 0.7416666666666667 0.029166666666666667 0.03148148148148148
0 0.5861979166666667 0.5314814814814814 0.0296875 0.05138888888888889
0 0.46197916666666666 0.42592592592592593 0.025 0.04722222222222222
0 0.45364583333333336 0.5222222222222223 0.01953125 0.03611111111111111
0 0.45364583333333336 0.26805555555555555 0.021614583333333333 0.037037037037037035
0 0.39479166666666665 0.3675925925925926 0.030729166666666665 0.05462962962962963
0 0.4546875 0.36944444444444446 0.015104166666666667 0.03194444444444444
0 0.49453125 0.2967592592592593 0.011979166666666667 0.028703703703703703
0 0.44505208333333335 0.39305555555555555 0.02421875 0.07037037037037037
0 0.35598958333333336 0.13194444444444445 0.022395833333333334 0.040740740740740744
0 0.5213541666666667 0.3819444444444444 0.022395833333333334 0.04537037037037037
0 0.6348958333333333 0.3300925925925926 0.06536458333333334 0.06018518518518518
0 0.8765625 0.2601851851851852 0.015625 0.03425925925925926
0 0.36692708333333335 0.1337962962962963 0.05 0.12824074074074074
0 0.6174479166666667 0.3351851851851852 0.014583333333333334 0.03425925925925926
0 0.6541666666666667 0.32222222222222224 0.0296875 0.02638888888888889
0 0.8731770833333333 0.22453703703703703 0.01953125 0.03194444444444444
0 0.9127604166666666 0.2574074074074074 0.025 0.032407407407407406
0 0.628125 0.1597222222222222 0.02265625 0.04351851851851852
0 0.4197916666666667 0.2064814814814815 0.015104166666666667 0.037037037037037035
0 0.44427083333333334 0.20092592592592592 0.025520833333333333 0.04398148148148148
0 0.44192708333333336 0.17222222222222222 0.06588541666666667 0.062037037037037036
0 0.6260416666666667 0.07777777777777778 0.05130208333333333 0.10416666666666667
0 0.8794270833333333 0.0763888888888889 0.027083333333333334 0.050462962962962966
0 0.9611979166666667 0.06620370370370371 0.032552083333333336 0.05138888888888889
0 0.63671875 0.3314814814814815 0.018489583333333334 0.046296296296296294
0 0.90234375 0.09814814814814815 0.032552083333333336 0.053703703703703705
0 0.5864583333333333 0.10046296296296296 0.030989583333333334 0.062037037037037036
0 0.4466145833333333 0.10740740740740741 0.017447916666666667 0.027777777777777776
0 0.6369791666666667 0.03425925925925926 0.0546875 0.055092592592592596
0 0.9580729166666667 0.018518518518518517 0.026302083333333334 0.023148148148148147
0 0.984375 0.04027777777777778 0.02890625 0.04212962962962963
0 0.44375 0.07731481481481481 0.06276041666666667 0.050462962962962966
0 0.5895833333333333 0.2962962962962963 0.02421875 0.03194444444444444
0 0.5255208333333333 0.49907407407407406 0.023958333333333335 0.044444444444444446
0 0.6125 0.10740740740740741 0.017708333333333333 0.03935185185185185
0 0.49244791666666665 0.5736111111111111 0.021354166666666667 0.038425925925925926
0 0.50078125 0.6203703703703703 0.032552083333333336 0.05462962962962963
0 0.6302083333333334 0.033796296296296297 0.02578125 0.03564814814814815
0 0.37578125 0.1962962962962963 0.01796875 0.02546296296296296
0 0.6442708333333333 0.10462962962962963 0.024479166666666666 0.03333333333333333
