0 0.4122395833333333 0.3625 0.014322916666666666 0.03796296296296296
0 0.5677083333333334 0.6856481481481481 0.04401041666666667 0.0625
0 0.7497395833333333 0.5393518518518519 0.03177083333333333 0.05694444444444444
0 0.7997395833333333 0.6481481481481481 0.04375 0.06342592592592593
0 0.5479166666666667 0.7287037037037037 0.021614583333333333 0.04351851851851852
0 0.49609375 0.7870370370370371 0.03229166666666667 0.034722222222222224
0 0.5533854166666666 0.46574074074074073 0.023958333333333335 0.05092592592592592
0 0.42291666666666666 0.6129629629629629 0.018229166666666668 0.03981481481481482
0 0.43255208333333334 0.6388888888888888 0.018489583333333334 0.034722222222222224
0 0.40390625 0.39861111111111114 0.025 0.043055555555555555
0 0.3411458333333333 0.5171296296296296 0.04192708333333333 0.07592592592592592
0 0.42604166666666665 0.49398148148148147 0.01171875 0.025
0 0.47552083333333334 0.36203703703703705 0.027604166666666666 0.03425925925925926
0 0.39036458333333335 0.5699074074074074 0.025 0.05648148148148148
0 0.5044270833333333 0.4597222222222222 0.021354166666666667 0.043055555555555555
0 0.634375 0.3958333333333333 0.03802083333333333 0.11296296296296296
0 0.8109375 0.3416666666666667 0.015625 0.03425925925925926
0 0.32473958333333336 0.07222222222222222 0.09427083333333333 0.08796296296296297
0 0.8174479166666667 0.30462962962962964 0.01875 0.03009259259259259
0 0.8971354166666666 0.3486111111111111 0.025 0.032407407407407406
0 0.7203125 0.18611111111111112 0.023697916666666666 0.04537037037037037
0 0.3651041666666667 0.2675925925925926 0.016666666666666666 0.040740740740740744
0 0.39895833333333336 0.2722222222222222 0.02421875 0.04212962962962963
0 0.4 0.24583333333333332 0.06927083333333334 0.06527777777777778
0 0.5864583333333333 0.1865740740740741 0.055989583333333336 0.10416666666666667
0 0.9169270833333333 0.08287037037037037 0.02578125 0.04814814814814815
0 0.9526041666666667 0.10601851851851851 0.030989583333333334 0.049074074074074076
0 0.8981770833333333 0.16157407407407406 0.032552083333333336 0.053703703703703705
0 0.5458333333333333 0.16620370370370371 0.032552083333333336 0.06527777777777778
0 0.4239583333333333 0.20324074074074075 0.02109375 0.033796296296296297
0 0.6096354166666667 0.08425925925925926 0.06328125 0.06388888888888888
0 0.9723958333333333 0.08009259259259259 0.02265625 0.025
0 0.9783854166666667 0.10740740740740741 0.026041666666666668 0.038425925925925926
0 0.4200520833333333 0.1486111111111111 0.06588541666666667 0.05277777777777778
0 0.53984375 0.350462962962963 0.023177083333333334 0.030555555555555555
0 0.4864583333333333 0.5564814814814815 0.027604166666666666 0.05138888888888889
0 0.5770833333333333 0.20185185185185187 0.03958333333333333 0.047685185185185185
0 0.47265625 0.65 0.03723958333333333 0.04259259259259259
0 0.43203125 0.6819444444444445 0.02421875 0.04722222222222222
0 0.6046875 0.08009259259259259 0.024479166666666666 0.033796296296296297
0 0.3729166666666667 0.3125 0.021875 0.031018518518518518
0 0.60234375 0.2518518518518518 0.0203125 0.027777777777777776
0 0.6619791666666667 0.387037037037037 0.01953125 0.04537037037037037
0 0.63046875 0.4152777777777778 0.026302083333333334 0.02824074074074074
0 0.5885416666666666 0.4115740740740741 0.03125 0.049074074074074076
0 0.31796875 0.055092592592592596 0.024479166666666666 0.0412037037037037
