0 0.45859375 0.2601851851851852 0.014583333333333334 0.03796296296296296
0 0.5677083333333334 0.5638888888888889 0.03463541666666667 0.05324074074074074
0 0.7932291666666667 0.5587962962962963 0.02734375 0.049074074074074076
0 0.8114583333333333 0.6597222222222222 0.029427083333333333 0.04259259259259259
0 0.540625 0.5976851851851852 0.025 0.050462962962962966
0 0.5205729166666667 0.7319444444444444 0.027864583333333335 0.03009259259259259
0 0.5989583333333334 0.5569444444444445 0.0296875 0.05138888888888889
0 0.47760416666666666 0.38333333333333336 0.021614583333333333 0.031018518518518518
0 0.46458333333333335 0.49722222222222223 0.012760416666666666 0.03287037037037037
0 0.4752604166666667 0.2564814814814815 0.0203125 0.037037037037037035
0 0.40989583333333335 0.3101851851851852 0.0265625 0.04722222222222222
0 0.46380208333333334 0.33287037037037037 0.013541666666666667 0.029166666666666667
0 0.49322916666666666 0.2824074074074074 0.012760416666666666 0.03009259259259259
0 0.45208333333333334 0.3384259259259259 0.01640625 0.033796296296296297
0 0.3416666666666667 0.1449074074074074 0.030208333333333334 0.06527777777777778
0 0.5192708333333333 0.33935185185185185 0.018489583333333334 0.037037037037037035
0 0.634375 0.31342592592592594 0.06875 0.06342592592592593
0 0.89453125 0.25416666666666665 0.015625 0.03425925925925926
0 0.371875 0.12962962962962962 0.054427083333333334 0.11064814814814815
0 0.37083333333333335 0.14074074074074075 0.021614583333333333 0.03611111111111111
0 0.615625 0.3333333333333333 0.016927083333333332 0.03981481481481482
0 0.65625 0.3087962962962963 0.0296875 0.02638888888888889
0 0.89375 0.2023148148148148 0.01875 0.03009259259259259
0 0.9057291666666667 0.23796296296296296 0.021614583333333333 0.02824074074074074
0 0.5893229166666667 0.14166666666666666 0.020572916666666666 0.03935185185185185
0 0.44140625 0.1763888888888889 0.016666666666666666 0.040740740740740744
0 0.46484375 0.1726851851851852 0.023177083333333334 0.03981481481481482
0 0.4635416666666667 0.1425925925925926 0.06588541666666667 0.062037037037037036
0 0.6372395833333333 0.09675925925925925 0.05130208333333333 0.10416666666666667
0 0.8552083333333333 0.08333333333333333 0.027083333333333334 0.050462962962962966
0 0.9619791666666667 0.05787037037037037 0.031510416666666666 0.05925925925925926
0 0.6361979166666667 0.30972222222222223 0.01953125 0.03564814814814815
0 0.9028645833333333 0.08425925925925926 0.032552083333333336 0.053703703703703705
0 0.6018229166666667 0.08055555555555556 0.02109375 0.027777777777777776
0 0.63359375 0.0962962962962963 0.020572916666666666 0.03518518518518519
0 0.45703125 0.08888888888888889 0.017447916666666667 0.027777777777777776
0 0.63203125 0.025925925925925925 0.03229166666666667 0.05277777777777778
0 0.9614583333333333 0.017592592592592594 0.025 0.03518518518518519
0 0.978125 0.03287037037037037 0.026041666666666668 0.038425925925925926
0 0.4549479166666667 0.05277777777777778 0.06276041666666667 0.04212962962962963
0 0.6184895833333334 0.2550925925925926 0.025520833333333333 0.033796296296296297
0 0.5388020833333333 0.5097222222222222 0.027604166666666666 0.05138888888888889
0 0.5 0.6134259259259259 0.04635416666666667 0.06805555555555555
0 0.6265625 0.1087962962962963 0.018489583333333334 0.0412037037037037
0 0.4864583333333333 0.5578703703703703 0.028125 0.059722222222222225
