0 0.5028645833333333 0.36435185185185187 0.016145833333333335 0.041666666666666664
0 0.6036458333333333 0.5615740740740741 0.036458333333333336 0.056018518518518516
0 0.9643229166666667 0.5847222222222223 0.026822916666666665 0.03287037037037037
0 0.9794270833333333 0.5958333333333333 0.023177083333333334 0.05648148148148148
0 0.8200520833333333 0.6078703703703704 0.028645833333333332 0.05138888888888889
0 0.7671875 0.6689814814814815 0.028125 0.040740740740740744
0 0.5921875 0.6486111111111111 0.025 0.050462962962962966
0 0.5354166666666667 0.7472222222222222 0.01953125 0.04537037037037037
0 0.62421875 0.6314814814814815 0.02421875 0.04212962962962963
0 0.50859375 0.4305555555555556 0.025 0.03611111111111111
0 0.4953125 0.5879629629629629 0.027083333333333334 0.03796296296296296
0 0.47578125 0.5282407407407408 0.02421875 0.04027777777777778
0 0.47604166666666664 0.37777777777777777 0.022395833333333334 0.0412037037037037
0 0.47291666666666665 0.3050925925925926 0.030208333333333334 0.04351851851851852
0 0.4583333333333333 0.38564814814814813 0.017447916666666667 0.03518518518518519
0 0.49557291666666664 0.3527777777777778 0.016145833333333335 0.038425925925925926
0 0.45208333333333334 0.3587962962962963 0.021875 0.033796296296296297
0 0.5588541666666667 0.5115740740740741 0.041666666666666664 0.07175925925925926
0 0.49765625 0.5273148148148148 0.0203125 0.033796296296296297
0 0.26901041666666664 0.30092592592592593 0.026041666666666668 0.05648148148148148
0 0.5455729166666666 0.33425925925925926 0.022395833333333334 0.04537037037037037
0 0.62734375 0.29444444444444445 0.059375 0.07407407407407407
0 0.6109375 0.28935185185185186 0.020833333333333332 0.034722222222222224
0 0.9338541666666667 0.2439814814814815 0.02421875 0.03935185185185185
0 0.46328125 0.26157407407407407 0.06484375 0.07546296296296297
0 0.4627604166666667 0.2611111111111111 0.026041666666666668 0.04398148148148148
0 0.6151041666666667 0.3333333333333333 0.016145833333333335 0.053703703703703705
0 0.6557291666666667 0.26666666666666666 0.032552083333333336 0.056018518518518516
0 0.9559895833333333 0.19212962962962962 0.020572916666666666 0.03333333333333333
0 0.9307291666666667 0.22962962962962963 0.023958333333333335 0.031018518518518518
0 0.5572916666666666 0.17407407407407408 0.020572916666666666 0.03935185185185185
0 0.46328125 0.16342592592592592 0.016666666666666666 0.040740740740740744
0 0.5255208333333333 0.14537037037037037 0.020833333333333332 0.03611111111111111
0 0.5208333333333334 0.11712962962962963 0.06536458333333334 0.06527777777777778
0 0.6432291666666666 0.09398148148148149 0.04895833333333333 0.09907407407407408
0 0.6911458333333333 0.13796296296296295 0.036458333333333336 0.05694444444444444
0 0.7815104166666667 0.11712962962962963 0.027083333333333334 0.050462962962962966
0 0.9401041666666666 0.10231481481481482 0.028645833333333332 0.053703703703703705
0 0.6302083333333334 0.2861111111111111 0.0203125 0.04351851851851852
0 0.9033854166666667 0.08333333333333333 0.032552083333333336 0.053703703703703705
0 0.6174479166666667 0.06666666666666667 0.023177083333333334 0.030555555555555555
0 0.6369791666666667 0.1037037037037037 0.021614583333333333 0.037037037037037035
0 0.5041666666666667 0.07777777777777778 0.014322916666666666 0.03564814814814815
0 0.6333333333333333 0.02546296296296296 0.029166666666666667 0.05555555555555555
0 0.946875 0.02638888888888889 0.03046875 0.04259259259259259
0 0.97109375 0.01898148148148148 0.025 0.03657407407407407
0 0.5130208333333334 0.01990740740740741 0.059895833333333336 0.04027777777777778
