0 0.4205729166666667 0.29583333333333334 0.015104166666666667 0.03981481481481482
0 0.5557291666666667 0.6125 0.03307291666666667 0.05092592592592592
0 0.7869791666666667 0.5703703703703704 0.028645833333333332 0.05138888888888889
0 0.81171875 0.6087962962962963 0.032552083333333336 0.04722222222222222
0 0.5291666666666667 0.6194444444444445 0.020572916666666666 0.041666666666666664
0 0.50546875 0.7430555555555556 0.033854166666666664 0.03657407407407407
0 0.57421875 0.500462962962963 0.032552083333333336 0.05648148148148148
0 0.44869791666666664 0.46435185185185185 0.031510416666666666 0.06018518518518518
0 0.44166666666666665 0.549537037037037 0.021614583333333333 0.03981481481481482
0 0.44817708333333334 0.30648148148148147 0.025 0.043055555555555555
0 0.39010416666666664 0.4013888888888889 0.03723958333333333 0.06620370370370371
0 0.44635416666666666 0.3861111111111111 0.015885416666666666 0.033796296296296297
0 0.490625 0.3277777777777778 0.03046875 0.0375
0 0.42578125 0.44675925925925924 0.02421875 0.046296296296296294
0 0.5166666666666667 0.412962962962963 0.024739583333333332 0.05
0 0.6278645833333333 0.3574074074074074 0.06875 0.06342592592592593
0 0.8635416666666667 0.28935185185185186 0.01640625 0.03611111111111111
0 0.35651041666666666 0.11898148148148148 0.07395833333333333 0.08009259259259259
0 0.6096354166666667 0.35509259259259257 0.01953125 0.0375
0 0.8645833333333334 0.25555555555555554 0.01953125 0.03194444444444444
0 0.92265625 0.2861111111111111 0.025 0.032407407407407406
0 0.6544270833333333 0.18101851851851852 0.02265625 0.04351851851851852
0 0.403125 0.22546296296296298 0.015104166666666667 0.037037037037037035
0 0.4317708333333333 0.225 0.022135416666666668 0.03796296296296296
0 0.43020833333333336 0.19675925925925927 0.06927083333333334 0.06527777777777778
0 0.6236979166666666 0.12083333333333333 0.05390625 0.10925925925925926
0 0.8893229166666666 0.07222222222222222 0.027083333333333334 0.050462962962962966
0 0.95859375 0.08518518518518518 0.032552083333333336 0.05138888888888889
0 0.9015625 0.11712962962962963 0.032552083333333336 0.053703703703703705
0 0.571875 0.11898148148148148 0.032552083333333336 0.06527777777777778
0 0.4393229166666667 0.1388888888888889 0.019270833333333334 0.030555555555555555
0 0.628125 0.05 0.06015625 0.060648148148148145
0 0.9619791666666667 0.02175925925925926 0.026302083333333334 0.029166666666666667
0 0.9828125 0.058333333333333334 0.02890625 0.04212962962962963
0 0.43854166666666666 0.09907407407407408 0.06276041666666667 0.050462962962962966
0 0.5734375 0.31157407407407406 0.022135416666666668 0.029166666666666667
0 0.5203125 0.5064814814814815 0.023958333333333335 0.044444444444444446
0 0.603125 0.13472222222222222 0.017708333333333333 0.03935185185185185
0 0.48671875 0.5958333333333333 0.024739583333333332 0.044444444444444446
0 0.4828125 0.6319444444444444 0.0359375 0.06018518518518518
0 0.6244791666666667 0.04675925925925926 0.027083333333333334 0.0375
0 0.36822916666666666 0.23657407407407408 0.019791666666666666 0.02824074074074074
0 0.6315104166666666 0.1486111111111111 0.02578125 0.03518518518518519
0 0.340625 0.11203703703703703 0.020052083333333335 0.03935185185185185
0 0.6645833333333333 0.33101851851851855 0.02265625 0.05277777777777778
