0 0.40182291666666664 0.3226851851851852 0.015885416666666666 0.041666666666666664
0 0.5588541666666667 0.6467592592592593 0.03463541666666667 0.05324074074074074
0 0.7700520833333333 0.5652777777777778 0.030208333333333334 0.05416666666666667
0 0.8059895833333334 0.6236111111111111 0.037760416666666664 0.05462962962962963
0 0.5330729166666667 0.6657407407407407 0.02265625 0.04583333333333333
0 0.49713541666666666 0.7606481481481482 0.03567708333333333 0.038425925925925926
0 0.5640625 0.49166666666666664 0.037760416666666664 0.06574074074074074
0 0.4453125 0.5217592592592593 0.031510416666666666 0.06018518518518518
0 0.43828125 0.575 0.01953125 0.03611111111111111
0 0.43203125 0.337037037037037 0.021614583333333333 0.037037037037037035
0 0.36875 0.44351851851851853 0.031510416666666666 0.046296296296296294
0 0.43802083333333336 0.425462962962963 0.015104166666666667 0.03194444444444444
0 0.4903645833333333 0.33564814814814814 0.027604166666666666 0.03425925925925926
0 0.4200520833333333 0.4935185185185185 0.028125 0.05324074074074074
0 0.5153645833333333 0.45416666666666666 0.026041666666666668 0.052314814814814814
0 0.61875 0.3680555555555556 0.07213541666666666 0.06666666666666667
0 0.8401041666666667 0.31203703703703706 0.01640625 0.03611111111111111
0 0.33515625 0.09490740740740741 0.08567708333333333 0.07962962962962963
0 0.8481770833333333 0.2777777777777778 0.01875 0.03009259259259259
0 0.9138020833333333 0.31666666666666665 0.025 0.032407407407407406
0 0.68203125 0.19074074074074074 0.02265625 0.04351851851851852
0 0.3859375 0.2449074074074074 0.016666666666666666 0.040740740740740744
0 0.41848958333333336 0.25462962962962965 0.023177083333333334 0.03981481481481482
0 0.41744791666666664 0.22314814814814815 0.06927083333333334 0.06527777777777778
0 0.6044270833333333 0.14675925925925926 0.053385416666666664 0.09907407407407408
0 0.90078125 0.08333333333333333 0.02578125 0.04814814814814815
0 0.9572916666666667 0.10231481481481482 0.032552083333333336 0.05138888888888889
0 0.9002604166666667 0.13425925925925927 0.032552083333333336 0.053703703703703705
0 0.56328125 0.13703703703703704 0.032552083333333336 0.06527777777777778
0 0.42994791666666665 0.16342592592592592 0.023177083333333334 0.037037037037037035
0 0.61875 0.06388888888888888 0.06640625 0.06712962962962964
0 0.96484375 0.04953703703703704 0.02265625 0.025
0 0.9815104166666667 0.07824074074074074 0.02890625 0.04212962962962963
0 0.43020833333333336 0.12824074074074074 0.06588541666666667 0.05277777777777778
0 0.5575520833333333 0.3287037037037037 0.02421875 0.03194444444444444
0 0.4973958333333333 0.5180555555555556 0.02265625 0.04259259259259259
0 0.5924479166666666 0.15787037037037038 0.03411458333333333 0.0412037037037037
0 0.47291666666666665 0.6055555555555555 0.0234375 0.04259259259259259
0 0.465625 0.6717592592592593 0.04140625 0.06944444444444445
0 0.615625 0.06018518518518518 0.02578125 0.03564814814814815
0 0.3671875 0.26481481481481484 0.020833333333333332 0.02962962962962963
0 0.6158854166666666 0.19768518518518519 0.0234375 0.03194444444444444
0 0.32447916666666665 0.07777777777777778 0.023177083333333334 0.04583333333333333
0 0.6653645833333334 0.3523148148148148 0.023697916666666666 0.05555555555555555
0 0.61953125 0.399537037037037 0.01953125 0.031018518518518518
0 0.58984375 0.38842592592592595 0.02421875 0.038425925925925926
