0 0.4518229166666667 0.26064814814814813 0.014583333333333334 0.03796296296296296
0 0.5643229166666667 0.5643518518518519 0.03307291666666667 0.05092592592592592
0 0.7932291666666667 0.5560185185185185 0.028645833333333332 0.05138888888888889
0 0.8169270833333333 0.6476851851851851 0.029427083333333333 0.04259259259259259
0 0.53359375 0.5958333333333333 0.025 0.050462962962962966
0 0.5208333333333334 0.7328703703703704 0.027864583333333335 0.03009259259259259
0 0.5981770833333333 0.5421296296296296 0.0296875 0.05138888888888889
0 0.46953125 0.38981481481481484 0.021614583333333333 0.031018518518518518
0 0.4627604166666667 0.4986111111111111 0.012760416666666666 0.03287037037037037
0 0.48828125 0.27037037037037037 0.019270833333333334 0.03564814814814815
0 0.40520833333333334 0.32546296296296295 0.025260416666666667 0.04490740740740741
0 0.4625 0.3347222222222222 0.014322916666666666 0.030555555555555555
0 0.49322916666666666 0.28425925925925927 0.011979166666666667 0.028703703703703703
0 0.4518229166666667 0.34120370370370373 0.0171875 0.03564814814814815
0 0.3541666666666667 0.13055555555555556 0.03333333333333333 0.03888888888888889
0 0.5208333333333334 0.3435185185185185 0.018489583333333334 0.037037037037037035
0 0.63359375 0.31712962962962965 0.06875 0.06342592592592593
0 0.88984375 0.24768518518518517 0.015625 0.03425925925925926
0 0.3768229166666667 0.12314814814814815 0.05 0.12824074074074074
0 0.3846354166666667 0.15324074074074073 0.02265625 0.03796296296296296
0 0.6161458333333333 0.33055555555555555 0.016145833333333335 0.03796296296296296
0 0.65234375 0.3148148148148148 0.028385416666666666 0.025
0 0.8861979166666667 0.20601851851851852 0.01875 0.03009259259259259
0 0.9020833333333333 0.23564814814814813 0.02265625 0.02962962962962963
0 0.6015625 0.14814814814814814 0.021614583333333333 0.0412037037037037
0 0.4359375 0.1814814814814815 0.016666666666666666 0.040740740740740744
0 0.4588541666666667 0.18287037037037038 0.025520833333333333 0.04398148148148148
0 0.4546875 0.15046296296296297 0.06588541666666667 0.062037037037037036
0 0.6346354166666667 0.09074074074074075 0.04895833333333333 0.09907407407407408
0 0.8614583333333333 0.07731481481481481 0.027083333333333334 0.050462962962962966
0 0.96015625 0.05138888888888889 0.034895833333333334 0.06527777777777778
0 0.6359375 0.31157407407407406 0.01953125 0.03564814814814815
0 0.9028645833333333 0.08657407407407407 0.032552083333333336 0.053703703703703705
0 0.5921875 0.08472222222222223 0.026822916666666665 0.05324074074074074
0 0.6364583333333333 0.08055555555555556 0.020572916666666666 0.03518518518518519
0 0.45416666666666666 0.09074074074074075 0.018229166666666668 0.029166666666666667
0 0.634375 0.022222222222222223 0.047135416666666666 0.047685185185185185
0 0.96484375 0.01712962962962963 0.025 0.03518518518518519
0 0.9786458333333333 0.030555555555555555 0.026041666666666668 0.038425925925925926
0 0.45078125 0.0587962962962963 0.06276041666666667 0.04212962962962963
0 0.6158854166666666 0.2884259259259259 0.026822916666666665 0.03518518518518519
0 0.5385416666666667 0.49907407407407406 0.023958333333333335 0.044444444444444446
0 0.61953125 0.11296296296296296 0.017708333333333333 0.03935185185185185
0 0.48776041666666664 0.5592592592592592 0.028125 0.059722222222222225
0 0.49661458333333336 0.6212962962962963 0.0375 0.07222222222222222
0 0.6361979166666667 0.015277777777777777 0.019010416666666665 0.030555555555555555
