0 0.40078125 0.324537037037037 0.016666666666666666 0.04398148148148148
0 0.5580729166666667 0.649537037037037 0.03307291666666667 0.05092592592592592
0 0.7697916666666667 0.562962962962963 0.030208333333333334 0.05416666666666667
0 0.8046875 0.625462962962963 0.03958333333333333 0.05740740740740741
0 0.5346354166666667 0.6699074074074074 0.02265625 0.04583333333333333
0 0.4973958333333333 0.7625 0.03567708333333333 0.038425925925925926
0 0.5622395833333333 0.4930555555555556 0.037760416666666664 0.06574074074074074
0 0.44635416666666666 0.5236111111111111 0.03307291666666667 0.06296296296296296
0 0.43984375 0.5814814814814815 0.01953125 0.03611111111111111
0 0.43020833333333336 0.33935185185185185 0.021614583333333333 0.037037037037037035
0 0.3684895833333333 0.4449074074074074 0.03307291666666667 0.04861111111111111
0 0.43463541666666666 0.4300925925925926 0.014322916666666666 0.030555555555555555
0 0.490625 0.33796296296296297 0.027604166666666666 0.03425925925925926
0 0.4200520833333333 0.4976851851851852 0.028125 0.05324074074074074
0 0.51484375 0.4597222222222222 0.026041666666666668 0.052314814814814814
0 0.6216145833333333 0.37222222222222223 0.07213541666666666 0.06666666666666667
0 0.8375 0.31342592592592594 0.01640625 0.03611111111111111
0 0.33515625 0.09305555555555556 0.08151041666666667 0.07592592592592592
0 0.846875 0.2773148148148148 0.01875 0.03009259259259259
0 0.91328125 0.31805555555555554 0.025 0.032407407407407406
0 0.6848958333333334 0.1912037037037037 0.02265625 0.04351851851851852
0 0.38333333333333336 0.24768518518518517 0.016666666666666666 0.040740740740740744
0 0.41692708333333334 0.25601851851851853 0.02421875 0.04212962962962963
0 0.4166666666666667 0.22453703703703703 0.06927083333333334 0.06527777777777778
0 0.6044270833333333 0.14814814814814814 0.053385416666666664 0.09907407407407408
0 0.9015625 0.0837962962962963 0.02578125 0.04814814814814815
0 0.9572916666666667 0.10462962962962963 0.032552083333333336 0.05138888888888889
0 0.9005208333333333 0.13564814814814816 0.032552083333333336 0.053703703703703705
0 0.56328125 0.13657407407407407 0.032552083333333336 0.06527777777777778
0 0.4296875 0.16435185185185186 0.023177083333333334 0.037037037037037035
0 0.61796875 0.06574074074074074 0.06640625 0.06712962962962964
0 0.965625 0.053703703703703705 0.02265625 0.025
0 0.9817708333333334 0.08009259259259259 0.02890625 0.04212962962962963
0 0.42942708333333335 0.12962962962962962 0.06588541666666667 0.05277777777777778
0 0.55703125 0.33101851851851855 0.025520833333333333 0.033796296296296297
0 0.4953125 0.5180555555555556 0.023697916666666666 0.044444444444444446
0 0.5908854166666667 0.15787037037037038 0.032552083333333336 0.03935185185185185
0 0.48046875 0.612037037037037 0.0234375 0.04259259259259259
0 0.46432291666666664 0.674074074074074 0.04348958333333333 0.07314814814814814
0 0.61484375 0.06157407407407407 0.02578125 0.03564814814814815
0 0.3651041666666667 0.27037037037037037 0.020833333333333332 0.02962962962962963
0 0.6161458333333333 0.19768518518518519 0.0234375 0.03194444444444444
0 0.32447916666666665 0.07777777777777778 0.023177083333333334 0.04583333333333333
0 0.6658854166666667 0.35462962962962963 0.02265625 0.05277777777777778
0 0.61875 0.4013888888888889 0.01953125 0.031018518518518518
0 0.5864583333333333 0.4125 0.023697916666666666 0.0375
