0 0.5033854166666667 0.34814814814814815 0.016145833333333335 0.041666666666666664
0 0.5911458333333334 0.5689814814814815 0.03463541666666667 0.05324074074074074
0 0.9729166666666667 0.5953703703703703 0.028125 0.03425925925925926
0 0.9880208333333333 0.6055555555555555 0.023177083333333334 0.05648148148148148
0 0.81796875 0.5944444444444444 0.029947916666666668 0.05416666666666667
0 0.7770833333333333 0.6643518518518519 0.028125 0.040740740740740744
0 0.5911458333333334 0.625462962962963 0.025 0.050462962962962966
0 0.5268229166666667 0.7476851851851852 0.018489583333333334 0.043055555555555555
0 0.6231770833333333 0.6273148148148148 0.023177083333333334 0.04027777777777778
0 0.5046875 0.41574074074074074 0.02265625 0.03287037037037037
0 0.4890625 0.5731481481481482 0.027083333333333334 0.03796296296296296
0 0.47734375 0.5009259259259259 0.025260416666666667 0.04212962962962963
0 0.47578125 0.3425925925925926 0.0203125 0.037037037037037035
0 0.46979166666666666 0.287962962962963 0.03177083333333333 0.04583333333333333
0 0.45989583333333334 0.36435185185185187 0.01640625 0.033796296296296297
0 0.49609375 0.33240740740740743 0.016145833333333335 0.038425925925925926
0 0.45286458333333335 0.3453703703703704 0.021875 0.033796296296296297
0 0.5552083333333333 0.5092592592592593 0.041666666666666664 0.07175925925925926
0 0.4942708333333333 0.512962962962963 0.021354166666666667 0.03564814814814815
0 0.28125 0.3111111111111111 0.022395833333333334 0.04861111111111111
0 0.53671875 0.33564814814814814 0.0203125 0.0412037037037037
0 0.6263020833333334 0.29583333333333334 0.06536458333333334 0.08148148148148149
0 0.934375 0.25324074074074077 0.01640625 0.03611111111111111
0 0.4354166666666667 0.2273148148148148 0.06770833333333333 0.0824074074074074
0 0.4361979166666667 0.2337962962962963 0.026041666666666668 0.04398148148148148
0 0.6135416666666667 0.32407407407407407 0.016927083333333332 0.03981481481481482
0 0.6572916666666667 0.2662037037037037 0.028645833333333332 0.03611111111111111
0 0.9481770833333333 0.1912037037037037 0.020572916666666666 0.03333333333333333
0 0.921875 0.23287037037037037 0.021614583333333333 0.02824074074074074
0 0.5557291666666667 0.17037037037037037 0.020572916666666666 0.03935185185185185
0 0.45286458333333335 0.16435185185185186 0.018489583333333334 0.04490740740740741
0 0.5088541666666667 0.14722222222222223 0.020833333333333332 0.03611111111111111
0 0.50546875 0.11944444444444445 0.06536458333333334 0.06527777777777778
0 0.64375 0.09212962962962963 0.04895833333333333 0.09907407407407408
0 0.6986979166666667 0.13333333333333333 0.04010416666666667 0.0625
0 0.79609375 0.11435185185185186 0.027083333333333334 0.050462962962962966
0 0.9450520833333333 0.0837962962962963 0.031510416666666666 0.05925925925925926
0 0.6322916666666667 0.29444444444444445 0.022395833333333334 0.04814814814814815
0 0.9041666666666667 0.08009259259259259 0.032552083333333336 0.053703703703703705
0 0.61484375 0.05925925925925926 0.024479166666666666 0.03194444444444444
0 0.6385416666666667 0.09861111111111111 0.021614583333333333 0.037037037037037035
0 0.49583333333333335 0.08425925925925926 0.014322916666666666 0.03564814814814815
0 0.634375 0.01898148148148148 0.029166666666666667 0.05555555555555555
0 0.9479166666666666 0.024074074074074074 0.03203125 0.044444444444444446
0 0.9752604166666666 0.024537037037037038 0.023697916666666666 0.034722222222222224
0 0.49895833333333334 0.032407407407407406 0.059895833333333336 0.04027777777777778
0 0.6026041666666667 0.2847222222222222 0.025520833333333333 0.033796296296296297
