0 0.49609375 0.33935185185185185 0.016145833333333335 0.041666666666666664
0 0.5877604166666667 0.5703703703703704 0.03463541666666667 0.05324074074074074
0 0.97421875 0.5976851851851852 0.029427083333333333 0.03611111111111111
0 0.9950520833333333 0.6148148148148148 0.023177083333333334 0.05648148148148148
0 0.81640625 0.586574074074074 0.029947916666666668 0.05416666666666667
0 0.77890625 0.662962962962963 0.028125 0.040740740740740744
0 0.58984375 0.6185185185185185 0.025 0.050462962962962966
0 0.528125 0.7444444444444445 0.038802083333333334 0.03935185185185185
0 0.6231770833333333 0.6240740740740741 0.023177083333333334 0.04027777777777778
0 0.5015625 0.41435185185185186 0.021614583333333333 0.031018518518518518
0 0.48515625 0.5671296296296297 0.027083333333333334 0.03796296296296296
0 0.47708333333333336 0.4976851851851852 0.025260416666666667 0.04212962962962963
0 0.47421875 0.3287037037037037 0.021354166666666667 0.03888888888888889
0 0.46848958333333335 0.2824074074074074 0.03177083333333333 0.04583333333333333
0 0.459375 0.3587962962962963 0.01640625 0.033796296296296297
0 0.49296875 0.3351851851851852 0.016145833333333335 0.038425925925925926
0 0.4544270833333333 0.3453703703703704 0.021875 0.033796296296296297
0 0.5536458333333333 0.5097222222222222 0.041666666666666664 0.07175925925925926
0 0.49296875 0.5106481481481482 0.021354166666666667 0.03564814814814815
0 0.28567708333333336 0.30694444444444446 0.022395833333333334 0.04861111111111111
0 0.5359375 0.3347222222222222 0.0203125 0.0412037037037037
0 0.63125 0.300462962962963 0.062239583333333334 0.07777777777777778
0 0.9333333333333333 0.2550925925925926 0.01640625 0.03611111111111111
0 0.4205729166666667 0.21296296296296297 0.05182291666666667 0.12037037037037036
0 0.42109375 0.21944444444444444 0.02734375 0.046296296296296294
0 0.6143229166666667 0.324537037037037 0.016927083333333332 0.03981481481481482
0 0.6583333333333333 0.26944444444444443 0.028645833333333332 0.03611111111111111
0 0.9453125 0.19166666666666668 0.020572916666666666 0.03333333333333333
0 0.915625 0.23287037037037037 0.021614583333333333 0.02824074074074074
0 0.5549479166666667 0.16805555555555557 0.020572916666666666 0.03935185185185185
0 0.44921875 0.16712962962962963 0.017447916666666667 0.043055555555555555
0 0.5044270833333333 0.15 0.020833333333333332 0.03611111111111111
0 0.5013020833333334 0.12175925925925926 0.06536458333333334 0.06527777777777778
0 0.64375 0.09074074074074075 0.04895833333333333 0.09907407407407408
0 0.6981770833333333 0.1375 0.04010416666666667 0.0625
0 0.8052083333333333 0.1111111111111111 0.027083333333333334 0.050462962962962966
0 0.9489583333333333 0.07592592592592592 0.03307291666666667 0.062037037037037036
0 0.6322916666666667 0.2949074074074074 0.0234375 0.050462962962962966
0 0.9028645833333333 0.08009259259259259 0.032552083333333336 0.053703703703703705
0 0.6166666666666667 0.06527777777777778 0.024479166666666666 0.03194444444444444
0 0.6390625 0.09861111111111111 0.021614583333333333 0.037037037037037035
0 0.4934895833333333 0.08287037037037037 0.013020833333333334 0.032407407407407406
0 0.6354166666666666 0.01990740740740741 0.029166666666666667 0.05555555555555555
0 0.9473958333333333 0.027314814814814816 0.03203125 0.044444444444444446
0 0.9770833333333333 0.025 0.023697916666666666 0.034722222222222224
0 0.4953125 0.03611111111111111 0.059895833333333336 0.04027777777777778
0 0.5971354166666667 0.2824074074074074 0.025520833333333333 0.033796296296296297
