0 0.5018229166666667 0.35833333333333334 0.015364583333333333 0.03981481481481482
0 0.5981770833333333 0.5662037037037037 0.036458333333333336 0.056018518518518516
0 0.9671875 0.587037037037037 0.028125 0.03425925925925926
0 0.9822916666666667 0.5958333333333333 0.023177083333333334 0.05648148148148148
0 0.8205729166666667 0.6060185185185185 0.029947916666666668 0.05416666666666667
0 0.7700520833333333 0.6703703703703704 0.028125 0.040740740740740744
0 0.5927083333333333 0.6430555555555556 0.025 0.050462962962962966
0 0.53359375 0.7458333333333333 0.018489583333333334 0.043055555555555555
0 0.62265625 0.6333333333333333 0.02421875 0.04212962962962963
0 0.5078125 0.425462962962963 0.025 0.03611111111111111
0 0.49244791666666665 0.587037037037037 0.02578125 0.03611111111111111
0 0.47552083333333334 0.5157407407407407 0.02421875 0.04027777777777778
0 0.47578125 0.37083333333333335 0.021354166666666667 0.03888888888888889
0 0.4734375 0.30092592592592593 0.030208333333333334 0.04351851851851852
0 0.4578125 0.37824074074074077 0.017447916666666667 0.03518518518518519
0 0.49557291666666664 0.3472222222222222 0.016927083333333332 0.04027777777777778
0 0.45234375 0.35509259259259257 0.021875 0.033796296296296297
0 0.5578125 0.5111111111111111 0.041666666666666664 0.07175925925925926
0 0.49635416666666665 0.5217592592592593 0.0203125 0.033796296296296297
0 0.27265625 0.29907407407407405 0.026041666666666668 0.05648148148148148
0 0.5442708333333334 0.33240740740740743 0.021354166666666667 0.043055555555555555
0 0.6276041666666666 0.2935185185185185 0.062239583333333334 0.07777777777777778
0 0.9328125 0.23981481481481481 0.023177083333333334 0.0375
0 0.46119791666666665 0.2564814814814815 0.06484375 0.07546296296296297
0 0.46119791666666665 0.25787037037037036 0.025 0.041666666666666664
0 0.6140625 0.32314814814814813 0.016145833333333335 0.03796296296296296
0 0.6557291666666667 0.26157407407407407 0.028645833333333332 0.03611111111111111
0 0.953125 0.18796296296296297 0.020572916666666666 0.03333333333333333
0 0.9296875 0.22962962962962963 0.02265625 0.02962962962962963
0 0.5567708333333333 0.1736111111111111 0.020572916666666666 0.03935185185185185
0 0.45989583333333334 0.1638888888888889 0.016666666666666666 0.040740740740740744
0 0.5216145833333333 0.14583333333333334 0.020833333333333332 0.03611111111111111
0 0.5171875 0.11990740740740741 0.06536458333333334 0.06527777777777778
0 0.6419270833333334 0.09861111111111111 0.04895833333333333 0.09907407407407408
0 0.6934895833333333 0.13657407407407407 0.03463541666666667 0.05416666666666667
0 0.7841145833333333 0.11666666666666667 0.027083333333333334 0.050462962962962966
0 0.9395833333333333 0.1 0.028645833333333332 0.053703703703703705
0 0.6309895833333333 0.29074074074074074 0.021354166666666667 0.04583333333333333
0 0.9033854166666667 0.08148148148148149 0.032552083333333336 0.053703703703703705
0 0.6169270833333333 0.062037037037037036 0.023177083333333334 0.030555555555555555
0 0.6369791666666667 0.1037037037037037 0.021614583333333333 0.037037037037037035
0 0.5002604166666667 0.0837962962962963 0.013541666666666667 0.033796296296296297
0 0.6325520833333333 0.027314814814814816 0.029166666666666667 0.05555555555555555
0 0.946875 0.024074074074074074 0.03046875 0.04259259259259259
0 0.9713541666666666 0.020833333333333332 0.025 0.03657407407407407
0 0.5083333333333333 0.02175925925925926 0.06276041666666667 0.04212962962962963
0 0.6083333333333333 0.2851851851851852 0.023177083333333334 0.030555555555555555
