0 0.4895833333333333 0.324537037037037 0.015364583333333333 0.03981481481481482
0 0.5859375 0.5643518518518519 0.03463541666666667 0.05324074074074074
0 0.9794270833333333 0.6064814814814815 0.029427083333333333 0.03611111111111111
0 1.0 0.6263888888888889 0.023177083333333334 0.03611111111111111
0 0.8119791666666667 0.5810185185185185 0.028645833333333332 0.05138888888888889
0 0.7802083333333333 0.6648148148148149 0.028125 0.040740740740740744
0 0.5838541666666667 0.612037037037037 0.025 0.050462962962962966
0 0.525 0.7384259259259259 0.03671875 0.0375
0 0.6200520833333333 0.6217592592592592 0.023177083333333334 0.04027777777777778
0 0.49583333333333335 0.4101851851851852 0.02265625 0.03287037037037037
0 0.48151041666666666 0.5648148148148148 0.027083333333333334 0.03796296296296296
0 0.478125 0.49027777777777776 0.025260416666666667 0.04212962962962963
0 0.47421875 0.30648148148148147 0.021354166666666667 0.03888888888888889
0 0.46536458333333336 0.2740740740740741 0.03177083333333333 0.04583333333333333
0 0.45729166666666665 0.350462962962963 0.01640625 0.033796296296296297
0 0.49609375 0.3037037037037037 0.016927083333333332 0.04027777777777778
0 0.45598958333333334 0.34444444444444444 0.021875 0.033796296296296297
0 0.5515625 0.5101851851851852 0.041666666666666664 0.07175925925925926
0 0.4895833333333333 0.5092592592592593 0.021354166666666667 0.03564814814814815
0 0.29713541666666665 0.2810185185185185 0.023697916666666666 0.05138888888888889
0 0.5354166666666667 0.33240740740740743 0.0203125 0.0412037037037037
0 0.6348958333333333 0.30277777777777776 0.059375 0.07407407407407407
0 0.9270833333333334 0.2638888888888889 0.01640625 0.03611111111111111
0 0.39947916666666666 0.18425925925925926 0.03723958333333333 0.1361111111111111
0 0.40130208333333334 0.19907407407407407 0.025 0.041666666666666664
0 0.6151041666666667 0.3282407407407407 0.016927083333333332 0.03981481481481482
0 0.6591145833333333 0.2740740740740741 0.028645833333333332 0.03611111111111111
0 0.93984375 0.19583333333333333 0.020572916666666666 0.03333333333333333
0 0.9088541666666666 0.23796296296296296 0.021614583333333333 0.02824074074074074
0 0.5526041666666667 0.15833333333333333 0.020572916666666666 0.03935185185185185
0 0.4453125 0.16527777777777777 0.017447916666666667 0.043055555555555555
0 0.49505208333333334 0.1550925925925926 0.020833333333333332 0.03611111111111111
0 0.4947916666666667 0.12638888888888888 0.06536458333333334 0.06527777777777778
0 0.6421875 0.08935185185185185 0.05130208333333333 0.10416666666666667
0 0.6830729166666667 0.14675925925925926 0.016145833333333335 0.04722222222222222
0 0.8138020833333334 0.11018518518518519 0.028385416666666666 0.05324074074074074
0 0.95859375 0.07407407407407407 0.03307291666666667 0.062037037037037036
0 0.6328125 0.3 0.022395833333333334 0.04814814814814815
0 0.9018229166666667 0.08425925925925926 0.032552083333333336 0.053703703703703705
0 0.61953125 0.07037037037037037 0.023177083333333334 0.030555555555555555
0 0.6388020833333333 0.09953703703703703 0.021614583333333333 0.037037037037037035
0 0.4875 0.07824074074074074 0.01171875 0.029166666666666667
0 0.6356770833333333 0.018518518518518517 0.029166666666666667 0.05555555555555555
0 0.9458333333333333 0.025925925925925925 0.03046875 0.04259259259259259
0 0.978125 0.03148148148148148 0.023697916666666666 0.034722222222222224
0 0.4875 0.04027777777777778 0.059895833333333336 0.04027777777777778
0 0.5994791666666667 0.2712962962962963 0.02421875 0.03194444444444444
