0 0.44166666666666665 0.25787037037037036 0.015104166666666667 0.03981481481481482
0 0.5580729166666667 0.575925925925926 0.031510416666666666 0.04814814814814815
0 0.8 0.5574074074074075 0.028645833333333332 0.05138888888888889
0 0.8213541666666667 0.6259259259259259 0.029427083333333333 0.04259259259259259
0 0.53203125 0.5949074074074074 0.02265625 0.04583333333333333
0 0.5174479166666667 0.7412037037037037 0.027864583333333335 0.03009259259259259
0 0.5895833333333333 0.5356481481481481 0.0296875 0.05138888888888889
0 0.4635416666666667 0.4273148148148148 0.025 0.04722222222222222
0 0.45546875 0.5138888888888888 0.017708333333333333 0.03287037037037037
0 0.46171875 0.2625 0.021614583333333333 0.037037037037037035
0 0.403125 0.3486111111111111 0.027864583333333335 0.04953703703703704
0 0.4549479166666667 0.362962962962963 0.014322916666666666 0.030555555555555555
0 0.49583333333333335 0.2902777777777778 0.011979166666666667 0.028703703703703703
0 0.4361979166666667 0.38657407407407407 0.02421875 0.07037037037037037
0 0.36276041666666664 0.13796296296296295 0.022395833333333334 0.040740740740740744
0 0.5260416666666666 0.3726851851851852 0.0203125 0.0412037037037037
0 0.6338541666666667 0.324537037037037 0.06875 0.06342592592592593
0 0.8799479166666667 0.2550925925925926 0.015625 0.03425925925925926
0 0.3731770833333333 0.13657407407407407 0.05 0.12824074074074074
0 0.6145833333333334 0.3333333333333333 0.016145833333333335 0.03796296296296296
0 0.6541666666666667 0.31666666666666665 0.0296875 0.02638888888888889
0 0.875 0.21574074074074073 0.01953125 0.03194444444444444
0 0.9091145833333333 0.24722222222222223 0.02265625 0.02962962962962963
0 0.621875 0.1537037037037037 0.02265625 0.04351851851851852
0 0.4231770833333333 0.1925925925925926 0.015885416666666666 0.03888888888888889
0 0.4484375 0.1925925925925926 0.025520833333333333 0.04398148148148148
0 0.44609375 0.1625 0.06588541666666667 0.062037037037037036
0 0.63046875 0.0787037037037037 0.04895833333333333 0.09907407407407408
0 0.8768229166666667 0.07592592592592592 0.027083333333333334 0.050462962962962966
0 0.9583333333333334 0.06157407407407407 0.032552083333333336 0.05138888888888889
0 0.6388020833333333 0.32083333333333336 0.018489583333333334 0.046296296296296294
0 0.9028645833333333 0.09351851851851851 0.032552083333333336 0.053703703703703705
0 0.5846354166666666 0.09953703703703703 0.029427083333333333 0.0587962962962963
0 0.45260416666666664 0.10046296296296296 0.017447916666666667 0.027777777777777776
0 0.6361979166666667 0.027777777777777776 0.049479166666666664 0.05
0 0.9627604166666667 0.01574074074074074 0.027604166666666666 0.024537037037037038
0 0.9828125 0.03425925925925926 0.02734375 0.04027777777777778
0 0.44583333333333336 0.07268518518518519 0.06276041666666667 0.04212962962962963
0 0.5984375 0.29444444444444445 0.023177083333333334 0.030555555555555555
0 0.5315104166666667 0.4962962962962963 0.023958333333333335 0.044444444444444446
0 0.6161458333333333 0.1037037037037037 0.018489583333333334 0.0412037037037037
0 0.49140625 0.5694444444444444 0.021354166666666667 0.038425925925925926
0 0.5052083333333334 0.6175925925925926 0.030989583333333334 0.05185185185185185
0 0.6328125 0.02638888888888889 0.02578125 0.03564814814814815
0 0.3770833333333333 0.18472222222222223 0.01796875 0.02546296296296296
0 0.63984375 0.09768518518518518 0.012760416666666666 0.03194444444444444
