0 0.42994791666666665 0.27824074074074073 0.014322916666666666 0.03796296296296296
0 0.5552083333333333 0.5949074074074074 0.03307291666666667 0.05092592592592592
0 0.7895833333333333 0.5717592592592593 0.02734375 0.049074074074074076
0 0.81796875 0.6138888888888889 0.029427083333333333 0.04259259259259259
0 0.5309895833333333 0.6037037037037037 0.01953125 0.03935185185185185
0 0.509375 0.7407407407407407 0.030729166666666665 0.03333333333333333
0 0.5763020833333333 0.4976851851851852 0.030989583333333334 0.05416666666666667
0 0.4552083333333333 0.43796296296296294 0.03307291666666667 0.06296296296296296
0 0.4479166666666667 0.5388888888888889 0.021614583333333333 0.03981481481481482
0 0.44921875 0.29444444444444445 0.023958333333333335 0.040740740740740744
0 0.39348958333333334 0.3851851851851852 0.035416666666666666 0.06296296296296296
0 0.4510416666666667 0.37546296296296294 0.014322916666666666 0.030555555555555555
0 0.4984375 0.3125 0.026302083333333334 0.032407407407407406
0 0.4265625 0.42453703703703705 0.02421875 0.046296296296296294
0 0.5158854166666667 0.4050925925925926 0.024739583333333332 0.05
0 0.6338541666666667 0.34629629629629627 0.06536458333333334 0.06018518518518518
0 0.8705729166666667 0.2740740740740741 0.01640625 0.03611111111111111
0 0.3609375 0.12361111111111112 0.0703125 0.0763888888888889
0 0.6140625 0.34444444444444444 0.01953125 0.0375
0 0.86875 0.24166666666666667 0.01953125 0.03194444444444444
0 0.9223958333333333 0.27546296296296297 0.025 0.032407407407407406
0 0.6434895833333333 0.17037037037037037 0.02265625 0.04351851851851852
0 0.40651041666666665 0.2152777777777778 0.015104166666666667 0.037037037037037035
0 0.43671875 0.21712962962962962 0.02421875 0.04212962962962963
0 0.4354166666666667 0.19027777777777777 0.06588541666666667 0.062037037037037036
0 0.6263020833333334 0.10138888888888889 0.05390625 0.10925925925925926
0 0.8848958333333333 0.07453703703703704 0.027083333333333334 0.050462962962962966
0 0.9578125 0.07916666666666666 0.032552083333333336 0.05138888888888889
0 0.6309895833333333 0.34953703703703703 0.020572916666666666 0.05092592592592592
0 0.9015625 0.1087962962962963 0.032552083333333336 0.053703703703703705
0 0.57578125 0.11388888888888889 0.032552083333333336 0.06527777777777778
0 0.44296875 0.12222222222222222 0.018229166666666668 0.029166666666666667
0 0.6333333333333333 0.04537037037037037 0.06328125 0.06388888888888888
0 0.96328125 0.016203703703703703 0.026302083333333334 0.029166666666666667
0 0.9825520833333333 0.05185185185185185 0.02890625 0.04212962962962963
0 0.44036458333333334 0.09166666666666666 0.06276041666666667 0.050462962962962966
0 0.5796875 0.30277777777777776 0.023177083333333334 0.030555555555555555
0 0.52421875 0.5060185185185185 0.023958333333333335 0.044444444444444446
0 0.6059895833333333 0.12314814814814815 0.017708333333333333 0.03935185185185185
0 0.49244791666666665 0.586574074074074 0.022395833333333334 0.04027777777777778
0 0.48828125 0.6333333333333333 0.030989583333333334 0.05185185185185185
0 0.6286458333333333 0.04259259259259259 0.027083333333333334 0.0375
0 0.3723958333333333 0.21851851851851853 0.01875 0.026851851851851852
0 0.640625 0.12361111111111112 0.024479166666666666 0.03333333333333333
0 0.3463541666666667 0.12314814814814815 0.02109375 0.0412037037037037
0 0.65703125 0.32685185185185184 0.022135416666666668 0.0412037037037037
