0 0.3953125 0.3523148148148148 0.015104166666666667 0.03981481481481482
0 0.5625 0.6657407407407407 0.04010416666666667 0.06157407407407407
0 0.7614583333333333 0.5462962962962963 0.030208333333333334 0.05416666666666667
0 0.8026041666666667 0.6351851851851852 0.041666666666666664 0.06018518518518518
0 0.540625 0.7041666666666667 0.02265625 0.04583333333333333
0 0.5002604166666667 0.7810185185185186 0.033854166666666664 0.03657407407407407
0 0.5583333333333333 0.4722222222222222 0.0265625 0.056018518518518516
0 0.4354166666666667 0.5699074074074074 0.019270833333333334 0.041666666666666664
0 0.43697916666666664 0.6078703703703704 0.01953125 0.03611111111111111
0 0.41640625 0.3592592592592593 0.021614583333333333 0.037037037037037035
0 0.35625 0.46805555555555556 0.031510416666666666 0.046296296296296294
0 0.43307291666666664 0.45787037037037037 0.013020833333333334 0.027777777777777776
0 0.4859375 0.3486111111111111 0.025 0.031018518518518518
0 0.4119791666666667 0.5259259259259259 0.01796875 0.04027777777777778
0 0.5114583333333333 0.46435185185185185 0.023697916666666666 0.047685185185185185
0 0.6236979166666666 0.3814814814814815 0.03984375 0.11851851851851852
0 0.82734375 0.3333333333333333 0.01640625 0.03611111111111111
0 0.328125 0.08148148148148149 0.08984375 0.0837962962962963
0 0.83203125 0.2884259259259259 0.01875 0.03009259259259259
0 0.9046875 0.3296296296296296 0.025 0.032407407407407406
0 0.7018229166666666 0.19027777777777777 0.023697916666666666 0.04537037037037037
0 0.375 0.25462962962962965 0.016666666666666666 0.040740740740740744
0 0.40859375 0.2652777777777778 0.02421875 0.04212962962962963
0 0.4088541666666667 0.23564814814814813 0.06927083333333334 0.06527777777777778
0 0.59609375 0.1648148148148148 0.053385416666666664 0.09907407407407408
0 0.90859375 0.09351851851851851 0.02578125 0.04814814814814815
0 0.9575520833333333 0.1125 0.030989583333333334 0.049074074074074076
0 0.9002604166666667 0.14629629629629629 0.032552083333333336 0.053703703703703705
0 0.5580729166666667 0.15138888888888888 0.030989583333333334 0.062037037037037036
0 0.42630208333333336 0.18564814814814815 0.024479166666666666 0.03888888888888889
0 0.6135416666666667 0.07268518518518519 0.06640625 0.06712962962962964
0 0.96484375 0.06574074074074074 0.021614583333333333 0.024074074074074074
0 0.9802083333333333 0.09166666666666666 0.02890625 0.04212962962962963
0 0.4239583333333333 0.13564814814814816 0.06588541666666667 0.05277777777777778
0 0.55234375 0.3347222222222222 0.025520833333333333 0.033796296296296297
0 0.4895833333333333 0.5365740740740741 0.02265625 0.04259259259259259
0 0.584375 0.17453703703703705 0.03411458333333333 0.0412037037037037
0 0.4765625 0.6324074074074074 0.0234375 0.04259259259259259
0 0.44453125 0.6791666666666667 0.02421875 0.04722222222222222
0 0.6098958333333333 0.06898148148148148 0.024479166666666666 0.033796296296296297
0 0.3692708333333333 0.28935185185185186 0.022916666666666665 0.032407407407407406
0 0.61328125 0.225 0.022395833333333334 0.030555555555555555
0 0.66796875 0.3680555555555556 0.021614583333333333 0.050462962962962966
0 0.625 0.3976851851851852 0.017708333333333333 0.02824074074074074
0 0.5794270833333334 0.4310185185185185 0.028385416666666666 0.044444444444444446
0 0.32135416666666666 0.05462962962962963 0.020052083333333335 0.033796296296296297
