0 0.4388020833333333 0.2662037037037037 0.015104166666666667 0.03981481481481482
0 0.5572916666666666 0.5810185185185185 0.029947916666666668 0.04583333333333333
0 0.79765625 0.5689814814814815 0.028645833333333332 0.05138888888888889
0 0.82421875 0.6217592592592592 0.029427083333333333 0.04259259259259259
0 0.5307291666666667 0.5953703703703703 0.01953125 0.03935185185185185
0 0.5153645833333333 0.7412037037037037 0.029166666666666667 0.03148148148148148
0 0.5828125 0.525 0.0296875 0.05138888888888889
0 0.46041666666666664 0.4287037037037037 0.025 0.04722222222222222
0 0.45338541666666665 0.5236111111111111 0.01953125 0.03611111111111111
0 0.45234375 0.2708333333333333 0.021614583333333333 0.037037037037037035
0 0.39479166666666665 0.37037037037037035 0.03203125 0.05694444444444444
0 0.45390625 0.3680555555555556 0.015104166666666667 0.03194444444444444
0 0.49375 0.30185185185185187 0.011979166666666667 0.028703703703703703
0 0.4453125 0.39861111111111114 0.02421875 0.07037037037037037
0 0.3546875 0.1300925925925926 0.022395833333333334 0.040740740740740744
0 0.52109375 0.38564814814814813 0.0234375 0.047685185185185185
0 0.6354166666666666 0.33055555555555555 0.06536458333333334 0.06018518518518518
0 0.87578125 0.2611111111111111 0.015625 0.03425925925925926
0 0.3653645833333333 0.1300925925925926 0.05 0.12824074074074074
0 0.61875 0.3375 0.014583333333333334 0.03425925925925926
0 0.65390625 0.3236111111111111 0.0296875 0.02638888888888889
0 0.8731770833333333 0.2273148148148148 0.01953125 0.03194444444444444
0 0.9143229166666667 0.25925925925925924 0.025 0.032407407407407406
0 0.63046875 0.16203703703703703 0.02265625 0.04351851851851852
0 0.4203125 0.20879629629629629 0.015104166666666667 0.037037037037037035
0 0.44166666666666665 0.20462962962962963 0.025520833333333333 0.04398148148148148
0 0.44088541666666664 0.175 0.06588541666666667 0.062037037037037036
0 0.6260416666666667 0.07962962962962963 0.05130208333333333 0.10416666666666667
0 0.88125 0.07685185185185185 0.027083333333333334 0.050462962962962966
0 0.9609375 0.06805555555555555 0.032552083333333336 0.05138888888888889
0 0.634375 0.33101851851851855 0.01953125 0.04861111111111111
0 0.9020833333333333 0.1 0.032552083333333336 0.053703703703703705
0 0.59375 0.0962962962962963 0.030989583333333334 0.062037037037037036
0 0.44609375 0.10925925925925926 0.017447916666666667 0.027777777777777776
0 0.6369791666666667 0.0375 0.057291666666666664 0.05787037037037037
0 0.9583333333333334 0.020370370370370372 0.027604166666666666 0.024537037037037038
0 0.9841145833333333 0.041666666666666664 0.02890625 0.04212962962962963
0 0.4434895833333333 0.07916666666666666 0.06276041666666667 0.050462962962962966
0 0.5885416666666666 0.2972222222222222 0.02421875 0.03194444444444444
0 0.525 0.5032407407407408 0.023958333333333335 0.044444444444444446
0 0.6111979166666667 0.10925925925925926 0.017708333333333333 0.03935185185185185
0 0.49166666666666664 0.575925925925926 0.021354166666666667 0.038425925925925926
0 0.5005208333333333 0.6212962962962963 0.030989583333333334 0.05185185185185185
0 0.6291666666666667 0.03564814814814815 0.02578125 0.03564814814814815
0 0.37473958333333335 0.2013888888888889 0.01796875 0.02546296296296296
0 0.6450520833333333 0.10694444444444444 0.024479166666666666 0.03333333333333333
