0 0.44088541666666664 0.2638888888888889 0.015104166666666667 0.03981481481481482
0 0.5557291666666667 0.5782407407407407 0.031510416666666666 0.04814814814814815
0 0.8010416666666667 0.5611111111111111 0.028645833333333332 0.05138888888888889
0 0.8223958333333333 0.625462962962963 0.029427083333333333 0.04259259259259259
0 0.5317708333333333 0.5930555555555556 0.021614583333333333 0.04351851851851852
0 0.5171875 0.7412037037037037 0.029166666666666667 0.03148148148148148
0 0.5880208333333333 0.5351851851851852 0.0296875 0.05138888888888889
0 0.4635416666666667 0.4305555555555556 0.025 0.04722222222222222
0 0.45286458333333335 0.5199074074074074 0.01953125 0.03611111111111111
0 0.4549479166666667 0.26666666666666666 0.021614583333333333 0.037037037037037035
0 0.39479166666666665 0.362962962962963 0.030729166666666665 0.05462962962962963
0 0.4544270833333333 0.3662037037037037 0.015104166666666667 0.03194444444444444
0 0.4947916666666667 0.2949074074074074 0.012760416666666666 0.03009259259259259
0 0.44036458333333334 0.38981481481481484 0.025520833333333333 0.07407407407407407
0 0.35833333333333334 0.1337962962962963 0.022395833333333334 0.040740740740740744
0 0.5221354166666666 0.37407407407407406 0.021354166666666667 0.043055555555555555
0 0.63515625 0.3300925925925926 0.06875 0.06342592592592593
0 0.8776041666666666 0.2574074074074074 0.015625 0.03425925925925926
0 0.3692708333333333 0.13564814814814816 0.05 0.12824074074074074
0 0.6169270833333333 0.337037037037037 0.014583333333333334 0.03425925925925926
0 0.6541666666666667 0.32222222222222224 0.0296875 0.02638888888888889
0 0.8739583333333333 0.22037037037037038 0.01953125 0.03194444444444444
0 0.9130208333333333 0.25277777777777777 0.025 0.032407407407407406
0 0.6255208333333333 0.15833333333333333 0.02265625 0.04351851851851852
0 0.4205729166666667 0.20324074074074075 0.015104166666666667 0.037037037037037035
0 0.44479166666666664 0.19722222222222222 0.025520833333333333 0.04398148148148148
0 0.44375 0.1685185185185185 0.06588541666666667 0.062037037037037036
0 0.6286458333333333 0.075 0.04895833333333333 0.09907407407407408
0 0.8786458333333333 0.075 0.027083333333333334 0.050462962962962966
0 0.959375 0.06435185185185185 0.032552083333333336 0.05138888888888889
0 0.6403645833333333 0.32685185185185184 0.018489583333333334 0.046296296296296294
0 0.90234375 0.0962962962962963 0.032552083333333336 0.053703703703703705
0 0.58671875 0.09907407407407408 0.029427083333333333 0.0587962962962963
0 0.44921875 0.10648148148148148 0.017447916666666667 0.027777777777777776
0 0.63828125 0.03009259259259259 0.052083333333333336 0.05277777777777778
0 0.9611979166666667 0.012962962962962963 0.027604166666666666 0.024537037037037038
0 0.9841145833333333 0.03888888888888889 0.02890625 0.04212962962962963
0 0.44505208333333335 0.07407407407407407 0.06276041666666667 0.050462962962962966
0 0.59140625 0.2967592592592593 0.02421875 0.03194444444444444
0 0.5286458333333334 0.49675925925925923 0.023958333333333335 0.044444444444444446
0 0.6138020833333333 0.10416666666666667 0.017708333333333333 0.03935185185185185
0 0.49270833333333336 0.5717592592592593 0.021354166666666667 0.038425925925925926
0 0.5033854166666667 0.6199074074074075 0.032552083333333336 0.05462962962962963
0 0.6315104166666666 0.030555555555555555 0.02578125 0.03564814814814815
0 0.37473958333333335 0.19305555555555556 0.01796875 0.02546296296296296
0 0.64609375 0.1037037037037037 0.024479166666666666 0.03333333333333333
