0 0.45625 0.25925925925925924 0.014583333333333334 0.03796296296296296
0 0.5674479166666667 0.562962962962963 0.03463541666666667 0.05324074074074074
0 0.7924479166666667 0.5583333333333333 0.02734375 0.049074074074074076
0 0.8143229166666667 0.6532407407407408 0.029427083333333333 0.04259259259259259
0 0.5369791666666667 0.5967592592592592 0.025 0.050462962962962966
0 0.5208333333333334 0.7328703703703704 0.027864583333333335 0.03009259259259259
0 0.6005208333333333 0.5518518518518518 0.0296875 0.05138888888888889
0 0.47552083333333334 0.38425925925925924 0.02265625 0.03287037037037037
0 0.4640625 0.49583333333333335 0.012760416666666666 0.03287037037037037
0 0.48072916666666665 0.262037037037037 0.0203125 0.037037037037037035
0 0.40703125 0.3175925925925926 0.0265625 0.04722222222222222
0 0.4640625 0.3314814814814815 0.013541666666666667 0.029166666666666667
0 0.49114583333333334 0.2828703703703704 0.012760416666666666 0.03009259259259259
0 0.4518229166666667 0.3388888888888889 0.01640625 0.033796296296296297
0 0.3489583333333333 0.13518518518518519 0.03177083333333333 0.037037037037037035
0 0.5197916666666667 0.3416666666666667 0.018489583333333334 0.037037037037037035
0 0.634375 0.3138888888888889 0.06875 0.06342592592592593
0 0.8927083333333333 0.25092592592592594 0.015625 0.03425925925925926
0 0.3684895833333333 0.12824074074074074 0.054427083333333334 0.11064814814814815
0 0.3734375 0.14537037037037037 0.021614583333333333 0.03611111111111111
0 0.6158854166666666 0.33194444444444443 0.016145833333333335 0.03796296296296296
0 0.6552083333333333 0.31157407407407406 0.03125 0.027777777777777776
0 0.8911458333333333 0.2023148148148148 0.01875 0.03009259259259259
0 0.9049479166666666 0.2361111111111111 0.02265625 0.02962962962962963
0 0.5950520833333334 0.14305555555555555 0.021614583333333333 0.0412037037037037
0 0.44114583333333335 0.17916666666666667 0.016666666666666666 0.040740740740740744
0 0.46171875 0.17731481481481481 0.02421875 0.04212962962962963
0 0.45989583333333334 0.14722222222222223 0.06588541666666667 0.062037037037037036
0 0.63671875 0.09074074074074075 0.05130208333333333 0.10416666666666667
0 0.859375 0.0787037037037037 0.027083333333333334 0.050462962962962966
0 0.9619791666666667 0.05555555555555555 0.031510416666666666 0.05925925925925926
0 0.6348958333333333 0.3101851851851852 0.01953125 0.03564814814814815
0 0.9028645833333333 0.08564814814814815 0.032552083333333336 0.053703703703703705
0 0.5963541666666666 0.0787037037037037 0.02109375 0.027777777777777776
0 0.6375 0.08101851851851852 0.020572916666666666 0.03518518518518519
0 0.4557291666666667 0.09074074074074075 0.018229166666666668 0.029166666666666667
0 0.63515625 0.026851851851851852 0.0421875 0.05277777777777778
0 0.9640625 0.016666666666666666 0.023697916666666666 0.03333333333333333
0 0.9776041666666667 0.03194444444444444 0.026041666666666668 0.038425925925925926
0 0.453125 0.05555555555555555 0.06276041666666667 0.04212962962962963
0 0.621875 0.2689814814814815 0.025520833333333333 0.033796296296296297
0 0.5393229166666667 0.5041666666666667 0.026302083333333334 0.049074074074074076
0 0.6229166666666667 0.1087962962962963 0.018489583333333334 0.0412037037037037
0 0.4875 0.5587962962962963 0.028125 0.059722222222222225
0 0.4947916666666667 0.6171296296296296 0.0375 0.07222222222222222
