0 0.47161458333333334 0.27546296296296297 0.015104166666666667 0.03981481481481482
0 0.5682291666666667 0.5638888888888889 0.03463541666666667 0.05324074074074074
0 0.7947916666666667 0.5662037037037037 0.02734375 0.049074074074074076
0 0.8 0.6643518518518519 0.028125 0.040740740740740744
0 0.5497395833333333 0.6060185185185185 0.025 0.050462962962962966
0 0.5229166666666667 0.7328703703703704 0.040625 0.0412037037037037
0 0.6057291666666667 0.5800925925925926 0.026822916666666665 0.04675925925925926
0 0.48385416666666664 0.3875 0.021614583333333333 0.031018518518518518
0 0.46927083333333336 0.48703703703703705 0.014583333333333334 0.038425925925925926
0 0.4744791666666667 0.2671296296296296 0.021354166666666667 0.03888888888888889
0 0.42552083333333335 0.29305555555555557 0.03515625 0.050462962962962966
0 0.46588541666666666 0.33194444444444443 0.013541666666666667 0.029166666666666667
0 0.49322916666666666 0.2824074074074074 0.012760416666666666 0.03009259259259259
0 0.4552083333333333 0.33611111111111114 0.021875 0.033796296296296297
0 0.31979166666666664 0.18101851851851852 0.028645833333333332 0.0625
0 0.5247395833333334 0.33194444444444443 0.017447916666666667 0.03564814814814815
0 0.6361979166666667 0.3106481481481482 0.06875 0.08564814814814815
0 0.9046875 0.262037037037037 0.015625 0.03425925925925926
0 0.3729166666666667 0.13657407407407407 0.04140625 0.14305555555555555
0 0.3729166666666667 0.1486111111111111 0.020572916666666666 0.03425925925925926
0 0.615625 0.33240740740740743 0.016927083333333332 0.03981481481481482
0 0.6614583333333334 0.2851851851851852 0.031510416666666666 0.03981481481481482
0 0.91015625 0.20092592592592592 0.021614583333333333 0.03518518518518519
0 0.9072916666666667 0.24305555555555555 0.020572916666666666 0.026851851851851852
0 0.5716145833333334 0.13564814814814816 0.020572916666666666 0.03935185185185185
0 0.44140625 0.16296296296296298 0.015885416666666666 0.03888888888888889
0 0.4752604166666667 0.16574074074074074 0.022135416666666668 0.03796296296296296
0 0.47291666666666665 0.13472222222222222 0.06588541666666667 0.062037037037037036
0 0.6403645833333333 0.09722222222222222 0.04895833333333333 0.09907407407407408
0 0.8442708333333333 0.08194444444444444 0.028385416666666666 0.05324074074074074
0 0.9575520833333333 0.06805555555555555 0.03307291666666667 0.062037037037037036
0 0.6356770833333333 0.30648148148148147 0.017447916666666667 0.0375
0 0.9041666666666667 0.08703703703703704 0.032552083333333336 0.053703703703703705
0 0.6127604166666667 0.08518518518518518 0.02109375 0.027777777777777776
0 0.6395833333333333 0.09074074074074075 0.021614583333333333 0.037037037037037035
0 0.46119791666666665 0.0787037037037037 0.017447916666666667 0.027777777777777776
0 0.6356770833333333 0.027314814814814816 0.029166666666666667 0.05555555555555555
0 0.9549479166666667 0.024537037037037038 0.03515625 0.049074074074074076
0 0.978125 0.03194444444444444 0.026041666666666668 0.038425925925925926
0 0.46171875 0.044444444444444446 0.06276041666666667 0.04212962962962963
0 0.6135416666666667 0.21388888888888888 0.02421875 0.03194444444444444
0 0.5403645833333334 0.5060185185185185 0.027604166666666666 0.05138888888888889
0 0.4947916666666667 0.6046296296296296 0.044270833333333336 0.06481481481481481
0 0.4864583333333333 0.5402777777777777 0.030208333333333334 0.0625
0 0.6330729166666667 0.10277777777777777 0.015885416666666666 0.046296296296296294
