0 0.39739583333333334 0.3597222222222222 0.014322916666666666 0.03796296296296296
0 0.5661458333333333 0.6754629629629629 0.03828125 0.0587962962962963
0 0.75703125 0.5407407407407407 0.030208333333333334 0.05416666666666667
0 0.8018229166666667 0.6430555555555556 0.041666666666666664 0.06018518518518518
0 0.54375 0.7208333333333333 0.021614583333333333 0.04351851851851852
0 0.4973958333333333 0.7800925925925926 0.033854166666666664 0.03657407407407407
0 0.5557291666666667 0.475 0.025260416666666667 0.05324074074074074
0 0.4309895833333333 0.5893518518518519 0.019270833333333334 0.041666666666666664
0 0.43697916666666664 0.6240740740740741 0.020572916666666666 0.03796296296296296
0 0.40911458333333334 0.37592592592592594 0.023958333333333335 0.040740740740740744
0 0.35598958333333336 0.475 0.03307291666666667 0.04861111111111111
0 0.43020833333333336 0.47314814814814815 0.0125 0.02638888888888889
0 0.47760416666666666 0.36064814814814816 0.027604166666666666 0.03425925925925926
0 0.41692708333333334 0.5328703703703703 0.01875 0.04212962962962963
0 0.5106770833333333 0.4703703703703704 0.022395833333333334 0.04537037037037037
0 0.6307291666666667 0.3861111111111111 0.03984375 0.11851851851851852
0 0.82109375 0.34074074074074073 0.015625 0.03425925925925926
0 0.32526041666666666 0.075 0.08984375 0.0837962962962963
0 0.8247395833333333 0.29398148148148145 0.01875 0.03009259259259259
0 0.9018229166666667 0.34120370370370373 0.025 0.032407407407407406
0 0.709375 0.18888888888888888 0.023697916666666666 0.04537037037037037
0 0.36875 0.2611111111111111 0.016666666666666666 0.040740740740740744
0 0.4044270833333333 0.2708333333333333 0.02421875 0.04212962962962963
0 0.40390625 0.24166666666666667 0.06927083333333334 0.06527777777777778
0 0.5919270833333333 0.17407407407407408 0.055989583333333336 0.10416666666666667
0 0.9125 0.08888888888888889 0.02578125 0.04814814814814815
0 0.9497395833333333 0.11064814814814815 0.030989583333333334 0.049074074074074076
0 0.8994791666666667 0.15231481481481482 0.032552083333333336 0.053703703703703705
0 0.5541666666666667 0.15787037037037038 0.029427083333333333 0.05925925925925926
0 0.4236979166666667 0.19537037037037036 0.022135416666666668 0.03564814814814815
0 0.6114583333333333 0.0787037037037037 0.06328125 0.06388888888888888
0 0.9703125 0.07314814814814814 0.02265625 0.025
0 0.9783854166666667 0.09768518518518518 0.02890625 0.04212962962962963
0 0.42239583333333336 0.14166666666666666 0.06588541666666667 0.05277777777777778
0 0.54453125 0.3435185185185185 0.02421875 0.03194444444444444
0 0.4890625 0.5481481481481482 0.026302083333333334 0.049074074074074076
0 0.5822916666666667 0.18194444444444444 0.037760416666666664 0.04537037037037037
0 0.48098958333333336 0.6402777777777777 0.0234375 0.04259259259259259
0 0.4471354166666667 0.6916666666666667 0.025520833333333333 0.04953703703703704
0 0.6065104166666667 0.07546296296296297 0.024479166666666666 0.033796296296296297
0 0.37083333333333335 0.29768518518518516 0.021875 0.031018518518518518
0 0.6088541666666667 0.23703703703703705 0.0203125 0.027777777777777776
0 0.66640625 0.37592592592592594 0.01953125 0.04537037037037037
0 0.6291666666666667 0.4041666666666667 0.017708333333333333 0.02824074074074074
0 0.5783854166666667 0.42916666666666664 0.029947916666666668 0.04675925925925926
0 0.32005208333333335 0.05787037037037037 0.022135416666666668 0.037037037037037035
