0 0.4583333333333333 0.25972222222222224 0.014583333333333334 0.03796296296296296
0 0.5669270833333333 0.5638888888888889 0.03463541666666667 0.05324074074074074
0 0.7932291666666667 0.5583333333333333 0.02734375 0.049074074074074076
0 0.8130208333333333 0.6555555555555556 0.029427083333333333 0.04259259259259259
0 0.5388020833333333 0.5967592592592592 0.025 0.050462962962962966
0 0.5208333333333334 0.7319444444444444 0.027864583333333335 0.03009259259259259
0 0.6002604166666666 0.5550925925925926 0.0296875 0.05138888888888889
0 0.47578125 0.38472222222222224 0.02265625 0.03287037037037037
0 0.46432291666666664 0.49722222222222223 0.012760416666666666 0.03287037037037037
0 0.47604166666666664 0.2569444444444444 0.0203125 0.037037037037037035
0 0.40859375 0.31296296296296294 0.0265625 0.04722222222222222
0 0.46432291666666664 0.33194444444444443 0.013541666666666667 0.029166666666666667
0 0.49244791666666665 0.28379629629629627 0.012760416666666666 0.03009259259259259
0 0.45234375 0.3384259259259259 0.01640625 0.033796296296296297
0 0.34765625 0.14351851851851852 0.03177083333333333 0.06851851851851852
0 0.5190104166666667 0.34074074074074073 0.017447916666666667 0.03564814814814815
0 0.634375 0.31342592592592594 0.06875 0.06342592592592593
0 0.89296875 0.2523148148148148 0.015625 0.03425925925925926
0 0.37135416666666665 0.1287037037037037 0.054427083333333334 0.11064814814814815
0 0.3697916666666667 0.14027777777777778 0.021614583333333333 0.03611111111111111
0 0.6161458333333333 0.33287037037037037 0.016927083333333332 0.03981481481481482
0 0.65546875 0.3101851851851852 0.03125 0.027777777777777776
0 0.8919270833333334 0.2023148148148148 0.01875 0.03009259259259259
0 0.9046875 0.2375 0.02265625 0.02962962962962963
0 0.5924479166666666 0.1425925925925926 0.021614583333333333 0.0412037037037037
0 0.44114583333333335 0.17777777777777778 0.016666666666666666 0.040740740740740744
0 0.4635416666666667 0.175 0.02421875 0.04212962962962963
0 0.46197916666666666 0.14537037037037037 0.06588541666666667 0.062037037037037036
0 0.6375 0.09305555555555556 0.05130208333333333 0.10416666666666667
0 0.8575520833333333 0.08055555555555556 0.027083333333333334 0.050462962962962966
0 0.9619791666666667 0.05740740740740741 0.031510416666666666 0.05925925925925926
0 0.6354166666666666 0.3101851851851852 0.01953125 0.03564814814814815
0 0.9033854166666667 0.08564814814814815 0.032552083333333336 0.053703703703703705
0 0.5984375 0.08194444444444444 0.02109375 0.027777777777777776
0 0.63203125 0.0962962962962963 0.020572916666666666 0.03518518518518519
0 0.45651041666666664 0.08981481481481482 0.018229166666666668 0.029166666666666667
0 0.6309895833333333 0.02638888888888889 0.03229166666666667 0.05277777777777778
0 0.9622395833333334 0.01712962962962963 0.023697916666666666 0.03333333333333333
0 0.978125 0.03333333333333333 0.025 0.03657407407407407
0 0.45390625 0.05416666666666667 0.06276041666666667 0.04212962962962963
0 0.6208333333333333 0.2601851851851852 0.025520833333333333 0.033796296296296297
0 0.5395833333333333 0.5069444444444444 0.026302083333333334 0.049074074074074076
0 0.6252604166666667 0.10787037037037037 0.018489583333333334 0.0412037037037037
0 0.48776041666666664 0.5560185185185185 0.028125 0.059722222222222225
0 0.49114583333333334 0.6157407407407407 0.0375 0.07222222222222222
