0 0.5020833333333333 0.36203703703703705 0.015364583333333333 0.03981481481481482
0 0.60078125 0.562037037037037 0.036458333333333336 0.056018518518518516
0 0.9653645833333333 0.5856481481481481 0.026822916666666665 0.03287037037037037
0 0.98046875 0.5953703703703703 0.023177083333333334 0.05648148148148148
0 0.8203125 0.6074074074074074 0.029947916666666668 0.05416666666666667
0 0.7692708333333333 0.6699074074074074 0.028125 0.040740740740740744
0 0.5921875 0.6472222222222223 0.025 0.050462962962962966
0 0.534375 0.7467592592592592 0.018489583333333334 0.043055555555555555
0 0.6234375 0.6328703703703704 0.02421875 0.04212962962962963
0 0.5075520833333333 0.4287037037037037 0.025 0.03611111111111111
0 0.4934895833333333 0.586574074074074 0.02578125 0.03611111111111111
0 0.47630208333333335 0.525 0.022916666666666665 0.038425925925925926
0 0.47552083333333334 0.37407407407407406 0.022395833333333334 0.0412037037037037
0 0.47265625 0.3013888888888889 0.030208333333333334 0.04351851851851852
0 0.45859375 0.3819444444444444 0.017447916666666667 0.03518518518518519
0 0.4953125 0.3509259259259259 0.016145833333333335 0.038425925925925926
0 0.4518229166666667 0.35694444444444445 0.021875 0.033796296296296297
0 0.5580729166666667 0.5115740740740741 0.041666666666666664 0.07175925925925926
0 0.49765625 0.524074074074074 0.0203125 0.033796296296296297
0 0.26979166666666665 0.3 0.026041666666666668 0.05648148148148148
0 0.5453125 0.33425925925925926 0.022395833333333334 0.04537037037037037
0 0.628125 0.29444444444444445 0.062239583333333334 0.07777777777777778
0 0.93359375 0.24351851851851852 0.02421875 0.03935185185185185
0 0.4630208333333333 0.2587962962962963 0.06484375 0.07546296296296297
0 0.4622395833333333 0.25925925925925924 0.026041666666666668 0.04398148148148148
0 0.6145833333333334 0.32407407407407407 0.016145833333333335 0.03796296296296296
0 0.6549479166666666 0.2611111111111111 0.028645833333333332 0.03611111111111111
0 0.9541666666666667 0.18981481481481483 0.020572916666666666 0.03333333333333333
0 0.9296875 0.22870370370370371 0.023958333333333335 0.031018518518518518
0 0.55703125 0.17314814814814813 0.020572916666666666 0.03935185185185185
0 0.46197916666666666 0.16435185185185186 0.016666666666666666 0.040740740740740744
0 0.5239583333333333 0.14583333333333334 0.020833333333333332 0.03611111111111111
0 0.5190104166666667 0.11944444444444445 0.06536458333333334 0.06527777777777778
0 0.6424479166666667 0.09814814814814815 0.04895833333333333 0.09907407407407408
0 0.6911458333333333 0.1375 0.03463541666666667 0.05416666666666667
0 0.7825520833333334 0.1162037037037037 0.027083333333333334 0.050462962962962966
0 0.9395833333333333 0.1037037037037037 0.028645833333333332 0.053703703703703705
0 0.6307291666666667 0.2875 0.0203125 0.04351851851851852
0 0.9033854166666667 0.08287037037037037 0.032552083333333336 0.053703703703703705
0 0.6171875 0.06388888888888888 0.023177083333333334 0.030555555555555555
0 0.6369791666666667 0.10416666666666667 0.021614583333333333 0.037037037037037035
0 0.5026041666666666 0.08101851851851852 0.013541666666666667 0.033796296296296297
0 0.6330729166666667 0.027777777777777776 0.029166666666666667 0.05555555555555555
0 0.9471354166666667 0.024537037037037038 0.03046875 0.04259259259259259
0 0.9713541666666666 0.01898148148148148 0.025 0.03657407407407407
0 0.5106770833333333 0.01990740740740741 0.059895833333333336 0.04027777777777778
0 0.60859375 0.28379629629629627 0.023177083333333334 0.030555555555555555
