0 0.48203125 0.29259259259259257 0.013802083333333333 0.03611111111111111
0 0.575 0.5657407407407408 0.03463541666666667 0.05324074074074074
0 0.9846354166666667 0.6129629629629629 0.029427083333333333 0.03611111111111111
0 0.8059895833333334 0.575462962962963 0.02734375 0.049074074074074076
0 0.790625 0.6717592592592593 0.028125 0.040740740740740744
0 0.5661458333333333 0.6064814814814815 0.025 0.050462962962962966
0 0.5244791666666667 0.7324074074074074 0.038802083333333334 0.03935185185185185
0 0.6145833333333334 0.6055555555555555 0.023177083333333334 0.04027777777777778
0 0.4901041666666667 0.39814814814814814 0.021614583333333333 0.031018518518518518
0 0.48932291666666666 0.5837962962962963 0.033854166666666664 0.06712962962962964
0 0.46927083333333336 0.48657407407407405 0.016145833333333335 0.04212962962962963
0 0.48020833333333335 0.2828703703703704 0.0203125 0.037037037037037035
0 0.44088541666666664 0.28194444444444444 0.03515625 0.050462962962962966
0 0.46380208333333334 0.3402777777777778 0.018229166666666668 0.037037037037037035
0 0.49244791666666665 0.27685185185185185 0.013802083333333333 0.03333333333333333
0 0.45286458333333335 0.3416666666666667 0.021875 0.033796296296296297
0 0.4869791666666667 0.5328703703703703 0.022395833333333334 0.059722222222222225
0 0.3098958333333333 0.22314814814814815 0.024739583333333332 0.053703703703703705
0 0.528125 0.33796296296296297 0.019270833333333334 0.03888888888888889
0 0.6359375 0.30694444444444446 0.062239583333333334 0.07777777777777778
0 0.9158854166666667 0.26342592592592595 0.01640625 0.03611111111111111
0 0.37942708333333336 0.14953703703703702 0.039322916666666666 0.1361111111111111
0 0.37838541666666664 0.1625 0.02265625 0.03796296296296296
0 0.6151041666666667 0.3314814814814815 0.016927083333333332 0.03981481481481482
0 0.6604166666666667 0.28055555555555556 0.029947916666666668 0.03796296296296296
0 0.92578125 0.20046296296296295 0.021614583333333333 0.03518518518518519
0 0.9059895833333333 0.24212962962962964 0.021614583333333333 0.02824074074074074
0 0.5567708333333333 0.14444444444444443 0.01953125 0.0375
0 0.44479166666666664 0.16111111111111112 0.017447916666666667 0.043055555555555555
0 0.48515625 0.15648148148148147 0.020833333333333332 0.03611111111111111
0 0.48203125 0.12962962962962962 0.06875 0.06851851851851852
0 0.6411458333333333 0.09722222222222222 0.04895833333333333 0.09907407407407408
0 0.66171875 0.11851851851851852 0.016145833333333335 0.04722222222222222
0 0.82890625 0.09305555555555556 0.029947916666666668 0.05555555555555555
0 0.95703125 0.07268518518518519 0.03307291666666667 0.062037037037037036
0 0.6346354166666667 0.3023148148148148 0.017447916666666667 0.0375
0 0.9020833333333333 0.08564814814814815 0.032552083333333336 0.053703703703703705
0 0.6197916666666666 0.08101851851851852 0.022135416666666668 0.029166666666666667
0 0.6380208333333334 0.09953703703703703 0.021614583333333333 0.037037037037037035
0 0.47161458333333334 0.08055555555555556 0.017447916666666667 0.027777777777777776
0 0.63671875 0.016666666666666666 0.029166666666666667 0.05555555555555555
0 0.95234375 0.023148148148148147 0.03359375 0.04675925925925926
0 0.9778645833333334 0.03148148148148148 0.026041666666666668 0.038425925925925926
0 0.47239583333333335 0.04351851851851852 0.06276041666666667 0.04212962962962963
0 0.6059895833333333 0.2199074074074074 0.02421875 0.03194444444444444
0 0.5401041666666667 0.5074074074074074 0.03723958333333333 0.05138888888888889
