0 0.4856770833333333 0.31342592592592594 0.014583333333333334 0.0375
0 0.5828125 0.5671296296296297 0.03463541666666667 0.05324074074074074
0 0.98203125 0.6083333333333333 0.029427083333333333 0.03611111111111111
0 0.80859375 0.5800925925925926 0.02734375 0.049074074074074076
0 0.78203125 0.6652777777777777 0.028125 0.040740740740740744
0 0.578125 0.6092592592592593 0.025 0.050462962962962966
0 0.52265625 0.7351851851851852 0.038802083333333334 0.03935185185185185
0 0.6171875 0.6189814814814815 0.023177083333333334 0.04027777777777778
0 0.4947916666666667 0.40555555555555556 0.021614583333333333 0.031018518518518518
0 0.47890625 0.5722222222222222 0.027083333333333334 0.03796296296296296
0 0.471875 0.487962962962963 0.016145833333333335 0.04212962962962963
0 0.4765625 0.2967592592592593 0.022395833333333334 0.0412037037037037
0 0.46015625 0.27685185185185185 0.03333333333333333 0.04814814814814815
0 0.46145833333333336 0.34675925925925927 0.01640625 0.033796296296296297
0 0.4953125 0.2935185185185185 0.016145833333333335 0.038425925925925926
0 0.45703125 0.3435185185185185 0.021875 0.033796296296296297
0 0.4864583333333333 0.5157407407407407 0.021354166666666667 0.03564814814814815
0 0.303125 0.2671296296296296 0.024739583333333332 0.053703703703703705
0 0.5346354166666667 0.3314814814814815 0.0203125 0.0412037037037037
0 0.6348958333333333 0.3037037037037037 0.059375 0.07407407407407407
0 0.9216145833333333 0.26666666666666666 0.01640625 0.03611111111111111
0 0.39427083333333335 0.1726851851851852 0.0390625 0.14305555555555555
0 0.39114583333333336 0.18518518518518517 0.023697916666666666 0.03981481481481482
0 0.6153645833333333 0.3300925925925926 0.016927083333333332 0.03981481481481482
0 0.6604166666666667 0.2759259259259259 0.028645833333333332 0.03611111111111111
0 0.9346354166666667 0.19768518518518519 0.021614583333333333 0.03518518518518519
0 0.9044270833333333 0.23703703703703705 0.021614583333333333 0.02824074074074074
0 0.5494791666666666 0.1527777777777778 0.01953125 0.0375
0 0.4434895833333333 0.16157407407407406 0.016666666666666666 0.040740740740740744
0 0.49270833333333336 0.15648148148148147 0.020833333333333332 0.03611111111111111
0 0.49140625 0.12916666666666668 0.06875 0.06851851851851852
0 0.6408854166666667 0.0912037037037037 0.05130208333333333 0.10416666666666667
0 0.6760416666666667 0.13472222222222222 0.016145833333333335 0.04722222222222222
0 0.8184895833333333 0.10462962962962963 0.029947916666666668 0.05555555555555555
0 0.9598958333333333 0.07222222222222222 0.03307291666666667 0.062037037037037036
0 0.6328125 0.30277777777777776 0.0203125 0.04351851851851852
0 0.9020833333333333 0.08564814814814815 0.032552083333333336 0.053703703703703705
0 0.62109375 0.07361111111111111 0.022135416666666668 0.029166666666666667
0 0.6390625 0.09907407407407408 0.021614583333333333 0.037037037037037035
0 0.47942708333333334 0.08148148148148149 0.018229166666666668 0.029166666666666667
0 0.6356770833333333 0.018518518518518517 0.029166666666666667 0.05555555555555555
0 0.9447916666666667 0.020833333333333332 0.03046875 0.04259259259259259
0 0.9783854166666667 0.03287037037037037 0.025 0.03657407407407407
0 0.4825520833333333 0.04259259259259259 0.06276041666666667 0.04212962962962963
0 0.60234375 0.26296296296296295 0.023177083333333334 0.030555555555555555
0 0.5432291666666667 0.5152777777777777 0.03203125 0.044444444444444446
