0 0.4544270833333333 0.25925925925925924 0.014583333333333334 0.03796296296296296
0 0.5666666666666667 0.5634259259259259 0.03463541666666667 0.05324074074074074
0 0.7924479166666667 0.5578703703703703 0.028645833333333332 0.05138888888888889
0 0.8151041666666666 0.6527777777777778 0.029427083333333333 0.04259259259259259
0 0.53515625 0.5962962962962963 0.025 0.050462962962962966
0 0.5203125 0.7324074074074074 0.027864583333333335 0.03009259259259259
0 0.6 0.549537037037037 0.0296875 0.05138888888888889
0 0.4739583333333333 0.38425925925925924 0.021614583333333333 0.031018518518518518
0 0.4635416666666667 0.4976851851851852 0.012760416666666666 0.03287037037037037
0 0.48515625 0.27037037037037037 0.0203125 0.037037037037037035
0 0.40625 0.32083333333333336 0.0265625 0.04722222222222222
0 0.46380208333333334 0.33194444444444443 0.013541666666666667 0.029166666666666667
0 0.49192708333333335 0.2847222222222222 0.011979166666666667 0.028703703703703703
0 0.4518229166666667 0.34120370370370373 0.0171875 0.03564814814814815
0 0.3515625 0.13472222222222222 0.03177083333333333 0.037037037037037035
0 0.52109375 0.3402777777777778 0.018489583333333334 0.037037037037037035
0 0.63359375 0.3138888888888889 0.06875 0.06342592592592593
0 0.8924479166666667 0.25 0.015625 0.03425925925925926
0 0.37083333333333335 0.12731481481481483 0.054427083333333334 0.11064814814814815
0 0.3763020833333333 0.14814814814814814 0.021614583333333333 0.03611111111111111
0 0.6158854166666666 0.33240740740740743 0.016145833333333335 0.03796296296296296
0 0.6544270833333333 0.31203703703703706 0.0296875 0.02638888888888889
0 0.8895833333333333 0.20324074074074075 0.01875 0.03009259259259259
0 0.9041666666666667 0.23657407407407408 0.02265625 0.02962962962962963
0 0.596875 0.14444444444444443 0.021614583333333333 0.0412037037037037
0 0.4401041666666667 0.1787037037037037 0.016666666666666666 0.040740740740740744
0 0.46067708333333335 0.17962962962962964 0.02421875 0.04212962962962963
0 0.4583333333333333 0.14814814814814814 0.06588541666666667 0.062037037037037036
0 0.63515625 0.09259259259259259 0.04895833333333333 0.09907407407407408
0 0.8591145833333333 0.07731481481481481 0.027083333333333334 0.050462962962962966
0 0.9622395833333334 0.05416666666666667 0.03307291666666667 0.062037037037037036
0 0.6346354166666667 0.31157407407407406 0.01953125 0.03564814814814815
0 0.9028645833333333 0.08564814814814815 0.032552083333333336 0.053703703703703705
0 0.5955729166666667 0.07962962962962963 0.022135416666666668 0.029166666666666667
0 0.63671875 0.08194444444444444 0.020572916666666666 0.03518518518518519
0 0.45546875 0.0912037037037037 0.018229166666666668 0.029166666666666667
0 0.6328125 0.026851851851851852 0.0421875 0.05277777777777778
0 0.9645833333333333 0.016666666666666666 0.023697916666666666 0.03333333333333333
0 0.9778645833333334 0.03194444444444444 0.026041666666666668 0.038425925925925926
0 0.45260416666666664 0.05648148148148148 0.06276041666666667 0.04212962962962963
0 0.6184895833333334 0.2773148148148148 0.025520833333333333 0.033796296296296297
0 0.53828125 0.500462962962963 0.025 0.04675925925925926
0 0.6216145833333333 0.11018518518518519 0.018489583333333334 0.0412037037037037
0 0.48828125 0.5587962962962963 0.028125 0.059722222222222225
0 0.4984375 0.6171296296296296 0.0375 0.07222222222222222
