0 0.5057291666666667 0.3523148148148148 0.016145833333333335 0.041666666666666664
0 0.5934895833333333 0.5662037037037037 0.036458333333333336 0.056018518518518516
0 0.97109375 0.5912037037037037 0.028125 0.03425925925925926
0 0.9877604166666667 0.5967592592592592 0.023177083333333334 0.05648148148148148
0 0.81953125 0.5995370370370371 0.029947916666666668 0.05416666666666667
0 0.7739583333333333 0.6685185185185185 0.028125 0.040740740740740744
0 0.5924479166666666 0.6337962962962963 0.025 0.050462962962962966
0 0.5294270833333333 0.7472222222222222 0.018489583333333334 0.043055555555555555
0 0.6221354166666667 0.6324074074074074 0.02421875 0.04212962962962963
0 0.50625 0.41898148148148145 0.023958333333333335 0.03425925925925926
0 0.4908854166666667 0.5833333333333334 0.02578125 0.03611111111111111
0 0.47604166666666664 0.5087962962962963 0.025260416666666667 0.04212962962962963
0 0.47578125 0.3541666666666667 0.0203125 0.037037037037037035
0 0.47265625 0.29398148148148145 0.02890625 0.041666666666666664
0 0.4591145833333333 0.37222222222222223 0.01640625 0.033796296296296297
0 0.4973958333333333 0.3402777777777778 0.016927083333333332 0.04027777777777778
0 0.4515625 0.34675925925925927 0.021875 0.033796296296296297
0 0.55625 0.5106481481481482 0.041666666666666664 0.07175925925925926
0 0.49453125 0.5166666666666667 0.0203125 0.033796296296296297
0 0.278125 0.3074074074074074 0.023697916666666666 0.05138888888888889
0 0.5401041666666667 0.3337962962962963 0.021354166666666667 0.043055555555555555
0 0.6283854166666667 0.2916666666666667 0.062239583333333334 0.07777777777777778
0 0.9328125 0.24259259259259258 0.02421875 0.03935185185185185
0 0.45234375 0.24861111111111112 0.06484375 0.07546296296296297
0 0.45234375 0.25046296296296294 0.026041666666666668 0.04398148148148148
0 0.61328125 0.32222222222222224 0.016927083333333332 0.03981481481481482
0 0.65703125 0.26157407407407407 0.028645833333333332 0.03611111111111111
0 0.9505208333333334 0.1884259259259259 0.020572916666666666 0.03333333333333333
0 0.9268229166666667 0.22777777777777777 0.02265625 0.02962962962962963
0 0.5565104166666667 0.17175925925925925 0.020572916666666666 0.03935185185185185
0 0.45729166666666665 0.1638888888888889 0.016666666666666666 0.040740740740740744
0 0.5143229166666666 0.14722222222222223 0.020833333333333332 0.03611111111111111
0 0.5111979166666667 0.12037037037037036 0.06536458333333334 0.06527777777777778
0 0.6424479166666667 0.09722222222222222 0.04895833333333333 0.09907407407407408
0 0.70078125 0.13287037037037036 0.03828125 0.059722222222222225
0 0.7916666666666666 0.11157407407407408 0.027083333333333334 0.050462962962962966
0 0.9432291666666667 0.08796296296296297 0.029947916666666668 0.05648148148148148
0 0.6322916666666667 0.287962962962963 0.022395833333333334 0.04814814814814815
0 0.9036458333333334 0.08194444444444444 0.032552083333333336 0.053703703703703705
0 0.6143229166666667 0.05925925925925926 0.024479166666666666 0.03194444444444444
0 0.6377604166666667 0.10138888888888889 0.021614583333333333 0.037037037037037035
0 0.4981770833333333 0.08703703703703704 0.013541666666666667 0.033796296296296297
0 0.63203125 0.027777777777777776 0.029166666666666667 0.05555555555555555
0 0.9473958333333333 0.024074074074074074 0.03203125 0.044444444444444446
0 0.9731770833333333 0.024537037037037038 0.025 0.03657407407407407
0 0.5044270833333333 0.028703703703703703 0.059895833333333336 0.04027777777777778
0 0.6067708333333334 0.2833333333333333 0.02421875 0.03194444444444444
