0 0.39557291666666666 0.3435185185185185 0.015104166666666667 0.03981481481481482
0 0.5604166666666667 0.662962962962963 0.03828125 0.0587962962962963
0 0.76328125 0.5509259259259259 0.030208333333333334 0.05416666666666667
0 0.80234375 0.6337962962962963 0.041666666666666664 0.06018518518518518
0 0.53984375 0.6967592592592593 0.021614583333333333 0.04351851851851852
0 0.49609375 0.7768518518518519 0.033854166666666664 0.03657407407407407
0 0.5596354166666667 0.4791666666666667 0.0265625 0.056018518518518516
0 0.43723958333333335 0.5597222222222222 0.0203125 0.04351851851851852
0 0.43984375 0.6032407407407407 0.018489583333333334 0.034722222222222224
0 0.41744791666666664 0.3527777777777778 0.021614583333333333 0.037037037037037035
0 0.3692708333333333 0.45555555555555555 0.03307291666666667 0.04861111111111111
0 0.4322916666666667 0.4486111111111111 0.013541666666666667 0.029166666666666667
0 0.48723958333333334 0.3458333333333333 0.026302083333333334 0.032407407407407406
0 0.41770833333333335 0.5166666666666667 0.028125 0.05324074074074074
0 0.5114583333333333 0.4675925925925926 0.026041666666666668 0.052314814814814814
0 0.6247395833333333 0.37916666666666665 0.053125 0.10833333333333334
0 0.83046875 0.3277777777777778 0.01640625 0.03611111111111111
0 0.32890625 0.08472222222222223 0.08984375 0.0837962962962963
0 0.8354166666666667 0.28564814814814815 0.01875 0.03009259259259259
0 0.9067708333333333 0.32546296296296295 0.025 0.032407407407407406
0 0.6963541666666667 0.18888888888888888 0.023697916666666666 0.04537037037037037
0 0.3765625 0.2513888888888889 0.016666666666666666 0.040740740740740744
0 0.41067708333333336 0.26435185185185184 0.02421875 0.04212962962962963
0 0.41119791666666666 0.2324074074074074 0.06927083333333334 0.06527777777777778
0 0.6002604166666666 0.15787037037037038 0.053385416666666664 0.09907407407407408
0 0.90625 0.08981481481481482 0.02578125 0.04814814814814815
0 0.9578125 0.11064814814814815 0.032552083333333336 0.05138888888888889
0 0.9005208333333333 0.14351851851851852 0.032552083333333336 0.053703703703703705
0 0.56015625 0.15 0.030989583333333334 0.062037037037037036
0 0.4265625 0.18009259259259258 0.023177083333333334 0.037037037037037035
0 0.6145833333333334 0.07037037037037037 0.06640625 0.06712962962962964
0 0.9645833333333333 0.06342592592592593 0.021614583333333333 0.024074074074074074
0 0.9807291666666667 0.08796296296296297 0.02890625 0.04212962962962963
0 0.42526041666666664 0.1337962962962963 0.06588541666666667 0.05277777777777778
0 0.55390625 0.3375 0.025520833333333333 0.033796296296296297
0 0.4895833333333333 0.5305555555555556 0.02265625 0.04259259259259259
0 0.5854166666666667 0.17175925925925925 0.03411458333333333 0.0412037037037037
0 0.47942708333333334 0.625 0.024739583333333332 0.044444444444444446
0 0.4505208333333333 0.6726851851851852 0.02421875 0.0625
0 0.6111979166666667 0.06666666666666667 0.024479166666666666 0.033796296296296297
0 0.36666666666666664 0.28564814814814815 0.021875 0.031018518518518518
0 0.6151041666666667 0.21481481481481482 0.022395833333333334 0.030555555555555555
0 0.3216145833333333 0.06620370370370371 0.023177083333333334 0.04583333333333333
0 0.66640625 0.36666666666666664 0.02265625 0.05277777777777778
0 0.6247395833333333 0.38935185185185184 0.017708333333333333 0.02824074074074074
0 0.5817708333333333 0.4300925925925926 0.028385416666666666 0.044444444444444446
