0 0.4036458333333333 0.32175925925925924 0.015104166666666667 0.03981481481481482
0 0.5583333333333333 0.6435185185185185 0.03463541666666667 0.05324074074074074
0 0.7716145833333333 0.5671296296296297 0.030208333333333334 0.05416666666666667
0 0.80625 0.6203703703703703 0.037760416666666664 0.05462962962962963
0 0.5317708333333333 0.6611111111111111 0.02265625 0.04583333333333333
0 0.4979166666666667 0.7574074074074074 0.03567708333333333 0.038425925925925926
0 0.5638020833333334 0.4925925925925926 0.037760416666666664 0.06574074074074074
0 0.44635416666666666 0.5162037037037037 0.03307291666666667 0.06296296296296296
0 0.43854166666666666 0.5712962962962963 0.01953125 0.03611111111111111
0 0.43203125 0.3347222222222222 0.021614583333333333 0.037037037037037035
0 0.3692708333333333 0.4425925925925926 0.031510416666666666 0.046296296296296294
0 0.43723958333333335 0.4217592592592593 0.015104166666666667 0.03194444444444444
0 0.4890625 0.33611111111111114 0.027604166666666666 0.03425925925925926
0 0.42135416666666664 0.4888888888888889 0.028125 0.05324074074074074
0 0.51484375 0.4550925925925926 0.024739583333333332 0.05
0 0.6190104166666667 0.37222222222222223 0.07213541666666666 0.06666666666666667
0 0.8416666666666667 0.3111111111111111 0.01640625 0.03611111111111111
0 0.33619791666666665 0.09722222222222222 0.08567708333333333 0.07962962962962963
0 0.8497395833333333 0.2763888888888889 0.01875 0.03009259259259259
0 0.9145833333333333 0.3148148148148148 0.025 0.032407407407407406
0 0.6796875 0.19027777777777777 0.02265625 0.04351851851851852
0 0.3875 0.24305555555555555 0.016666666666666666 0.040740740740740744
0 0.41953125 0.2518518518518518 0.022135416666666668 0.03796296296296296
0 0.41822916666666665 0.2212962962962963 0.06927083333333334 0.06527777777777778
0 0.6143229166666667 0.14351851851851852 0.04895833333333333 0.09907407407407408
0 0.9 0.08287037037037037 0.02578125 0.04814814814814815
0 0.9567708333333333 0.10092592592592593 0.032552083333333336 0.05138888888888889
0 0.90078125 0.13333333333333333 0.032552083333333336 0.053703703703703705
0 0.5638020833333334 0.13657407407407407 0.032552083333333336 0.06527777777777778
0 0.43046875 0.16018518518518518 0.022135416666666668 0.03564814814814815
0 0.61953125 0.06296296296296296 0.06640625 0.06712962962962964
0 0.96484375 0.04675925925925926 0.023958333333333335 0.02638888888888889
0 0.9807291666666667 0.07731481481481481 0.02890625 0.04212962962962963
0 0.43072916666666666 0.12685185185185185 0.06588541666666667 0.05277777777777778
0 0.5596354166666667 0.3277777777777778 0.02421875 0.03194444444444444
0 0.5002604166666667 0.5152777777777777 0.023697916666666666 0.044444444444444446
0 0.5919270833333333 0.15555555555555556 0.03411458333333333 0.0412037037037037
0 0.47942708333333334 0.6078703703703704 0.0234375 0.04259259259259259
0 0.4666666666666667 0.6712962962962963 0.03958333333333333 0.06620370370370371
0 0.6161458333333333 0.0587962962962963 0.02578125 0.03564814814814815
0 0.36822916666666666 0.26064814814814813 0.020833333333333332 0.02962962962962963
0 0.6161458333333333 0.19490740740740742 0.024479166666666666 0.03333333333333333
0 0.32890625 0.08796296296296297 0.022135416666666668 0.04351851851851852
0 0.66484375 0.3527777777777778 0.02265625 0.05277777777777778
0 0.6208333333333333 0.3990740740740741 0.01953125 0.031018518518518518
0 0.5916666666666667 0.3861111111111111 0.020572916666666666 0.03194444444444444
