0 0.4830729166666667 0.3013888888888889 0.013802083333333333 0.03611111111111111
0 0.5786458333333333 0.5671296296296297 0.03463541666666667 0.05324074074074074
0 0.9848958333333333 0.6138888888888889 0.029427083333333333 0.03611111111111111
0 0.8067708333333333 0.5800925925925926 0.02734375 0.049074074074074076
0 0.7875 0.6722222222222223 0.028125 0.040740740740740744
0 0.5705729166666667 0.6060185185185185 0.025 0.050462962962962966
0 0.5234375 0.7324074074074074 0.038802083333333334 0.03935185185185185
0 0.615625 0.611574074074074 0.023177083333333334 0.04027777777777778
0 0.4934895833333333 0.4 0.021614583333333333 0.031018518518518518
0 0.48541666666666666 0.5912037037037037 0.02578125 0.03611111111111111
0 0.4708333333333333 0.4861111111111111 0.016145833333333335 0.04212962962962963
0 0.47760416666666666 0.29259259259259257 0.021354166666666667 0.03888888888888889
0 0.45026041666666666 0.28194444444444444 0.03333333333333333 0.04814814814814815
0 0.46484375 0.3416666666666667 0.017447916666666667 0.03518518518518519
0 0.4921875 0.2824074074074074 0.015364583333333333 0.03657407407407407
0 0.45208333333333334 0.34444444444444444 0.021875 0.033796296296296297
0 0.4830729166666667 0.5300925925925926 0.021354166666666667 0.03564814814814815
0 0.3059895833333333 0.23796296296296296 0.024739583333333332 0.053703703703703705
0 0.5299479166666666 0.33611111111111114 0.019270833333333334 0.03888888888888889
0 0.6359375 0.3060185185185185 0.059375 0.07407407407407407
0 0.9169270833333333 0.2652777777777778 0.01640625 0.03611111111111111
0 0.3807291666666667 0.15648148148148147 0.039322916666666666 0.1361111111111111
0 0.38255208333333335 0.16944444444444445 0.02265625 0.03796296296296296
0 0.61484375 0.33101851851851855 0.016927083333333332 0.03981481481481482
0 0.66015625 0.2777777777777778 0.028645833333333332 0.03611111111111111
0 0.92890625 0.19675925925925927 0.02265625 0.03657407407407407
0 0.9046875 0.24027777777777778 0.021614583333333333 0.02824074074074074
0 0.5510416666666667 0.1486111111111111 0.01953125 0.0375
0 0.4440104166666667 0.16064814814814815 0.016666666666666666 0.040740740740740744
0 0.4875 0.15694444444444444 0.020833333333333332 0.03611111111111111
0 0.4859375 0.12962962962962962 0.06875 0.06851851851851852
0 0.64140625 0.09259259259259259 0.05130208333333333 0.10416666666666667
0 0.6677083333333333 0.12638888888888888 0.016927083333333332 0.04953703703703704
0 0.8244791666666667 0.09768518518518518 0.029947916666666668 0.05555555555555555
0 0.9552083333333333 0.07083333333333333 0.03307291666666667 0.062037037037037036
0 0.6328125 0.3037037037037037 0.018489583333333334 0.03935185185185185
0 0.9020833333333333 0.08518518518518518 0.032552083333333336 0.053703703703703705
0 0.6203125 0.07592592592592592 0.022135416666666668 0.029166666666666667
0 0.6385416666666667 0.09907407407407408 0.021614583333333333 0.037037037037037035
0 0.47552083333333334 0.08009259259259259 0.017447916666666667 0.027777777777777776
0 0.6361979166666667 0.016666666666666666 0.029166666666666667 0.05555555555555555
0 0.9484375 0.023148148148148147 0.03359375 0.04675925925925926
0 0.9783854166666667 0.032407407407407406 0.026041666666666668 0.038425925925925926
0 0.47630208333333335 0.04351851851851852 0.06276041666666667 0.04212962962962963
0 0.6046875 0.24027777777777778 0.023177083333333334 0.030555555555555555
0 0.5395833333333333 0.512962962962963 0.03359375 0.04675925925925926
