0 0.47109375 0.2726851851851852 0.015104166666666667 0.03981481481481482
0 0.5682291666666667 0.5643518518518519 0.03463541666666667 0.05324074074074074
0 0.7942708333333334 0.5643518518518519 0.02734375 0.049074074074074076
0 0.80234375 0.6662037037037037 0.028125 0.040740740740740744
0 0.5486979166666667 0.6041666666666666 0.025 0.050462962962962966
0 0.52421875 0.7333333333333333 0.040625 0.0412037037037037
0 0.60625 0.5773148148148148 0.028125 0.049074074074074076
0 0.48385416666666664 0.3851851851851852 0.021614583333333333 0.031018518518518518
0 0.46848958333333335 0.4861111111111111 0.014583333333333334 0.038425925925925926
0 0.475 0.2662037037037037 0.021354166666666667 0.03888888888888889
0 0.42473958333333334 0.29074074074074074 0.03515625 0.050462962962962966
0 0.46484375 0.3337962962962963 0.013541666666666667 0.029166666666666667
0 0.49322916666666666 0.2833333333333333 0.012760416666666666 0.03009259259259259
0 0.4518229166666667 0.3365740740740741 0.01640625 0.033796296296296297
0 0.321875 0.17777777777777778 0.028645833333333332 0.0625
0 0.5252604166666667 0.33240740740740743 0.017447916666666667 0.03564814814814815
0 0.63671875 0.30972222222222223 0.06875 0.08564814814814815
0 0.9036458333333334 0.26157407407407407 0.015625 0.03425925925925926
0 0.3723958333333333 0.13518518518518519 0.039322916666666666 0.1361111111111111
0 0.37213541666666666 0.14722222222222223 0.021614583333333333 0.03611111111111111
0 0.6161458333333333 0.33240740740740743 0.016927083333333332 0.03981481481481482
0 0.6609375 0.2861111111111111 0.031510416666666666 0.03981481481481482
0 0.9075520833333334 0.2023148148148148 0.021614583333333333 0.03518518518518519
0 0.9072916666666667 0.2439814814814815 0.020572916666666666 0.026851851851851852
0 0.5734375 0.1375 0.020572916666666666 0.03935185185185185
0 0.44166666666666665 0.16435185185185186 0.015885416666666666 0.03888888888888889
0 0.4739583333333333 0.1675925925925926 0.022135416666666668 0.03796296296296296
0 0.471875 0.1337962962962963 0.06588541666666667 0.062037037037037036
0 0.6411458333333333 0.09675925925925925 0.04895833333333333 0.09907407407407408
0 0.8455729166666667 0.08009259259259259 0.028385416666666666 0.05324074074074074
0 0.9572916666666667 0.06805555555555555 0.03307291666666667 0.062037037037037036
0 0.6359375 0.30694444444444446 0.017447916666666667 0.0375
0 0.90390625 0.08657407407407407 0.032552083333333336 0.053703703703703705
0 0.61171875 0.08425925925925926 0.02109375 0.027777777777777776
0 0.63984375 0.08935185185185185 0.021614583333333333 0.037037037037037035
0 0.46119791666666665 0.07962962962962963 0.017447916666666667 0.027777777777777776
0 0.6359375 0.027314814814814816 0.029166666666666667 0.05555555555555555
0 0.95546875 0.024074074074074074 0.03515625 0.049074074074074076
0 0.978125 0.03287037037037037 0.026041666666666668 0.038425925925925926
0 0.4609375 0.04537037037037037 0.06276041666666667 0.04212962962962963
0 0.6145833333333334 0.22175925925925927 0.02421875 0.03194444444444444
0 0.5408854166666667 0.5074074074074074 0.027604166666666666 0.05138888888888889
0 0.49557291666666664 0.6060185185185185 0.044270833333333336 0.06481481481481481
0 0.4864583333333333 0.5453703703703704 0.030208333333333334 0.0625
0 0.6346354166666667 0.1037037037037037 0.01796875 0.046296296296296294
