0 0.5044270833333333 0.35 0.016145833333333335 0.041666666666666664
0 0.5924479166666666 0.5680555555555555 0.03463541666666667 0.05324074074074074
0 0.9729166666666667 0.5944444444444444 0.028125 0.03425925925925926
0 0.9877604166666667 0.6027777777777777 0.023177083333333334 0.05648148148148148
0 0.8184895833333333 0.5953703703703703 0.029947916666666668 0.05416666666666667
0 0.77578125 0.6652777777777777 0.028125 0.040740740740740744
0 0.5919270833333333 0.625462962962963 0.025 0.050462962962962966
0 0.5270833333333333 0.7467592592592592 0.018489583333333334 0.043055555555555555
0 0.6231770833333333 0.6300925925925925 0.023177083333333334 0.04027777777777778
0 0.50390625 0.4162037037037037 0.02265625 0.03287037037037037
0 0.4890625 0.5773148148148148 0.027083333333333334 0.03796296296296296
0 0.4791666666666667 0.5023148148148148 0.025260416666666667 0.04212962962962963
0 0.475 0.3458333333333333 0.0203125 0.037037037037037035
0 0.4708333333333333 0.28888888888888886 0.03177083333333333 0.04583333333333333
0 0.45989583333333334 0.36712962962962964 0.01640625 0.033796296296296297
0 0.49505208333333334 0.33611111111111114 0.016927083333333332 0.04027777777777778
0 0.45234375 0.3458333333333333 0.021875 0.033796296296296297
0 0.55546875 0.5092592592592593 0.041666666666666664 0.07175925925925926
0 0.4947916666666667 0.5138888888888888 0.021354166666666667 0.03564814814814815
0 0.2799479166666667 0.3111111111111111 0.023697916666666666 0.05138888888888889
0 0.5380208333333333 0.3347222222222222 0.0203125 0.0412037037037037
0 0.6268229166666667 0.2949074074074074 0.06536458333333334 0.08148148148148149
0 0.9346354166666667 0.2513888888888889 0.01640625 0.03611111111111111
0 0.4388020833333333 0.23194444444444445 0.06770833333333333 0.0824074074074074
0 0.44296875 0.24212962962962964 0.026041666666666668 0.04398148148148148
0 0.6140625 0.324537037037037 0.016927083333333332 0.03981481481481482
0 0.65703125 0.26481481481481484 0.02734375 0.03425925925925926
0 0.9486979166666667 0.18981481481481483 0.020572916666666666 0.03333333333333333
0 0.92421875 0.2324074074074074 0.02265625 0.02962962962962963
0 0.5559895833333334 0.17175925925925925 0.020572916666666666 0.03935185185185185
0 0.45416666666666666 0.16527777777777777 0.017447916666666667 0.043055555555555555
0 0.51171875 0.14722222222222223 0.020833333333333332 0.03611111111111111
0 0.50703125 0.11990740740740741 0.06536458333333334 0.06527777777777778
0 0.6424479166666667 0.09768518518518518 0.04895833333333333 0.09907407407407408
0 0.69921875 0.13564814814814816 0.04010416666666667 0.0625
0 0.79609375 0.1125 0.027083333333333334 0.050462962962962966
0 0.9447916666666667 0.08518518518518518 0.029947916666666668 0.05648148148148148
0 0.6322916666666667 0.29398148148148145 0.022395833333333334 0.04814814814814815
0 0.90390625 0.08101851851851852 0.032552083333333336 0.053703703703703705
0 0.6140625 0.059722222222222225 0.024479166666666666 0.03194444444444444
0 0.63828125 0.1 0.021614583333333333 0.037037037037037035
0 0.49609375 0.08611111111111111 0.014322916666666666 0.03564814814814815
0 0.634375 0.019444444444444445 0.029166666666666667 0.05555555555555555
0 0.9463541666666667 0.025 0.03203125 0.044444444444444446
0 0.97421875 0.02546296296296296 0.023697916666666666 0.034722222222222224
0 0.5002604166666667 0.031018518518518518 0.059895833333333336 0.04027777777777778
0 0.6028645833333334 0.28564814814814815 0.025520833333333333 0.033796296296296297
