0 0.47317708333333336 0.2791666666666667 0.015104166666666667 0.03981481481481482
0 0.5692708333333333 0.5638888888888889 0.03463541666666667 0.05324074074074074
0 0.79609375 0.5671296296296297 0.02734375 0.049074074074074076
0 0.7979166666666667 0.6638888888888889 0.028125 0.040740740740740744
0 0.55234375 0.6027777777777777 0.025 0.050462962962962966
0 0.5247395833333334 0.7324074074074074 0.040625 0.0412037037037037
0 0.6080729166666666 0.5837962962962963 0.025520833333333333 0.044444444444444446
0 0.48359375 0.3902777777777778 0.021614583333333333 0.031018518518518518
0 0.46953125 0.48657407407407405 0.014583333333333334 0.038425925925925926
0 0.47552083333333334 0.2689814814814815 0.021354166666666667 0.03888888888888889
0 0.428125 0.2912037037037037 0.03515625 0.050462962962962966
0 0.46458333333333335 0.3337962962962963 0.013541666666666667 0.029166666666666667
0 0.49322916666666666 0.2814814814814815 0.012760416666666666 0.03009259259259259
0 0.4552083333333333 0.3365740740740741 0.021875 0.033796296296296297
0 0.4859375 0.5467592592592593 0.022395833333333334 0.059722222222222225
0 0.31744791666666666 0.1865740740740741 0.028645833333333332 0.0625
0 0.5252604166666667 0.33240740740740743 0.017447916666666667 0.03564814814814815
0 0.6361979166666667 0.3087962962962963 0.06875 0.08564814814814815
0 0.9059895833333333 0.2611111111111111 0.015625 0.03425925925925926
0 0.3736979166666667 0.1375 0.04140625 0.14305555555555555
0 0.3736979166666667 0.14953703703703702 0.020572916666666666 0.03425925925925926
0 0.615625 0.33240740740740743 0.016927083333333332 0.03981481481481482
0 0.6611979166666667 0.28379629629629627 0.031510416666666666 0.03981481481481482
0 0.9119791666666667 0.19907407407407407 0.020572916666666666 0.03333333333333333
0 0.9078125 0.24351851851851852 0.020572916666666666 0.026851851851851852
0 0.5703125 0.1361111111111111 0.020572916666666666 0.03935185185185185
0 0.44140625 0.16157407407407406 0.015885416666666666 0.03888888888888889
0 0.47682291666666665 0.1638888888888889 0.022135416666666668 0.03796296296296296
0 0.47369791666666666 0.13472222222222222 0.06588541666666667 0.062037037037037036
0 0.6411458333333333 0.09722222222222222 0.04895833333333333 0.09907407407407408
0 0.8427083333333333 0.08472222222222223 0.028385416666666666 0.05324074074074074
0 0.9575520833333333 0.06944444444444445 0.03307291666666667 0.062037037037037036
0 0.6356770833333333 0.3060185185185185 0.017447916666666667 0.0375
0 0.90390625 0.08796296296296297 0.032552083333333336 0.053703703703703705
0 0.6135416666666667 0.08657407407407407 0.02109375 0.027777777777777776
0 0.6354166666666666 0.09814814814814815 0.021614583333333333 0.037037037037037035
0 0.46197916666666666 0.07916666666666666 0.017447916666666667 0.027777777777777776
0 0.6369791666666667 0.019444444444444445 0.029166666666666667 0.05555555555555555
0 0.9541666666666667 0.024537037037037038 0.03515625 0.049074074074074076
0 0.978125 0.03194444444444444 0.026041666666666668 0.038425925925925926
0 0.4625 0.04398148148148148 0.06276041666666667 0.04212962962962963
0 0.6111979166666667 0.2125 0.02421875 0.03194444444444444
0 0.5395833333333333 0.5050925925925925 0.027604166666666666 0.05138888888888889
0 0.49322916666666666 0.6027777777777777 0.04635416666666667 0.06805555555555555
0 0.6494791666666667 0.10185185185185185 0.01640625 0.040740740740740744
