0 0.49166666666666664 0.3282407407407407 0.015364583333333333 0.03981481481481482
0 0.5846354166666666 0.5717592592592593 0.03463541666666667 0.05324074074074074
0 0.9776041666666667 0.6055555555555555 0.029427083333333333 0.03611111111111111
0 1.0020833333333334 0.6217592592592592 0.023177083333333334 0.05648148148148148
0 0.8135416666666667 0.5828703703703704 0.029947916666666668 0.05416666666666667
0 0.7791666666666667 0.6638888888888889 0.028125 0.040740740740740744
0 0.5856770833333333 0.6125 0.025 0.050462962962962966
0 0.5265625 0.7412037037037037 0.038802083333333334 0.03935185185185185
0 0.6203125 0.6231481481481481 0.023177083333333334 0.04027777777777778
0 0.49609375 0.4111111111111111 0.02265625 0.03287037037037037
0 0.4830729166666667 0.5648148148148148 0.02578125 0.03611111111111111
0 0.4783854166666667 0.49537037037037035 0.0265625 0.044444444444444446
0 0.4752604166666667 0.3111111111111111 0.022395833333333334 0.0412037037037037
0 0.46640625 0.27361111111111114 0.03177083333333333 0.04583333333333333
0 0.4583333333333333 0.35138888888888886 0.01640625 0.033796296296296297
0 0.4901041666666667 0.32731481481481484 0.016927083333333332 0.04027777777777778
0 0.45651041666666664 0.34444444444444444 0.021875 0.033796296296296297
0 0.5515625 0.5097222222222222 0.041666666666666664 0.07175925925925926
0 0.490625 0.5097222222222222 0.021354166666666667 0.03564814814814815
0 0.2947916666666667 0.28703703703703703 0.023697916666666666 0.05138888888888889
0 0.5354166666666667 0.33194444444444443 0.0203125 0.0412037037037037
0 0.63515625 0.3023148148148148 0.059375 0.07407407407407407
0 0.9278645833333333 0.26157407407407407 0.01640625 0.03611111111111111
0 0.40598958333333335 0.1986111111111111 0.05182291666666667 0.12037037037037036
0 0.40390625 0.20324074074074075 0.025 0.041666666666666664
0 0.61484375 0.3277777777777778 0.016927083333333332 0.03981481481481482
0 0.6591145833333333 0.27361111111111114 0.028645833333333332 0.03611111111111111
0 0.9416666666666667 0.19583333333333333 0.020572916666666666 0.03333333333333333
0 0.9106770833333333 0.2375 0.021614583333333333 0.02824074074074074
0 0.5536458333333333 0.1597222222222222 0.020572916666666666 0.03935185185185185
0 0.446875 0.16712962962962963 0.017447916666666667 0.043055555555555555
0 0.49713541666666666 0.1537037037037037 0.020833333333333332 0.03611111111111111
0 0.49609375 0.1259259259259259 0.06536458333333334 0.06527777777777778
0 0.6427083333333333 0.08981481481481482 0.05130208333333333 0.10416666666666667
0 0.6841145833333333 0.14444444444444443 0.016145833333333335 0.04722222222222222
0 0.8125 0.10972222222222222 0.028385416666666666 0.05324074074074074
0 0.9565104166666667 0.07268518518518519 0.03307291666666667 0.062037037037037036
0 0.6330729166666667 0.300462962962963 0.022395833333333334 0.04814814814814815
0 0.9015625 0.08518518518518518 0.032552083333333336 0.053703703703703705
0 0.6200520833333333 0.0699074074074074 0.023177083333333334 0.030555555555555555
0 0.6390625 0.09953703703703703 0.021614583333333333 0.037037037037037035
0 0.48880208333333336 0.07916666666666666 0.0125 0.031018518518518518
0 0.6359375 0.018518518518518517 0.029166666666666667 0.05555555555555555
0 0.9471354166666667 0.02638888888888889 0.03203125 0.044444444444444446
0 0.9778645833333334 0.030555555555555555 0.023697916666666666 0.034722222222222224
0 0.4890625 0.03981481481481482 0.059895833333333336 0.04027777777777778
0 0.5984375 0.27546296296296297 0.025520833333333333 0.033796296296296297
