0 0.40546875 0.3199074074074074 0.015104166666666667 0.03981481481481482
0 0.5580729166666667 0.6398148148148148 0.036458333333333336 0.056018518518518516
0 0.7734375 0.5685185185185185 0.030208333333333334 0.05416666666666667
0 0.8052083333333333 0.6194444444444445 0.0359375 0.05185185185185185
0 0.5309895833333333 0.6555555555555556 0.02265625 0.04583333333333333
0 0.4979166666666667 0.7527777777777778 0.03567708333333333 0.038425925925925926
0 0.56484375 0.49212962962962964 0.037760416666666664 0.06574074074074074
0 0.4466145833333333 0.5111111111111111 0.03307291666666667 0.06296296296296296
0 0.4388020833333333 0.5694444444444444 0.01953125 0.03611111111111111
0 0.43385416666666665 0.3300925925925926 0.02265625 0.03888888888888889
0 0.37109375 0.4398148148148148 0.03307291666666667 0.04861111111111111
0 0.4356770833333333 0.4166666666666667 0.015104166666666667 0.03194444444444444
0 0.4903645833333333 0.337037037037037 0.02890625 0.03564814814814815
0 0.42265625 0.4861111111111111 0.028125 0.05324074074074074
0 0.5145833333333333 0.45046296296296295 0.026041666666666668 0.052314814814814814
0 0.6192708333333333 0.3731481481481482 0.07213541666666666 0.06666666666666667
0 0.8440104166666667 0.30833333333333335 0.01640625 0.03611111111111111
0 0.33671875 0.10138888888888889 0.08567708333333333 0.07962962962962963
0 0.59296875 0.3851851851851852 0.01953125 0.0375
0 0.8520833333333333 0.274537037037037 0.01953125 0.03194444444444444
0 0.9153645833333334 0.3101851851851852 0.025 0.032407407407407406
0 0.6765625 0.1884259259259259 0.02265625 0.04351851851851852
0 0.3885416666666667 0.2412037037037037 0.016666666666666666 0.040740740740740744
0 0.4205729166666667 0.24953703703703703 0.022135416666666668 0.03796296296296296
0 0.41953125 0.21898148148148147 0.06927083333333334 0.06527777777777778
0 0.6161458333333333 0.13935185185185187 0.04895833333333333 0.09907407407407408
0 0.89765625 0.08194444444444444 0.02578125 0.04814814814814815
0 0.9572916666666667 0.09953703703703703 0.032552083333333336 0.05138888888888889
0 0.90078125 0.1310185185185185 0.032552083333333336 0.053703703703703705
0 0.5635416666666667 0.1361111111111111 0.032552083333333336 0.06527777777777778
0 0.4309895833333333 0.15925925925925927 0.022135416666666668 0.03564814814814815
0 0.6203125 0.06111111111111111 0.06640625 0.06712962962962964
0 0.96484375 0.0412037037037037 0.023958333333333335 0.02638888888888889
0 0.9809895833333333 0.07453703703703704 0.02890625 0.04212962962962963
0 0.4317708333333333 0.12407407407407407 0.06588541666666667 0.05277777777777778
0 0.5619791666666667 0.32731481481481484 0.02421875 0.03194444444444444
0 0.5033854166666667 0.5157407407407407 0.025 0.04675925925925926
0 0.5921875 0.15555555555555556 0.03411458333333333 0.0412037037037037
0 0.4825520833333333 0.6074074074074074 0.0234375 0.04259259259259259
0 0.46979166666666666 0.663425925925926 0.03958333333333333 0.06620370370370371
0 0.6166666666666667 0.058333333333333334 0.02578125 0.03564814814814815
0 0.36875 0.2574074074074074 0.019791666666666666 0.02824074074074074
0 0.6158854166666666 0.19305555555555556 0.024479166666666666 0.03333333333333333
0 0.3299479166666667 0.09027777777777778 0.023177083333333334 0.04583333333333333
0 0.6661458333333333 0.3490740740740741 0.023697916666666666 0.05555555555555555
0 0.6208333333333333 0.39861111111111114 0.020572916666666666 0.032407407407407406
