0 0.409375 0.3111111111111111 0.015885416666666666 0.041666666666666664
0 0.5559895833333334 0.6296296296296297 0.03828125 0.0587962962962963
0 0.7830729166666667 0.5745370370370371 0.030208333333333334 0.05416666666666667
0 0.80859375 0.6129629629629629 0.03411458333333333 0.04953703703703704
0 0.5299479166666666 0.6347222222222222 0.020572916666666666 0.041666666666666664
0 0.4979166666666667 0.7462962962962963 0.03567708333333333 0.038425925925925926
0 0.56484375 0.48842592592592593 0.0359375 0.0625
0 0.44765625 0.4925925925925926 0.029947916666666668 0.05740740740740741
0 0.44088541666666664 0.562037037037037 0.020572916666666666 0.03796296296296296
0 0.44166666666666665 0.31851851851851853 0.023958333333333335 0.040740740740740744
0 0.3770833333333333 0.43194444444444446 0.03307291666666667 0.04861111111111111
0 0.44166666666666665 0.40694444444444444 0.016666666666666666 0.03518518518518519
0 0.4796875 0.3277777777777778 0.03046875 0.0375
0 0.4239583333333333 0.4888888888888889 0.026822916666666665 0.05092592592592592
0 0.51484375 0.43657407407407406 0.02734375 0.055092592592592596
0 0.62265625 0.36898148148148147 0.07578125 0.0699074074074074
0 0.8528645833333334 0.3013888888888889 0.01640625 0.03611111111111111
0 0.34817708333333336 0.12175925925925926 0.08541666666666667 0.09305555555555556
0 0.59921875 0.3685185185185185 0.020572916666666666 0.03935185185185185
0 0.8591145833333333 0.26666666666666666 0.01953125 0.03194444444444444
0 0.91640625 0.2972222222222222 0.025 0.032407407407407406
0 0.6669270833333333 0.1824074074074074 0.02265625 0.04351851851851852
0 0.39401041666666664 0.24027777777777778 0.016666666666666666 0.040740740740740744
0 0.42421875 0.2361111111111111 0.022135416666666668 0.03796296296296296
0 0.4231770833333333 0.20787037037037037 0.06927083333333334 0.06527777777777778
0 0.6184895833333334 0.1337962962962963 0.04895833333333333 0.09907407407407408
0 0.8927083333333333 0.07546296296296297 0.02578125 0.04814814814814815
0 0.9591145833333333 0.0912037037037037 0.032552083333333336 0.05138888888888889
0 0.9013020833333333 0.12453703703703704 0.032552083333333336 0.053703703703703705
0 0.5666666666666667 0.12916666666666668 0.032552083333333336 0.06527777777777778
0 0.4356770833333333 0.15185185185185185 0.020052083333333335 0.03194444444444444
0 0.6229166666666667 0.05555555555555555 0.06015625 0.060648148148148145
0 0.9627604166666667 0.03194444444444444 0.026302083333333334 0.029166666666666667
0 0.9815104166666667 0.06712962962962964 0.02890625 0.04212962962962963
0 0.434375 0.11435185185185186 0.06588541666666667 0.05277777777777778
0 0.5635416666666667 0.32037037037037036 0.023177083333333334 0.030555555555555555
0 0.5059895833333333 0.5097222222222222 0.025 0.04675925925925926
0 0.6 0.14814814814814814 0.017708333333333333 0.03935185185185185
0 0.478125 0.6037037037037037 0.0234375 0.04259259259259259
0 0.47708333333333336 0.6537037037037037 0.03958333333333333 0.06620370370370371
0 0.6203125 0.05324074074074074 0.02578125 0.03564814814814815
0 0.3690104166666667 0.24814814814814815 0.020833333333333332 0.02962962962962963
0 0.6192708333333333 0.18055555555555555 0.024479166666666666 0.03333333333333333
0 0.33541666666666664 0.10601851851851851 0.022135416666666668 0.04351851851851852
0 0.6651041666666667 0.3421296296296296 0.023697916666666666 0.05555555555555555
0 0.62265625 0.39537037037037037 0.019010416666666665 0.043055555555555555
