0 0.98203125 0.3347222222222222 0.03567708333333333 0.04537037037037037
0 0.9716145833333333 0.1726851851851852 0.03411458333333333 0.06481481481481481
0 0.92265625 0.21435185185185185 0.027604166666666666 0.04953703703703704
0 0.9083333333333333 0.1310185185185185 0.024479166666666666 0.04351851851851852
0 0.89375 0.16898148148148148 0.021875 0.040740740740740744
0 0.8815104166666666 0.12777777777777777 0.02265625 0.04027777777777778
0 0.9119791666666667 0.08009259259259259 0.028645833333333332 0.038425925925925926
0 0.9544270833333334 0.04490740740740741 0.02421875 0.034722222222222224
0 0.778125 0.03518518518518519 0.027864583333333335 0.049074074074074076
0 0.9098958333333333 0.059722222222222225 0.02578125 0.037037037037037035
