0 0.41770833333333335 0.3662037037037037 0.04635416666666667 0.03981481481481482
0 0.5671875 0.6884259259259259 0.04401041666666667 0.0625
0 0.7494791666666667 0.5388888888888889 0.03177083333333333 0.05694444444444444
0 0.8002604166666667 0.649074074074074 0.04375 0.06342592592592593
0 0.5513020833333333 0.7296296296296296 0.021614583333333333 0.04351851851851852
0 0.4953125 0.7773148148148148 0.03229166666666667 0.047685185185185185
0 0.5515625 0.4648148148148148 0.025260416666666667 0.05324074074074074
0 0.41848958333333336 0.6189814814814815 0.018229166666666668 0.03981481481481482
0 0.4309895833333333 0.6421296296296296 0.018489583333333334 0.034722222222222224
0 0.40182291666666664 0.4041666666666667 0.025 0.043055555555555555
0 0.34010416666666665 0.5189814814814815 0.04192708333333333 0.07592592592592592
0 0.4239583333333333 0.49907407407407406 0.01171875 0.025
0 0.47421875 0.36342592592592593 0.026302083333333334 0.032407407407407406
0 0.39088541666666665 0.5634259259259259 0.029947916666666668 0.06481481481481481
0 0.5010416666666667 0.4583333333333333 0.0203125 0.0412037037037037
0 0.6354166666666666 0.4041666666666667 0.03802083333333333 0.1259259259259259
0 0.8091145833333333 0.34120370370370373 0.015625 0.03425925925925926
0 0.32395833333333335 0.07314814814814814 0.09427083333333333 0.08796296296296297
0 0.81640625 0.30648148148148147 0.01875 0.03009259259259259
0 0.8953125 0.35 0.025 0.032407407407407406
0 0.721875 0.18888888888888888 0.023697916666666666 0.04537037037037037
0 0.36302083333333335 0.27175925925925926 0.016666666666666666 0.040740740740740744
0 0.39791666666666664 0.27314814814814814 0.02421875 0.04212962962962963
0 0.39921875 0.24722222222222223 0.06927083333333334 0.06527777777777778
0 0.5856770833333333 0.18796296296296297 0.055989583333333336 0.10416666666666667
0 0.9171875 0.0824074074074074 0.02578125 0.04814814814814815
0 0.953125 0.10601851851851851 0.030989583333333334 0.049074074074074076
0 0.8981770833333333 0.16296296296296298 0.032552083333333336 0.053703703703703705
0 0.5442708333333334 0.16435185185185186 0.032552083333333336 0.06527777777777778
0 0.4239583333333333 0.2037037037037037 0.02109375 0.033796296296296297
0 0.6088541666666667 0.08564814814814815 0.06015625 0.060648148148148145
0 0.9731770833333333 0.08055555555555556 0.02265625 0.025
0 0.978125 0.10925925925925926 0.026041666666666668 0.038425925925925926
0 0.41953125 0.15 0.06588541666666667 0.05277777777777778
0 0.5388020833333333 0.34953703703703703 0.022135416666666668 0.029166666666666667
0 0.48723958333333334 0.5574074074074075 0.027604166666666666 0.05138888888888889
0 0.5755208333333334 0.20416666666666666 0.03958333333333333 0.047685185185185185
0 0.4713541666666667 0.6532407407407408 0.03723958333333333 0.04259259259259259
0 0.4309895833333333 0.6851851851851852 0.02421875 0.04722222222222222
0 0.603125 0.08194444444444444 0.024479166666666666 0.033796296296296297
0 0.37552083333333336 0.31712962962962965 0.022916666666666665 0.032407407407407406
0 0.60078125 0.25416666666666665 0.0203125 0.027777777777777776
0 0.6614583333333334 0.38657407407407407 0.01953125 0.04537037037037037
0 0.6307291666666667 0.41759259259259257 0.026302083333333334 0.02824074074074074
0 0.5901041666666667 0.4101851851851852 0.03125 0.049074074074074076
0 0.31744791666666666 0.056018518518518516 0.024479166666666666 0.0412037037037037
