0 0.396875 0.3333333333333333 0.016666666666666666 0.04398148148148148
0 0.5609375 0.6578703703703703 0.03463541666666667 0.05324074074074074
0 0.7645833333333333 0.5541666666666667 0.030208333333333334 0.05416666666666667
0 0.803125 0.6296296296296297 0.03958333333333333 0.05740740740740741
0 0.5377604166666666 0.6875 0.021614583333333333 0.04351851851851852
0 0.49713541666666666 0.7731481481481481 0.03567708333333333 0.038425925925925926
0 0.55859375 0.48657407407407405 0.025260416666666667 0.05324074074074074
0 0.44192708333333336 0.5509259259259259 0.019270833333333334 0.041666666666666664
0 0.43697916666666664 0.5898148148148148 0.018489583333333334 0.034722222222222224
0 0.4239583333333333 0.3458333333333333 0.02265625 0.03888888888888889
0 0.3697916666666667 0.4513888888888889 0.031510416666666666 0.046296296296296294
0 0.43307291666666664 0.4412037037037037 0.013541666666666667 0.029166666666666667
0 0.4903645833333333 0.3425925925925926 0.027604166666666666 0.03425925925925926
0 0.42265625 0.5189814814814815 0.028125 0.05324074074074074
0 0.5135416666666667 0.4634259259259259 0.02734375 0.055092592592592596
0 0.6234375 0.37407407407407406 0.053125 0.10833333333333334
0 0.8338541666666667 0.32175925925925924 0.0171875 0.03796296296296296
0 0.33125 0.08935185185185185 0.08567708333333333 0.07962962962962963
0 0.83984375 0.2828703703703704 0.01875 0.03009259259259259
0 0.9098958333333333 0.32314814814814813 0.025 0.032407407407407406
0 0.69296875 0.18981481481481483 0.023697916666666666 0.04537037037037037
0 0.378125 0.25046296296296294 0.015885416666666666 0.03888888888888889
0 0.41302083333333334 0.2625 0.02421875 0.04212962962962963
0 0.41380208333333335 0.2310185185185185 0.06927083333333334 0.06527777777777778
0 0.60078125 0.15601851851851853 0.053385416666666664 0.09907407407407408
0 0.9049479166666666 0.08611111111111111 0.02578125 0.04814814814814815
0 0.9575520833333333 0.1087962962962963 0.032552083333333336 0.05138888888888889
0 0.9 0.14074074074074075 0.032552083333333336 0.053703703703703705
0 0.5614583333333333 0.1412037037037037 0.032552083333333336 0.06527777777777778
0 0.4278645833333333 0.17175925925925925 0.023177083333333334 0.037037037037037035
0 0.615625 0.06805555555555555 0.06640625 0.06712962962962964
0 0.9653645833333333 0.06018518518518518 0.021614583333333333 0.024074074074074074
0 0.98125 0.08518518518518518 0.02890625 0.04212962962962963
0 0.42682291666666666 0.13240740740740742 0.06588541666666667 0.05277777777777778
0 0.5580729166666667 0.3421296296296296 0.02421875 0.03194444444444444
0 0.49166666666666664 0.5291666666666667 0.02265625 0.04259259259259259
0 0.5877604166666667 0.16666666666666666 0.03411458333333333 0.0412037037037037
0 0.47942708333333334 0.6148148148148148 0.024739583333333332 0.044444444444444446
0 0.45286458333333335 0.6717592592592593 0.02421875 0.0625
0 0.6119791666666666 0.06527777777777778 0.02578125 0.03564814814814815
0 0.3651041666666667 0.2777777777777778 0.020833333333333332 0.02962962962962963
0 0.61484375 0.2101851851851852 0.022395833333333334 0.030555555555555555
0 0.3223958333333333 0.06944444444444445 0.023177083333333334 0.04583333333333333
0 0.665625 0.36157407407407405 0.02265625 0.05277777777777778
0 0.6197916666666666 0.3875 0.017708333333333333 0.02824074074074074
0 0.5838541666666667 0.42407407407407405 0.027083333333333334 0.04212962962962963
