0 0.42682291666666666 0.2865740740740741 0.015104166666666667 0.03981481481481482
0 0.5580729166666667 0.6013888888888889 0.03463541666666667 0.05324074074074074
0 0.7885416666666667 0.5740740740740741 0.02734375 0.049074074074074076
0 0.8143229166666667 0.6106481481481482 0.029427083333333333 0.04259259259259259
0 0.5302083333333333 0.611574074074074 0.020572916666666666 0.041666666666666664
0 0.5080729166666667 0.7388888888888889 0.030729166666666665 0.03333333333333333
0 0.5763020833333333 0.500462962962963 0.032552083333333336 0.05648148148148148
0 0.4513020833333333 0.44675925925925924 0.03307291666666667 0.06296296296296296
0 0.44557291666666665 0.5453703703703704 0.02265625 0.04212962962962963
0 0.44947916666666665 0.29768518518518516 0.025 0.043055555555555555
0 0.39166666666666666 0.39675925925925926 0.035416666666666666 0.06296296296296296
0 0.44895833333333335 0.3837962962962963 0.015104166666666667 0.03194444444444444
0 0.49453125 0.33055555555555555 0.02890625 0.03564814814814815
0 0.42682291666666666 0.43287037037037035 0.025520833333333333 0.04861111111111111
0 0.5166666666666667 0.4041666666666667 0.024739583333333332 0.05
0 0.6309895833333333 0.350462962962963 0.06875 0.06342592592592593
0 0.8684895833333334 0.2796296296296296 0.01640625 0.03611111111111111
0 0.359375 0.11990740740740741 0.07395833333333333 0.08009259259259259
0 0.6109375 0.34814814814814815 0.01953125 0.0375
0 0.8661458333333333 0.24861111111111112 0.01953125 0.03194444444444444
0 0.9231770833333334 0.2810185185185185 0.025 0.032407407407407406
0 0.6479166666666667 0.17407407407407408 0.02265625 0.04351851851851852
0 0.4049479166666667 0.21898148148148147 0.015104166666666667 0.037037037037037035
0 0.4348958333333333 0.2212962962962963 0.023177083333333334 0.03981481481481482
0 0.4328125 0.1935185185185185 0.06927083333333334 0.06527777777777778
0 0.62578125 0.11203703703703703 0.05390625 0.10925925925925926
0 0.8856770833333333 0.07592592592592592 0.027083333333333334 0.050462962962962966
0 0.9588541666666667 0.08009259259259259 0.032552083333333336 0.05138888888888889
0 0.6296875 0.3587962962962963 0.021614583333333333 0.053703703703703705
0 0.9020833333333333 0.11296296296296296 0.032552083333333336 0.053703703703703705
0 0.5734375 0.11574074074074074 0.032552083333333336 0.06527777777777778
0 0.44088541666666664 0.1310185185185185 0.018229166666666668 0.029166666666666667
0 0.63046875 0.047685185185185185 0.06328125 0.06388888888888888
0 0.9625 0.018518518518518517 0.026302083333333334 0.029166666666666667
0 0.9825520833333333 0.055092592592592596 0.02890625 0.04212962962962963
0 0.43984375 0.09490740740740741 0.06588541666666667 0.05277777777777778
0 0.578125 0.3074074074074074 0.023177083333333334 0.030555555555555555
0 0.5231770833333333 0.5069444444444444 0.02265625 0.04212962962962963
0 0.6044270833333333 0.12777777777777777 0.017708333333333333 0.03935185185185185
0 0.4901041666666667 0.5912037037037037 0.0234375 0.04259259259259259
0 0.48463541666666665 0.6356481481481482 0.032552083333333336 0.05462962962962963
0 0.6263020833333334 0.04537037037037037 0.027083333333333334 0.0375
0 0.3703125 0.22592592592592592 0.019791666666666666 0.02824074074074074
0 0.6380208333333334 0.13657407407407407 0.02578125 0.03518518518518519
0 0.34375 0.12222222222222222 0.020052083333333335 0.03935185185185185
0 0.6606770833333333 0.32222222222222224 0.020052083333333335 0.04490740740740741
