0 0.3963541666666667 0.3472222222222222 0.015104166666666667 0.03981481481481482
0 0.5606770833333333 0.6652777777777777 0.03828125 0.0587962962962963
0 0.7625 0.549537037037037 0.030208333333333334 0.05416666666666667
0 0.80234375 0.6356481481481482 0.041666666666666664 0.06018518518518518
0 0.5395833333333333 0.700925925925926 0.021614583333333333 0.04351851851851852
0 0.4979166666666667 0.7787037037037037 0.033854166666666664 0.03657407407407407
0 0.55859375 0.4773148148148148 0.0265625 0.056018518518518516
0 0.43645833333333334 0.5652777777777778 0.0203125 0.04351851851851852
0 0.43802083333333336 0.6032407407407407 0.01953125 0.03611111111111111
0 0.41692708333333334 0.35555555555555557 0.021614583333333333 0.037037037037037035
0 0.36875 0.4564814814814815 0.03307291666666667 0.04861111111111111
0 0.43255208333333334 0.4527777777777778 0.013020833333333334 0.027777777777777776
0 0.48489583333333336 0.3476851851851852 0.025 0.031018518518518518
0 0.41822916666666665 0.5291666666666667 0.028125 0.05324074074074074
0 0.5127604166666667 0.46574074074074073 0.024739583333333332 0.05
0 0.62578125 0.37777777777777777 0.053125 0.10833333333333334
0 0.8286458333333333 0.33240740740740743 0.01640625 0.03611111111111111
0 0.32838541666666665 0.08333333333333333 0.08984375 0.0837962962962963
0 0.83359375 0.287962962962963 0.01875 0.03009259259259259
0 0.9057291666666667 0.32685185185185184 0.025 0.032407407407407406
0 0.6989583333333333 0.18981481481481483 0.023697916666666666 0.04537037037037037
0 0.37552083333333336 0.25416666666666665 0.016666666666666666 0.040740740740740744
0 0.40911458333333334 0.26481481481481484 0.02421875 0.04212962962962963
0 0.40989583333333335 0.23425925925925925 0.06927083333333334 0.06527777777777778
0 0.5984375 0.16111111111111112 0.053385416666666664 0.09907407407407408
0 0.9075520833333334 0.09166666666666666 0.02578125 0.04814814814814815
0 0.9575520833333333 0.11203703703703703 0.032552083333333336 0.05138888888888889
0 0.9005208333333333 0.1449074074074074 0.032552083333333336 0.053703703703703705
0 0.5575520833333333 0.15138888888888888 0.030989583333333334 0.062037037037037036
0 0.42604166666666665 0.1837962962962963 0.024479166666666666 0.03888888888888889
0 0.6140625 0.0712962962962963 0.06640625 0.06712962962962964
0 0.9643229166666667 0.06481481481481481 0.021614583333333333 0.024074074074074074
0 0.9807291666666667 0.08981481481481482 0.02890625 0.04212962962962963
0 0.42473958333333334 0.13425925925925927 0.06588541666666667 0.05277777777777778
0 0.5533854166666666 0.33425925925925926 0.025520833333333333 0.033796296296296297
0 0.4895833333333333 0.5351851851851852 0.02265625 0.04259259259259259
0 0.5854166666666667 0.17314814814814813 0.03411458333333333 0.0412037037037037
0 0.478125 0.6268518518518519 0.0234375 0.04259259259259259
0 0.4479166666666667 0.6782407407407407 0.02421875 0.0625
0 0.6104166666666667 0.06851851851851852 0.024479166666666666 0.033796296296296297
0 0.3684895833333333 0.28888888888888886 0.022916666666666665 0.032407407407407406
0 0.6151041666666667 0.21898148148148147 0.022395833333333334 0.030555555555555555
0 0.32109375 0.06620370370370371 0.023177083333333334 0.04583333333333333
0 0.6677083333333333 0.36666666666666664 0.02265625 0.05277777777777778
0 0.625 0.3921296296296296 0.017708333333333333 0.02824074074074074
0 0.58125 0.4305555555555556 0.028385416666666666 0.044444444444444446
