0 0.41119791666666666 0.3087962962962963 0.015885416666666666 0.041666666666666664
0 0.5557291666666667 0.624537037037037 0.03828125 0.0587962962962963
0 0.7856770833333333 0.5736111111111111 0.030208333333333334 0.05416666666666667
0 0.8096354166666667 0.6138888888888889 0.03411458333333333 0.04953703703703704
0 0.5294270833333333 0.6305555555555555 0.020572916666666666 0.041666666666666664
0 0.5005208333333333 0.7453703703703703 0.03567708333333333 0.038425925925925926
0 0.5666666666666667 0.49074074074074076 0.0359375 0.0625
0 0.44817708333333334 0.4912037037037037 0.029947916666666668 0.05740740740740741
0 0.44088541666666664 0.5592592592592592 0.020572916666666666 0.03796296296296296
0 0.44192708333333336 0.31574074074074077 0.023958333333333335 0.040740740740740744
0 0.3802083333333333 0.425462962962963 0.031510416666666666 0.046296296296296294
0 0.4427083333333333 0.4 0.016666666666666666 0.03518518518518519
0 0.484375 0.3314814814814815 0.03046875 0.0375
0 0.425 0.4847222222222222 0.026822916666666665 0.05092592592592592
0 0.515625 0.43425925925925923 0.02734375 0.055092592592592596
0 0.6231770833333333 0.36527777777777776 0.07578125 0.0699074074074074
0 0.8559895833333333 0.29814814814814816 0.01640625 0.03611111111111111
0 0.35052083333333334 0.12268518518518519 0.08151041666666667 0.08842592592592592
0 0.5994791666666667 0.36342592592592593 0.020572916666666666 0.03935185185185185
0 0.8596354166666667 0.2652777777777778 0.01953125 0.03194444444444444
0 0.9174479166666667 0.29398148148148145 0.025 0.032407407407407406
0 0.6640625 0.18287037037037038 0.02265625 0.04351851851851852
0 0.39557291666666666 0.24027777777777778 0.015885416666666666 0.03888888888888889
0 0.42604166666666665 0.2324074074074074 0.022135416666666668 0.03796296296296296
0 0.42421875 0.20555555555555555 0.06927083333333334 0.06527777777777778
0 0.6184895833333334 0.13240740740740742 0.04895833333333333 0.09907407407407408
0 0.89140625 0.075 0.02578125 0.04814814814814815
0 0.9596354166666666 0.08981481481481482 0.032552083333333336 0.05138888888888889
0 0.9010416666666666 0.12268518518518519 0.032552083333333336 0.053703703703703705
0 0.5677083333333334 0.12638888888888888 0.032552083333333336 0.06527777777777778
0 0.43697916666666664 0.14907407407407408 0.020052083333333335 0.03194444444444444
0 0.62421875 0.055092592592592596 0.06015625 0.060648148148148145
0 0.9630208333333333 0.03009259259259259 0.026302083333333334 0.029166666666666667
0 0.9807291666666667 0.06574074074074074 0.02890625 0.04212962962962963
0 0.43515625 0.11157407407407408 0.06588541666666667 0.05277777777777778
0 0.565625 0.3194444444444444 0.023177083333333334 0.030555555555555555
0 0.5083333333333333 0.5078703703703704 0.025 0.04675925925925926
0 0.60078125 0.1449074074074074 0.017708333333333333 0.03935185185185185
0 0.48151041666666666 0.6037037037037037 0.0234375 0.04259259259259259
0 0.4783854166666667 0.6481481481481481 0.037760416666666664 0.06296296296296296
0 0.62109375 0.052314814814814814 0.02578125 0.03564814814814815
0 0.36822916666666666 0.2462962962962963 0.020833333333333332 0.02962962962962963
0 0.6205729166666667 0.1763888888888889 0.02578125 0.03518518518518519
0 0.33671875 0.10925925925925926 0.022135416666666668 0.04351851851851852
0 0.6645833333333333 0.3425925925925926 0.023697916666666666 0.05555555555555555
0 0.6231770833333333 0.3939814814814815 0.019010416666666665 0.043055555555555555
