0 0.45078125 0.262037037037037 0.014583333333333334 0.03796296296296296
0 0.5630208333333333 0.5648148148148148 0.031510416666666666 0.04814814814814815
0 0.79453125 0.5541666666666667 0.028645833333333332 0.05138888888888889
0 0.81875 0.6425925925925926 0.029427083333333333 0.04259259259259259
0 0.5338541666666666 0.5944444444444444 0.025 0.050462962962962966
0 0.5203125 0.7337962962962963 0.027864583333333335 0.03009259259259259
0 0.5984375 0.537962962962963 0.0296875 0.05138888888888889
0 0.46822916666666664 0.39490740740740743 0.02265625 0.03287037037037037
0 0.46197916666666666 0.5013888888888889 0.012760416666666666 0.03287037037037037
0 0.4890625 0.27037037037037037 0.0203125 0.037037037037037035
0 0.40390625 0.33055555555555555 0.0265625 0.04722222222222222
0 0.4622395833333333 0.337037037037037 0.014322916666666666 0.030555555555555555
0 0.4934895833333333 0.28425925925925927 0.011979166666666667 0.028703703703703703
0 0.45 0.34444444444444444 0.01796875 0.037037037037037035
0 0.3567708333333333 0.12777777777777777 0.03333333333333333 0.03888888888888889
0 0.5221354166666666 0.3453703703703704 0.018489583333333334 0.037037037037037035
0 0.634375 0.31666666666666665 0.06875 0.06342592592592593
0 0.8880208333333334 0.24675925925925926 0.015625 0.03425925925925926
0 0.37786458333333334 0.12222222222222222 0.05 0.12824074074074074
0 0.6158854166666666 0.33055555555555555 0.016145833333333335 0.03796296296296296
0 0.6567708333333333 0.3087962962962963 0.0296875 0.02638888888888889
0 0.884375 0.20787037037037037 0.01875 0.03009259259259259
0 0.9020833333333333 0.23564814814814813 0.02265625 0.02962962962962963
0 0.6041666666666666 0.15185185185185185 0.021614583333333333 0.0412037037037037
0 0.43411458333333336 0.18333333333333332 0.015885416666666666 0.03888888888888889
0 0.4578125 0.18425925925925926 0.025520833333333333 0.04398148148148148
0 0.45364583333333336 0.15 0.06588541666666667 0.062037037037037036
0 0.6333333333333333 0.0912037037037037 0.04895833333333333 0.09907407407407408
0 0.8645833333333334 0.07731481481481481 0.027083333333333334 0.050462962962962966
0 0.95546875 0.05740740740740741 0.032552083333333336 0.05138888888888889
0 0.6375 0.30462962962962964 0.01953125 0.04861111111111111
0 0.903125 0.08611111111111111 0.032552083333333336 0.053703703703703705
0 0.5901041666666667 0.08333333333333333 0.028125 0.056018518518518516
0 0.6359375 0.08055555555555556 0.020572916666666666 0.03518518518518519
0 0.4544270833333333 0.09212962962962963 0.017447916666666667 0.027777777777777776
0 0.6333333333333333 0.02361111111111111 0.047135416666666666 0.047685185185185185
0 0.9651041666666667 0.010648148148148148 0.025 0.022222222222222223
0 0.9778645833333334 0.03287037037037037 0.026041666666666668 0.038425925925925926
0 0.4505208333333333 0.060648148148148145 0.06276041666666667 0.04212962962962963
0 0.6145833333333334 0.2916666666666667 0.025520833333333333 0.033796296296296297
0 0.5393229166666667 0.4981481481481482 0.023958333333333335 0.044444444444444446
0 0.61875 0.11481481481481481 0.016666666666666666 0.0375
0 0.48828125 0.5597222222222222 0.028125 0.059722222222222225
0 0.50078125 0.6222222222222222 0.0375 0.07222222222222222
0 0.6369791666666667 0.016203703703703703 0.019010416666666665 0.030555555555555555
0 0.38125 0.15601851851851853 0.01796875 0.02546296296296296
