0 0.40598958333333335 0.31851851851851853 0.015104166666666667 0.03981481481481482
0 0.5572916666666666 0.6370370370370371 0.036458333333333336 0.056018518518518516
0 0.7752604166666667 0.5694444444444444 0.030208333333333334 0.05416666666666667
0 0.80625 0.6166666666666667 0.0359375 0.05185185185185185
0 0.5309895833333333 0.6504629629629629 0.021614583333333333 0.04351851851851852
0 0.4986979166666667 0.750462962962963 0.03567708333333333 0.038425925925925926
0 0.5653645833333333 0.4925925925925926 0.037760416666666664 0.06574074074074074
0 0.4473958333333333 0.49583333333333335 0.031510416666666666 0.06018518518518518
0 0.4401041666666667 0.5689814814814815 0.01953125 0.03611111111111111
0 0.43802083333333336 0.32685185185185184 0.02265625 0.03888888888888889
0 0.37395833333333334 0.43657407407407406 0.03307291666666667 0.04861111111111111
0 0.4388020833333333 0.4162037037037037 0.015885416666666666 0.033796296296296297
0 0.4890625 0.3365740740740741 0.02890625 0.03564814814814815
0 0.42239583333333336 0.48194444444444445 0.028125 0.05324074074074074
0 0.51328125 0.4476851851851852 0.02734375 0.055092592592592596
0 0.6197916666666666 0.3726851851851852 0.07213541666666666 0.06666666666666667
0 0.8471354166666667 0.30694444444444446 0.01640625 0.03611111111111111
0 0.33880208333333334 0.10833333333333334 0.08567708333333333 0.07962962962962963
0 0.5927083333333333 0.3662037037037037 0.020572916666666666 0.03935185185185185
0 0.8549479166666667 0.2740740740740741 0.01953125 0.03194444444444444
0 0.9153645833333334 0.3060185185185185 0.025 0.032407407407407406
0 0.6731770833333334 0.18564814814814815 0.02265625 0.04351851851851852
0 0.3885416666666667 0.24074074074074073 0.016666666666666666 0.040740740740740744
0 0.42135416666666664 0.24583333333333332 0.022135416666666668 0.03796296296296296
0 0.4197916666666667 0.21574074074074073 0.06927083333333334 0.06527777777777778
0 0.6171875 0.13796296296296295 0.04895833333333333 0.09907407407407408
0 0.8966145833333333 0.07777777777777778 0.02578125 0.04814814814814815
0 0.9575520833333333 0.09814814814814815 0.032552083333333336 0.05138888888888889
0 0.9002604166666667 0.12962962962962962 0.032552083333333336 0.053703703703703705
0 0.5643229166666667 0.1337962962962963 0.032552083333333336 0.06527777777777778
0 0.4322916666666667 0.15787037037037038 0.022135416666666668 0.03564814814814815
0 0.6208333333333333 0.06157407407407407 0.06328125 0.06388888888888888
0 0.9630208333333333 0.040740740740740744 0.025 0.027777777777777776
0 0.9809895833333333 0.07268518518518519 0.02890625 0.04212962962962963
0 0.4322916666666667 0.12175925925925926 0.06588541666666667 0.05277777777777778
0 0.5598958333333334 0.32731481481481484 0.02421875 0.03194444444444444
0 0.5028645833333333 0.513425925925926 0.025 0.04675925925925926
0 0.59296875 0.1550925925925926 0.03411458333333333 0.0412037037037037
0 0.47630208333333335 0.6074074074074074 0.0234375 0.04259259259259259
0 0.46979166666666666 0.6638888888888889 0.03958333333333333 0.06620370370370371
0 0.6171875 0.05648148148148148 0.02578125 0.03564814814814815
0 0.3690104166666667 0.25416666666666665 0.019791666666666666 0.02824074074074074
0 0.6166666666666667 0.19027777777777777 0.024479166666666666 0.03333333333333333
0 0.3302083333333333 0.09537037037037037 0.023177083333333334 0.04583333333333333
0 0.66640625 0.34629629629629627 0.023697916666666666 0.05555555555555555
0 0.6216145833333333 0.3976851851851852 0.01953125 0.031018518518518518
