0 0.46432291666666664 0.2671296296296296 0.014583333333333334 0.03796296296296296
0 0.5674479166666667 0.5643518518518519 0.03463541666666667 0.05324074074074074
0 0.7932291666666667 0.5615740740740741 0.02734375 0.049074074074074076
0 0.8080729166666667 0.6680555555555555 0.028125 0.040740740740740744
0 0.5440104166666667 0.6037037037037037 0.025 0.050462962962962966
0 0.5236979166666667 0.7314814814814815 0.040625 0.0412037037037037
0 0.6041666666666666 0.5685185185185185 0.028125 0.049074074074074076
0 0.4822916666666667 0.38287037037037036 0.021614583333333333 0.031018518518518518
0 0.4674479166666667 0.49074074074074076 0.0140625 0.03657407407407407
0 0.4744791666666667 0.25925925925925924 0.021354166666666667 0.03888888888888889
0 0.42109375 0.29259259259259257 0.040625 0.058333333333333334
0 0.46380208333333334 0.3333333333333333 0.013541666666666667 0.029166666666666667
0 0.49375 0.2833333333333333 0.012760416666666666 0.03009259259259259
0 0.45260416666666664 0.3375 0.01640625 0.033796296296296297
0 0.328125 0.16157407407407406 0.028645833333333332 0.0625
0 0.5231770833333333 0.3351851851851852 0.017447916666666667 0.03564814814814815
0 0.6359375 0.31157407407407406 0.06875 0.08564814814814815
0 0.8997395833333334 0.2569444444444444 0.015625 0.03425925925925926
0 0.37135416666666665 0.13425925925925927 0.039322916666666666 0.1361111111111111
0 0.37161458333333336 0.1425925925925926 0.021614583333333333 0.03611111111111111
0 0.615625 0.3333333333333333 0.016927083333333332 0.03981481481481482
0 0.6614583333333334 0.2875 0.031510416666666666 0.03981481481481482
0 0.90234375 0.20555555555555555 0.021614583333333333 0.03518518518518519
0 0.9065104166666667 0.24212962962962964 0.020572916666666666 0.026851851851851852
0 0.5796875 0.14074074074074075 0.020572916666666666 0.03935185185185185
0 0.4401041666666667 0.1726851851851852 0.017447916666666667 0.043055555555555555
0 0.4700520833333333 0.16898148148148148 0.022135416666666668 0.03796296296296296
0 0.46953125 0.13657407407407407 0.06588541666666667 0.062037037037037036
0 0.6388020833333333 0.09583333333333334 0.05130208333333333 0.10416666666666667
0 0.84921875 0.0837962962962963 0.028385416666666666 0.05324074074074074
0 0.9596354166666666 0.06342592592592593 0.031510416666666666 0.05925925925925926
0 0.6369791666666667 0.30648148148148147 0.016666666666666666 0.03564814814814815
0 0.9036458333333334 0.08425925925925926 0.032552083333333336 0.053703703703703705
0 0.6098958333333333 0.08055555555555556 0.02109375 0.027777777777777776
0 0.6377604166666667 0.09074074074074075 0.02265625 0.03888888888888889
0 0.4591145833333333 0.0837962962962963 0.018229166666666668 0.029166666666666667
0 0.63515625 0.02638888888888889 0.027864583333333335 0.05277777777777778
0 0.95546875 0.024537037037037038 0.03515625 0.049074074074074076
0 0.978125 0.032407407407407406 0.026041666666666668 0.038425925925925926
0 0.45755208333333336 0.04814814814814815 0.06276041666666667 0.04212962962962963
0 0.6182291666666667 0.23564814814814813 0.025520833333333333 0.033796296296296297
0 0.53984375 0.5078703703703704 0.027604166666666666 0.05138888888888889
0 0.496875 0.6087962962962963 0.044270833333333336 0.06481481481481481
0 0.48723958333333334 0.549537037037037 0.030208333333333334 0.0625
0 0.6307291666666667 0.10555555555555556 0.018489583333333334 0.04398148148148148
