0 0.48489583333333336 0.30833333333333335 0.014583333333333334 0.0375
0 0.5799479166666667 0.5675925925925925 0.03463541666666667 0.05324074074074074
0 0.9833333333333333 0.6125 0.029427083333333333 0.03611111111111111
0 0.8078125 0.5800925925925926 0.02734375 0.049074074074074076
0 0.7846354166666667 0.6685185185185185 0.028125 0.040740740740740744
0 0.57421875 0.6078703703703704 0.023697916666666666 0.04814814814814815
0 0.5234375 0.7337962962962963 0.038802083333333334 0.03935185185185185
0 0.61640625 0.6157407407407407 0.023177083333333334 0.04027777777777778
0 0.4934895833333333 0.40370370370370373 0.021614583333333333 0.031018518518518518
0 0.4796875 0.5810185185185185 0.02578125 0.03611111111111111
0 0.47213541666666664 0.4875 0.016145833333333335 0.04212962962962963
0 0.47682291666666665 0.2912037037037037 0.021354166666666667 0.03888888888888889
0 0.4546875 0.28055555555555556 0.03333333333333333 0.04814814814814815
0 0.46432291666666664 0.34305555555555556 0.015625 0.03194444444444444
0 0.49296875 0.2861111111111111 0.016145833333333335 0.038425925925925926
0 0.45364583333333336 0.34444444444444444 0.021875 0.033796296296296297
0 0.48333333333333334 0.5217592592592593 0.021354166666666667 0.03564814814814815
0 0.30416666666666664 0.25277777777777777 0.024739583333333332 0.053703703703703705
0 0.5325520833333334 0.33287037037037037 0.0203125 0.0412037037037037
0 0.63515625 0.3055555555555556 0.059375 0.07407407407407407
0 0.9184895833333333 0.26481481481481484 0.01640625 0.03611111111111111
0 0.39088541666666665 0.1675925925925926 0.04114583333333333 0.15
0 0.38619791666666664 0.17546296296296296 0.023697916666666666 0.03981481481481482
0 0.6153645833333333 0.32916666666666666 0.016927083333333332 0.03981481481481482
0 0.6604166666666667 0.2773148148148148 0.028645833333333332 0.03611111111111111
0 0.9330729166666667 0.19675925925925927 0.021614583333333333 0.03518518518518519
0 0.9041666666666667 0.23796296296296296 0.021614583333333333 0.02824074074074074
0 0.5494791666666666 0.15138888888888888 0.01953125 0.0375
0 0.4440104166666667 0.16064814814814815 0.015885416666666666 0.03888888888888889
0 0.4901041666666667 0.15648148148148147 0.020833333333333332 0.03611111111111111
0 0.48880208333333336 0.1287037037037037 0.06875 0.06851851851851852
0 0.6408854166666667 0.09166666666666666 0.05130208333333333 0.10416666666666667
0 0.6703125 0.1287037037037037 0.016927083333333332 0.04953703703703704
0 0.8216145833333334 0.09861111111111111 0.029947916666666668 0.05555555555555555
0 0.95625 0.07175925925925926 0.03307291666666667 0.062037037037037036
0 0.6333333333333333 0.30324074074074076 0.019270833333333334 0.041666666666666664
0 0.90234375 0.08518518518518518 0.032552083333333336 0.053703703703703705
0 0.62109375 0.07453703703703704 0.022135416666666668 0.029166666666666667
0 0.6388020833333333 0.09953703703703703 0.021614583333333333 0.037037037037037035
0 0.478125 0.07916666666666666 0.018229166666666668 0.029166666666666667
0 0.6356770833333333 0.01712962962962963 0.029166666666666667 0.05555555555555555
0 0.9455729166666667 0.02175925925925926 0.03203125 0.044444444444444446
0 0.978125 0.03287037037037037 0.026041666666666668 0.038425925925925926
0 0.4796875 0.04351851851851852 0.06276041666666667 0.04212962962962963
0 0.6028645833333334 0.25462962962962965 0.022135416666666668 0.029166666666666667
0 0.53984375 0.513425925925926 0.03359375 0.04675925925925926
