0 0.4596354166666667 0.26342592592592595 0.014583333333333334 0.03796296296296296
0 0.5677083333333334 0.5634259259259259 0.03463541666666667 0.05324074074074074
0 0.7934895833333333 0.5611111111111111 0.02734375 0.049074074074074076
0 0.8106770833333333 0.6620370370370371 0.029427083333333333 0.04259259259259259
0 0.5403645833333334 0.5976851851851852 0.025 0.050462962962962966
0 0.5205729166666667 0.7324074074074074 0.027864583333333335 0.03009259259259259
0 0.59921875 0.5592592592592592 0.028125 0.049074074074074076
0 0.47890625 0.3824074074074074 0.021614583333333333 0.031018518518518518
0 0.46588541666666666 0.49444444444444446 0.012760416666666666 0.03287037037037037
0 0.47760416666666666 0.2574074074074074 0.0203125 0.037037037037037035
0 0.4088541666666667 0.3060185185185185 0.0265625 0.04722222222222222
0 0.46380208333333334 0.3333333333333333 0.013541666666666667 0.029166666666666667
0 0.49322916666666666 0.2828703703703704 0.012760416666666666 0.03009259259259259
0 0.45208333333333334 0.3384259259259259 0.01640625 0.033796296296296297
0 0.33697916666666666 0.14444444444444443 0.030208333333333334 0.06527777777777778
0 0.5197916666666667 0.3388888888888889 0.018489583333333334 0.037037037037037035
0 0.63515625 0.3125 0.06875 0.06342592592592593
0 0.8955729166666667 0.25555555555555554 0.015625 0.03425925925925926
0 0.37213541666666666 0.1310185185185185 0.054427083333333334 0.11064814814814815
0 0.37161458333333336 0.1412037037037037 0.021614583333333333 0.03611111111111111
0 0.6158854166666666 0.33425925925925926 0.016927083333333332 0.03981481481481482
0 0.6580729166666667 0.30694444444444446 0.0296875 0.02638888888888889
0 0.8950520833333333 0.20277777777777778 0.01953125 0.03194444444444444
0 0.9059895833333333 0.23981481481481481 0.021614583333333333 0.02824074074074074
0 0.58671875 0.1412037037037037 0.020572916666666666 0.03935185185185185
0 0.44114583333333335 0.17592592592592593 0.016666666666666666 0.040740740740740744
0 0.4661458333333333 0.1726851851851852 0.023177083333333334 0.03981481481481482
0 0.46536458333333336 0.14074074074074075 0.06588541666666667 0.062037037037037036
0 0.63828125 0.09583333333333334 0.05130208333333333 0.10416666666666667
0 0.8536458333333333 0.08472222222222223 0.027083333333333334 0.050462962962962966
0 0.9611979166666667 0.05925925925925926 0.031510416666666666 0.05925925925925926
0 0.6361979166666667 0.30925925925925923 0.01953125 0.03564814814814815
0 0.9033854166666667 0.08518518518518518 0.032552083333333336 0.053703703703703705
0 0.60546875 0.07916666666666666 0.02109375 0.027777777777777776
0 0.6356770833333333 0.09490740740740741 0.020572916666666666 0.03518518518518519
0 0.45729166666666665 0.08796296296296297 0.017447916666666667 0.027777777777777776
0 0.6341145833333334 0.02638888888888889 0.03229166666666667 0.05277777777777778
0 0.96171875 0.018055555555555554 0.025 0.03518518518518519
0 0.978125 0.03287037037037037 0.026041666666666668 0.038425925925925926
0 0.45546875 0.05185185185185185 0.06276041666666667 0.04212962962962963
0 0.6169270833333333 0.25462962962962965 0.026822916666666665 0.03518518518518519
0 0.5380208333333333 0.5111111111111111 0.026302083333333334 0.049074074074074076
0 0.49895833333333334 0.6125 0.04635416666666667 0.06805555555555555
0 0.4864583333333333 0.5523148148148148 0.028645833333333332 0.059722222222222225
0 0.6286458333333333 0.10694444444444444 0.018489583333333334 0.0412037037037037
