0 0.4427083333333333 0.2550925925925926 0.015104166666666667 0.03981481481481482
0 0.5578125 0.5731481481481482 0.031510416666666666 0.04814814814814815
0 0.8005208333333333 0.5550925925925926 0.02734375 0.049074074074074076
0 0.8221354166666667 0.6277777777777778 0.029427083333333333 0.04259259259259259
0 0.53203125 0.5930555555555556 0.02265625 0.04583333333333333
0 0.5192708333333333 0.7388888888888889 0.027864583333333335 0.03009259259259259
0 0.5903645833333333 0.5375 0.0296875 0.05138888888888889
0 0.465625 0.4199074074074074 0.025 0.04722222222222222
0 0.45546875 0.5092592592592593 0.017708333333333333 0.03287037037037037
0 0.4622395833333333 0.26064814814814813 0.021614583333333333 0.037037037037037035
0 0.4010416666666667 0.35509259259259257 0.0265625 0.04722222222222222
0 0.45703125 0.362962962962963 0.013541666666666667 0.029166666666666667
0 0.49635416666666665 0.28935185185185186 0.011979166666666667 0.028703703703703703
0 0.4375 0.37824074074074077 0.023177083333333334 0.06712962962962964
0 0.3640625 0.13842592592592592 0.022395833333333334 0.040740740740740744
0 0.5265625 0.36712962962962964 0.019270833333333334 0.03888888888888889
0 0.6333333333333333 0.3226851851851852 0.06875 0.06342592592592593
0 0.8809895833333333 0.25324074074074077 0.015625 0.03425925925925926
0 0.37526041666666665 0.13287037037037036 0.05 0.12824074074074074
0 0.6143229166666667 0.33240740740740743 0.016145833333333335 0.03796296296296296
0 0.6533854166666667 0.31574074074074077 0.0296875 0.02638888888888889
0 0.8760416666666667 0.21388888888888888 0.01875 0.03009259259259259
0 0.90703125 0.24537037037037038 0.02265625 0.02962962962962963
0 0.6200520833333333 0.15324074074074073 0.02265625 0.04351851851851852
0 0.4239583333333333 0.18981481481481483 0.015885416666666666 0.03888888888888889
0 0.44973958333333336 0.19074074074074074 0.025520833333333333 0.04398148148148148
0 0.4471354166666667 0.1597222222222222 0.06588541666666667 0.062037037037037036
0 0.63125 0.08009259259259259 0.04895833333333333 0.09907407407407408
0 0.8752604166666667 0.07777777777777778 0.027083333333333334 0.050462962962962966
0 0.9588541666666667 0.06111111111111111 0.032552083333333336 0.05138888888888889
0 0.6388020833333333 0.3189814814814815 0.018489583333333334 0.046296296296296294
0 0.903125 0.09212962962962963 0.032552083333333336 0.053703703703703705
0 0.5838541666666667 0.09861111111111111 0.029427083333333333 0.0587962962962963
0 0.45338541666666665 0.09953703703703703 0.017447916666666667 0.027777777777777776
0 0.6346354166666667 0.025 0.047135416666666666 0.047685185185185185
0 0.96484375 0.012962962962962963 0.02890625 0.025925925925925925
0 0.9828125 0.03194444444444444 0.026041666666666668 0.038425925925925926
0 0.446875 0.07037037037037037 0.06276041666666667 0.04212962962962963
0 0.5994791666666667 0.29398148148148145 0.023177083333333334 0.030555555555555555
0 0.5333333333333333 0.4976851851851852 0.023958333333333335 0.044444444444444446
0 0.61640625 0.10462962962962963 0.017708333333333333 0.03935185185185185
0 0.49192708333333335 0.5671296296296297 0.021354166666666667 0.038425925925925926
0 0.50625 0.6162037037037037 0.030989583333333334 0.05185185185185185
0 0.63359375 0.024537037037037038 0.02578125 0.03564814814814815
0 0.378125 0.18101851851851852 0.01796875 0.02546296296296296
0 0.6434895833333333 0.09583333333333334 0.012760416666666666 0.03194444444444444
