0 0.4283854166666667 0.2810185185185185 0.015104166666666667 0.03981481481481482
0 0.5575520833333333 0.5981481481481481 0.03463541666666667 0.05324074074074074
0 0.7901041666666667 0.5708333333333333 0.02734375 0.049074074074074076
0 0.815625 0.6129629629629629 0.029427083333333333 0.04259259259259259
0 0.5307291666666667 0.6064814814814815 0.01953125 0.03935185185185185
0 0.5083333333333333 0.7388888888888889 0.029166666666666667 0.03148148148148148
0 0.5778645833333333 0.5037037037037037 0.032552083333333336 0.05648148148148148
0 0.45234375 0.4444444444444444 0.03307291666666667 0.06296296296296296
0 0.4471354166666667 0.5435185185185185 0.021614583333333333 0.03981481481481482
0 0.45 0.2967592592592593 0.025 0.043055555555555555
0 0.3924479166666667 0.3888888888888889 0.035416666666666666 0.06296296296296296
0 0.45026041666666666 0.3773148148148148 0.015104166666666667 0.03194444444444444
0 0.48828125 0.30787037037037035 0.027604166666666666 0.03425925925925926
0 0.42578125 0.4287037037037037 0.02421875 0.046296296296296294
0 0.5166666666666667 0.4027777777777778 0.0234375 0.047685185185185185
0 0.63203125 0.3486111111111111 0.06536458333333334 0.06018518518518518
0 0.86953125 0.2773148148148148 0.01640625 0.03611111111111111
0 0.359375 0.12361111111111112 0.07395833333333333 0.08009259259259259
0 0.6122395833333333 0.34675925925925927 0.01953125 0.0375
0 0.8677083333333333 0.24444444444444444 0.01953125 0.03194444444444444
0 0.92265625 0.27824074074074073 0.025 0.032407407407407406
0 0.6458333333333334 0.17175925925925925 0.02265625 0.04351851851851852
0 0.40572916666666664 0.2175925925925926 0.015104166666666667 0.037037037037037035
0 0.4361979166666667 0.21944444444444444 0.02421875 0.04212962962962963
0 0.43463541666666666 0.19166666666666668 0.06927083333333334 0.06527777777777778
0 0.6268229166666667 0.10555555555555556 0.05390625 0.10925925925925926
0 0.88515625 0.075 0.027083333333333334 0.050462962962962966
0 0.9588541666666667 0.0787037037037037 0.032552083333333336 0.05138888888888889
0 0.6307291666666667 0.35509259259259257 0.020572916666666666 0.05092592592592592
0 0.9018229166666667 0.1111111111111111 0.032552083333333336 0.053703703703703705
0 0.57421875 0.11435185185185186 0.032552083333333336 0.06527777777777778
0 0.44244791666666666 0.12638888888888888 0.018229166666666668 0.029166666666666667
0 0.6322916666666667 0.04675925925925926 0.06328125 0.06388888888888888
0 0.9627604166666667 0.017592592592592594 0.026302083333333334 0.029166666666666667
0 0.9825520833333333 0.053703703703703705 0.02890625 0.04212962962962963
0 0.440625 0.09259259259259259 0.06276041666666667 0.050462962962962966
0 0.57734375 0.3023148148148148 0.023177083333333334 0.030555555555555555
0 0.5247395833333334 0.5064814814814815 0.023958333333333335 0.044444444444444446
0 0.6044270833333333 0.12685185185185185 0.017708333333333333 0.03935185185185185
0 0.4921875 0.5907407407407408 0.022395833333333334 0.04027777777777778
0 0.4864583333333333 0.6319444444444444 0.032552083333333336 0.05462962962962963
0 0.62734375 0.04398148148148148 0.027083333333333334 0.0375
0 0.3723958333333333 0.22268518518518518 0.01875 0.026851851851851852
0 0.6401041666666667 0.13055555555555556 0.02578125 0.03518518518518519
0 0.34479166666666666 0.12546296296296297 0.020052083333333335 0.03935185185185185
0 0.6578125 0.3277777777777778 0.024739583333333332 0.046296296296296294
