0 0.49296875 0.3333333333333333 0.015364583333333333 0.03981481481481482
0 0.5848958333333333 0.5726851851851852 0.03463541666666667 0.05324074074074074
0 0.9765625 0.6055555555555555 0.029427083333333333 0.03611111111111111
0 1.0002604166666667 0.6212962962962963 0.023177083333333334 0.05648148148148148
0 0.8138020833333334 0.5833333333333334 0.029947916666666668 0.05416666666666667
0 0.7796875 0.6643518518518519 0.028125 0.040740740740740744
0 0.5877604166666667 0.6143518518518518 0.025 0.050462962962962966
0 0.5270833333333333 0.7412037037037037 0.038802083333333334 0.03935185185185185
0 0.6213541666666667 0.6217592592592592 0.023177083333333334 0.04027777777777778
0 0.4981770833333333 0.412962962962963 0.02265625 0.03287037037037037
0 0.48359375 0.5638888888888889 0.02578125 0.03611111111111111
0 0.4783854166666667 0.49398148148148147 0.025260416666666667 0.04212962962962963
0 0.475 0.3138888888888889 0.022395833333333334 0.0412037037037037
0 0.46770833333333334 0.2777777777777778 0.03333333333333333 0.04814814814814815
0 0.4578125 0.3527777777777778 0.01640625 0.033796296296296297
0 0.490625 0.3347222222222222 0.016145833333333335 0.038425925925925926
0 0.45677083333333335 0.3453703703703704 0.021875 0.033796296296296297
0 0.5520833333333334 0.5101851851851852 0.041666666666666664 0.07175925925925926
0 0.4908854166666667 0.5087962962962963 0.021354166666666667 0.03564814814814815
0 0.29375 0.29074074074074074 0.023697916666666666 0.05138888888888889
0 0.5356770833333333 0.3351851851851852 0.0203125 0.0412037037037037
0 0.6354166666666666 0.30092592592592593 0.059375 0.07407407407407407
0 0.9296875 0.26064814814814813 0.01640625 0.03611111111111111
0 0.4088541666666667 0.20092592592592592 0.05182291666666667 0.12037037037037036
0 0.4078125 0.2074074074074074 0.025 0.041666666666666664
0 0.6145833333333334 0.3282407407407407 0.016927083333333332 0.03981481481481482
0 0.6591145833333333 0.2726851851851852 0.028645833333333332 0.03611111111111111
0 0.94296875 0.19537037037037036 0.020572916666666666 0.03333333333333333
0 0.9119791666666667 0.2361111111111111 0.021614583333333333 0.02824074074074074
0 0.5541666666666667 0.16111111111111112 0.020572916666666666 0.03935185185185185
0 0.4471354166666667 0.1675925925925926 0.017447916666666667 0.043055555555555555
0 0.4984375 0.15324074074074073 0.020833333333333332 0.03611111111111111
0 0.49765625 0.125 0.06536458333333334 0.06527777777777778
0 0.6434895833333333 0.08981481481481482 0.05130208333333333 0.10416666666666667
0 0.6861979166666666 0.14583333333333334 0.016145833333333335 0.04722222222222222
0 0.8106770833333333 0.11064814814814815 0.027083333333333334 0.050462962962962966
0 0.9549479166666667 0.07268518518518519 0.03307291666666667 0.062037037037037036
0 0.6333333333333333 0.29953703703703705 0.022395833333333334 0.04814814814814815
0 0.9020833333333333 0.0837962962962963 0.032552083333333336 0.053703703703703705
0 0.6190104166666667 0.06898148148148148 0.023177083333333334 0.030555555555555555
0 0.6393229166666666 0.09953703703703703 0.021614583333333333 0.037037037037037035
0 0.4908854166666667 0.08009259259259259 0.0125 0.031018518518518518
0 0.6338541666666667 0.027777777777777776 0.029166666666666667 0.05555555555555555
0 0.9479166666666666 0.02638888888888889 0.03203125 0.044444444444444446
0 0.9778645833333334 0.030555555555555555 0.023697916666666666 0.034722222222222224
0 0.490625 0.03935185185185185 0.059895833333333336 0.04027777777777778
0 0.5986979166666667 0.2759259259259259 0.025520833333333333 0.033796296296296297
