0 0.4817708333333333 0.2902777777777778 0.013802083333333333 0.03611111111111111
0 0.5739583333333333 0.5638888888888889 0.036458333333333336 0.056018518518518516
0 0.98984375 0.6185185185185185 0.029427083333333333 0.03611111111111111
0 0.8057291666666667 0.5726851851851852 0.02734375 0.049074074074074076
0 0.7916666666666666 0.6703703703703704 0.028125 0.040740740740740744
0 0.5645833333333333 0.6064814814814815 0.023697916666666666 0.04814814814814815
0 0.5239583333333333 0.7324074074074074 0.038802083333333334 0.03935185185185185
0 0.6140625 0.6055555555555555 0.023177083333333334 0.04027777777777778
0 0.4895833333333333 0.3972222222222222 0.021614583333333333 0.031018518518518518
0 0.4903645833333333 0.586574074074074 0.035416666666666666 0.07037037037037037
0 0.4705729166666667 0.48518518518518516 0.016145833333333335 0.04212962962962963
0 0.48072916666666665 0.2800925925925926 0.0203125 0.037037037037037035
0 0.4395833333333333 0.2828703703703704 0.03515625 0.050462962962962966
0 0.46380208333333334 0.33935185185185185 0.018229166666666668 0.037037037037037035
0 0.49270833333333336 0.2763888888888889 0.013802083333333333 0.03333333333333333
0 0.45364583333333336 0.3421296296296296 0.021875 0.033796296296296297
0 0.48489583333333336 0.5337962962962963 0.022395833333333334 0.059722222222222225
0 0.3109375 0.21805555555555556 0.024739583333333332 0.053703703703703705
0 0.5276041666666667 0.337037037037037 0.018489583333333334 0.037037037037037035
0 0.6359375 0.30694444444444446 0.062239583333333334 0.07777777777777778
0 0.9143229166666667 0.26435185185185184 0.01640625 0.03611111111111111
0 0.3776041666666667 0.1486111111111111 0.039322916666666666 0.1361111111111111
0 0.3776041666666667 0.16064814814814815 0.02265625 0.03796296296296296
0 0.6151041666666667 0.33194444444444443 0.016927083333333332 0.03981481481481482
0 0.6611979166666667 0.28055555555555556 0.029947916666666668 0.03796296296296296
0 0.9244791666666666 0.20092592592592592 0.020572916666666666 0.03333333333333333
0 0.9065104166666667 0.24212962962962964 0.021614583333333333 0.02824074074074074
0 0.55859375 0.14212962962962963 0.020572916666666666 0.03935185185185185
0 0.44453125 0.16111111111111112 0.017447916666666667 0.043055555555555555
0 0.48385416666666664 0.15694444444444444 0.020833333333333332 0.03611111111111111
0 0.48125 0.1300925925925926 0.06875 0.06851851851851852
0 0.6403645833333333 0.09722222222222222 0.04895833333333333 0.09907407407407408
0 0.6588541666666666 0.11898148148148148 0.016145833333333335 0.04722222222222222
0 0.8302083333333333 0.0912037037037037 0.029947916666666668 0.05555555555555555
0 0.95625 0.0712962962962963 0.03307291666666667 0.062037037037037036
0 0.6346354166666667 0.30277777777777776 0.017447916666666667 0.0375
0 0.9028645833333333 0.08425925925925926 0.032552083333333336 0.053703703703703705
0 0.6184895833333334 0.08518518518518518 0.022135416666666668 0.029166666666666667
0 0.63828125 0.09861111111111111 0.021614583333333333 0.037037037037037035
0 0.4713541666666667 0.08194444444444444 0.017447916666666667 0.027777777777777776
0 0.63671875 0.016666666666666666 0.029166666666666667 0.05555555555555555
0 0.9526041666666667 0.024074074074074074 0.03515625 0.049074074074074076
0 0.9778645833333334 0.03148148148148148 0.026041666666666668 0.038425925925925926
0 0.4713541666666667 0.044444444444444446 0.06276041666666667 0.04212962962962963
0 0.6072916666666667 0.2125 0.02421875 0.03194444444444444
0 0.5411458333333333 0.5087962962962963 0.03723958333333333 0.05138888888888889
