0 0.47552083333333334 0.28703703703703703 0.013802083333333333 0.03611111111111111
0 0.5703125 0.5652777777777778 0.03463541666666667 0.05324074074074074
0 0.9979166666666667 0.6212962962962963 0.029427083333333333 0.03611111111111111
0 0.8026041666666667 0.5685185185185185 0.02734375 0.049074074074074076
0 0.7955729166666666 0.6652777777777777 0.028125 0.040740740740740744
0 0.5557291666666667 0.6055555555555555 0.025 0.050462962962962966
0 0.5239583333333333 0.7324074074074074 0.038802083333333334 0.03935185185185185
0 0.609375 0.5935185185185186 0.02421875 0.04212962962962963
0 0.484375 0.39305555555555555 0.021614583333333333 0.031018518518518518
0 0.49322916666666666 0.5944444444444444 0.0421875 0.07407407407407407
0 0.4700520833333333 0.4861111111111111 0.014583333333333334 0.038425925925925926
0 0.4783854166666667 0.27361111111111114 0.021354166666666667 0.03888888888888889
0 0.43255208333333334 0.2912037037037037 0.03515625 0.050462962962962966
0 0.4635416666666667 0.33564814814814814 0.014322916666666666 0.030555555555555555
0 0.49296875 0.27685185185185185 0.012760416666666666 0.03009259259259259
0 0.4557291666666667 0.3375 0.021875 0.033796296296296297
0 0.4861979166666667 0.5430555555555555 0.022395833333333334 0.059722222222222225
0 0.3151041666666667 0.19675925925925927 0.02734375 0.05925925925925926
0 0.5263020833333333 0.33194444444444443 0.017447916666666667 0.03564814814814815
0 0.6364583333333333 0.30833333333333335 0.062239583333333334 0.07777777777777778
0 0.9088541666666666 0.26157407407407407 0.01640625 0.03611111111111111
0 0.37552083333333336 0.13935185185185187 0.04140625 0.14305555555555555
0 0.375 0.15138888888888888 0.021614583333333333 0.03611111111111111
0 0.6153645833333333 0.33194444444444443 0.016927083333333332 0.03981481481481482
0 0.6606770833333333 0.2828703703703704 0.031510416666666666 0.03981481481481482
0 0.91484375 0.19675925925925927 0.020572916666666666 0.03333333333333333
0 0.9072916666666667 0.24305555555555555 0.021614583333333333 0.02824074074074074
0 0.56484375 0.13796296296296295 0.020572916666666666 0.03935185185185185
0 0.4421875 0.16157407407407406 0.015885416666666666 0.03888888888888889
0 0.4791666666666667 0.16111111111111112 0.020833333333333332 0.03611111111111111
0 0.47552083333333334 0.13287037037037036 0.06588541666666667 0.062037037037037036
0 0.63984375 0.09583333333333334 0.04895833333333333 0.09907407407407408
0 0.6528645833333333 0.11342592592592593 0.015364583333333333 0.04490740740740741
0 0.8380208333333333 0.08981481481481482 0.029947916666666668 0.05555555555555555
0 0.9588541666666667 0.07037037037037037 0.03307291666666667 0.062037037037037036
0 0.6359375 0.30462962962962964 0.017447916666666667 0.0375
0 0.9036458333333334 0.08518518518518518 0.032552083333333336 0.053703703703703705
0 0.6140625 0.08842592592592592 0.022135416666666668 0.029166666666666667
0 0.6385416666666667 0.09583333333333334 0.021614583333333333 0.037037037037037035
0 0.46510416666666665 0.07962962962962963 0.017447916666666667 0.027777777777777776
0 0.6364583333333333 0.01990740740740741 0.029166666666666667 0.05555555555555555
0 0.9518229166666666 0.02546296296296296 0.03697916666666667 0.05138888888888889
0 0.9783854166666667 0.031018518518518518 0.026041666666666668 0.038425925925925926
0 0.46536458333333336 0.04351851851851852 0.06276041666666667 0.04212962962962963
0 0.6111979166666667 0.20462962962962963 0.02421875 0.03194444444444444
0 0.5416666666666666 0.5055555555555555 0.027604166666666666 0.05138888888888889
