0 0.40677083333333336 0.3148148148148148 0.015885416666666666 0.041666666666666664
0 0.5575520833333333 0.6347222222222222 0.036458333333333336 0.056018518518518516
0 0.778125 0.5717592592592593 0.030208333333333334 0.05416666666666667
0 0.80703125 0.6157407407407407 0.0359375 0.05185185185185185
0 0.5302083333333333 0.6444444444444445 0.021614583333333333 0.04351851851851852
0 0.4986979166666667 0.7462962962962963 0.03567708333333333 0.038425925925925926
0 0.5645833333333333 0.49074074074074076 0.0359375 0.0625
0 0.4466145833333333 0.5 0.031510416666666666 0.06018518518518518
0 0.4401041666666667 0.5666666666666667 0.01953125 0.03611111111111111
0 0.43854166666666666 0.32407407407407407 0.02265625 0.03888888888888889
0 0.375 0.43472222222222223 0.03307291666666667 0.04861111111111111
0 0.4401041666666667 0.4115740740740741 0.015885416666666666 0.033796296296296297
0 0.4903645833333333 0.3347222222222222 0.03046875 0.0375
0 0.42265625 0.4726851851851852 0.028125 0.05324074074074074
0 0.5130208333333334 0.4462962962962963 0.02734375 0.055092592592592596
0 0.6213541666666667 0.3731481481481482 0.07213541666666666 0.06666666666666667
0 0.8486979166666667 0.30648148148148147 0.01640625 0.03611111111111111
0 0.3424479166666667 0.11435185185185186 0.08567708333333333 0.07962962962962963
0 0.5950520833333334 0.3699074074074074 0.020572916666666666 0.03935185185185185
0 0.8572916666666667 0.27037037037037037 0.01953125 0.03194444444444444
0 0.9151041666666667 0.30185185185185187 0.025 0.032407407407407406
0 0.6705729166666666 0.18472222222222223 0.02265625 0.04351851851851852
0 0.39036458333333335 0.23981481481481481 0.016666666666666666 0.040740740740740744
0 0.42239583333333336 0.24212962962962964 0.022135416666666668 0.03796296296296296
0 0.42083333333333334 0.21296296296296297 0.06927083333333334 0.06527777777777778
0 0.6171875 0.13796296296296295 0.04895833333333333 0.09907407407407408
0 0.89453125 0.07685185185185185 0.02578125 0.04814814814814815
0 0.9580729166666667 0.09675925925925925 0.032552083333333336 0.05138888888888889
0 0.9010416666666666 0.12777777777777777 0.032552083333333336 0.053703703703703705
0 0.5653645833333333 0.13240740740740742 0.032552083333333336 0.06527777777777778
0 0.43385416666666665 0.15694444444444444 0.02109375 0.033796296296296297
0 0.6208333333333333 0.058333333333333334 0.06015625 0.060648148148148145
0 0.96328125 0.03564814814814815 0.025 0.027777777777777776
0 0.9809895833333333 0.07222222222222222 0.02890625 0.04212962962962963
0 0.4328125 0.11944444444444445 0.06588541666666667 0.05277777777777778
0 0.5609375 0.324537037037037 0.023177083333333334 0.030555555555555555
0 0.5046875 0.5152777777777777 0.025 0.04675925925925926
0 0.5927083333333333 0.15324074074074073 0.03411458333333333 0.0412037037037037
0 0.4786458333333333 0.6060185185185185 0.024739583333333332 0.044444444444444446
0 0.47317708333333336 0.6606481481481481 0.03958333333333333 0.06620370370370371
0 0.6182291666666667 0.05555555555555555 0.02578125 0.03564814814814815
0 0.3692708333333333 0.2513888888888889 0.01875 0.026851851851851852
0 0.6177083333333333 0.18611111111111112 0.024479166666666666 0.03333333333333333
0 0.33229166666666665 0.10092592592592593 0.022135416666666668 0.04351851851851852
0 0.6651041666666667 0.3476851851851852 0.023697916666666666 0.05555555555555555
0 0.6216145833333333 0.3939814814814815 0.01953125 0.031018518518518518
