0 0.5015625 0.3449074074074074 0.016145833333333335 0.041666666666666664
0 0.58984375 0.5703703703703704 0.03463541666666667 0.05324074074074074
0 0.9736979166666667 0.5967592592592592 0.028125 0.03425925925925926
0 0.9880208333333333 0.6101851851851852 0.023177083333333334 0.05648148148148148
0 0.8169270833333333 0.5916666666666667 0.029947916666666668 0.05416666666666667
0 0.7783854166666667 0.6620370370370371 0.028125 0.040740740740740744
0 0.5916666666666667 0.6217592592592592 0.025 0.050462962962962966
0 0.52734375 0.7458333333333333 0.017708333333333333 0.0412037037037037
0 0.6236979166666666 0.6268518518518519 0.023177083333333334 0.04027777777777778
0 0.5036458333333333 0.4152777777777778 0.02265625 0.03287037037037037
0 0.4890625 0.5694444444444444 0.027083333333333334 0.03796296296296296
0 0.47760416666666666 0.5009259259259259 0.025260416666666667 0.04212962962962963
0 0.4739583333333333 0.337037037037037 0.0203125 0.037037037037037035
0 0.46901041666666665 0.2861111111111111 0.03177083333333333 0.04583333333333333
0 0.4596354166666667 0.362962962962963 0.01640625 0.033796296296296297
0 0.4953125 0.32916666666666666 0.015364583333333333 0.03657407407407407
0 0.45390625 0.3439814814814815 0.021875 0.033796296296296297
0 0.5541666666666667 0.5101851851851852 0.041666666666666664 0.07175925925925926
0 0.49322916666666666 0.5097222222222222 0.021354166666666667 0.03564814814814815
0 0.2828125 0.3143518518518518 0.022395833333333334 0.04861111111111111
0 0.5361979166666667 0.3347222222222222 0.0203125 0.0412037037037037
0 0.6276041666666666 0.29907407407407405 0.06536458333333334 0.08148148148148149
0 0.9346354166666667 0.2537037037037037 0.01640625 0.03611111111111111
0 0.43020833333333336 0.22083333333333333 0.06770833333333333 0.0824074074074074
0 0.42994791666666665 0.22777777777777777 0.026041666666666668 0.04398148148148148
0 0.6138020833333333 0.32314814814814813 0.016927083333333332 0.03981481481481482
0 0.6565104166666667 0.2662037037037037 0.028645833333333332 0.03611111111111111
0 0.9466145833333334 0.19166666666666668 0.020572916666666666 0.03333333333333333
0 0.9203125 0.2337962962962963 0.021614583333333333 0.02824074074074074
0 0.5546875 0.17037037037037037 0.020572916666666666 0.03935185185185185
0 0.4513020833333333 0.1648148148148148 0.018489583333333334 0.04490740740740741
0 0.5075520833333333 0.1476851851851852 0.020833333333333332 0.03611111111111111
0 0.5041666666666667 0.12037037037037036 0.06536458333333334 0.06527777777777778
0 0.6440104166666667 0.09074074074074075 0.04895833333333333 0.09907407407407408
0 0.6984375 0.13564814814814816 0.0421875 0.06574074074074074
0 0.7984375 0.11435185185185186 0.027083333333333334 0.050462962962962966
0 0.9471354166666667 0.08101851851851852 0.03307291666666667 0.062037037037037036
0 0.6322916666666667 0.29398148148148145 0.022395833333333334 0.04814814814814815
0 0.90390625 0.08009259259259259 0.032552083333333336 0.053703703703703705
0 0.6153645833333333 0.060648148148148145 0.024479166666666666 0.03194444444444444
0 0.6390625 0.09768518518518518 0.021614583333333333 0.037037037037037035
0 0.4942708333333333 0.08287037037037037 0.013541666666666667 0.033796296296296297
0 0.6348958333333333 0.019444444444444445 0.029166666666666667 0.05555555555555555
0 0.9479166666666666 0.024537037037037038 0.03203125 0.044444444444444446
0 0.97578125 0.024074074074074074 0.023697916666666666 0.034722222222222224
0 0.49765625 0.03333333333333333 0.059895833333333336 0.04027777777777778
0 0.6010416666666667 0.2824074074074074 0.025520833333333333 0.033796296296296297
