0 0.4354166666666667 0.26944444444444443 0.014322916666666666 0.03796296296296296
0 0.5549479166666667 0.5842592592592593 0.031510416666666666 0.04814814814814815
0 0.79453125 0.5722222222222222 0.028645833333333332 0.05138888888888889
0 0.8229166666666666 0.6189814814814815 0.029427083333333333 0.04259259259259259
0 0.5309895833333333 0.5967592592592592 0.01953125 0.03935185185185185
0 0.5145833333333333 0.7388888888888889 0.030729166666666665 0.03333333333333333
0 0.5791666666666667 0.5092592592592593 0.030989583333333334 0.05416666666666667
0 0.4591145833333333 0.43425925925925923 0.026302083333333334 0.04953703703703704
0 0.4505208333333333 0.5319444444444444 0.020572916666666666 0.03796296296296296
0 0.4479166666666667 0.2800925925925926 0.02265625 0.03888888888888889
0 0.3932291666666667 0.3763888888888889 0.033854166666666664 0.06018518518518518
0 0.4518229166666667 0.3699074074074074 0.015104166666666667 0.03194444444444444
0 0.49453125 0.31157407407407406 0.011458333333333333 0.027314814814814816
0 0.43203125 0.42592592592592593 0.02421875 0.046296296296296294
0 0.35208333333333336 0.12453703703703704 0.022395833333333334 0.040740740740740744
0 0.51875 0.3939814814814815 0.0234375 0.047685185185185185
0 0.6364583333333333 0.33611111111111114 0.062239583333333334 0.05740740740740741
0 0.8729166666666667 0.26805555555555555 0.01640625 0.03611111111111111
0 0.3671875 0.12916666666666668 0.0703125 0.0763888888888889
0 0.6151041666666667 0.33796296296296297 0.01953125 0.0375
0 0.65234375 0.3282407407407407 0.0328125 0.029166666666666667
0 0.8713541666666667 0.2324074074074074 0.01953125 0.03194444444444444
0 0.9171875 0.2671296296296296 0.025 0.032407407407407406
0 0.6356770833333333 0.16620370370370371 0.02265625 0.04351851851851852
0 0.4158854166666667 0.21296296296296297 0.015104166666666667 0.037037037037037035
0 0.4401041666666667 0.2101851851851852 0.025520833333333333 0.04398148148148148
0 0.4388020833333333 0.18287037037037038 0.06588541666666667 0.062037037037037036
0 0.62578125 0.08472222222222223 0.05130208333333333 0.10416666666666667
0 0.8830729166666667 0.08055555555555556 0.027083333333333334 0.050462962962962966
0 0.959375 0.075 0.032552083333333336 0.05138888888888889
0 0.6315104166666666 0.3398148148148148 0.020572916666666666 0.05092592592592592
0 0.90234375 0.1037037037037037 0.032552083333333336 0.053703703703703705
0 0.5768229166666666 0.10601851851851851 0.030989583333333334 0.062037037037037036
0 0.44453125 0.11342592592592593 0.017447916666666667 0.027777777777777776
0 0.6348958333333333 0.0412037037037037 0.057291666666666664 0.05787037037037037
0 0.9619791666666667 0.016203703703703703 0.026302083333333334 0.029166666666666667
0 0.9828125 0.04722222222222222 0.02890625 0.04212962962962963
0 0.44192708333333336 0.08425925925925926 0.06276041666666667 0.050462962962962966
0 0.5846354166666666 0.3 0.02421875 0.03194444444444444
0 0.5244791666666667 0.5032407407407408 0.023958333333333335 0.044444444444444446
0 0.609375 0.11388888888888889 0.017708333333333333 0.03935185185185185
0 0.49322916666666666 0.5805555555555556 0.021354166666666667 0.038425925925925926
0 0.496875 0.6240740740740741 0.030989583333333334 0.05185185185185185
0 0.6296875 0.04027777777777778 0.02578125 0.03564814814814815
0 0.37447916666666664 0.20694444444444443 0.0171875 0.024074074074074074
0 0.64375 0.10833333333333334 0.024479166666666666 0.03333333333333333
