0 0.39947916666666666 0.32685185185185184 0.016666666666666666 0.04398148148148148
0 0.5591145833333333 0.65 0.03463541666666667 0.05324074074074074
0 0.7677083333333333 0.5597222222222222 0.030208333333333334 0.05416666666666667
0 0.8041666666666667 0.6273148148148148 0.03958333333333333 0.05740740740740741
0 0.5356770833333333 0.675 0.02265625 0.04583333333333333
0 0.4942708333333333 0.7675925925925926 0.03567708333333333 0.038425925925925926
0 0.5614583333333333 0.4925925925925926 0.0359375 0.0625
0 0.45026041666666666 0.5361111111111111 0.031510416666666666 0.06018518518518518
0 0.4388020833333333 0.5819444444444445 0.018489583333333334 0.034722222222222224
0 0.42552083333333335 0.3425925925925926 0.02265625 0.03888888888888889
0 0.3690104166666667 0.44814814814814813 0.031510416666666666 0.046296296296296294
0 0.43515625 0.43194444444444446 0.013541666666666667 0.029166666666666667
0 0.48984375 0.34074074074074073 0.02890625 0.03564814814814815
0 0.4200520833333333 0.5032407407407408 0.028125 0.05324074074074074
0 0.51484375 0.4597222222222222 0.02734375 0.055092592592592596
0 0.6236979166666666 0.3736111111111111 0.07213541666666666 0.06666666666666667
0 0.83515625 0.31805555555555554 0.01640625 0.03611111111111111
0 0.3341145833333333 0.09305555555555556 0.08151041666666667 0.07592592592592592
0 0.8447916666666667 0.2777777777777778 0.01875 0.03009259259259259
0 0.9127604166666666 0.3199074074074074 0.025 0.032407407407407406
0 0.68671875 0.1912037037037037 0.02265625 0.04351851851851852
0 0.3802083333333333 0.24814814814814815 0.016666666666666666 0.040740740740740744
0 0.4161458333333333 0.2587962962962963 0.02421875 0.04212962962962963
0 0.4153645833333333 0.22685185185185186 0.06927083333333334 0.06527777777777778
0 0.6033854166666667 0.15046296296296297 0.053385416666666664 0.09907407407407408
0 0.90234375 0.08564814814814815 0.02578125 0.04814814814814815
0 0.9572916666666667 0.10694444444444444 0.032552083333333336 0.05138888888888889
0 0.9005208333333333 0.13703703703703704 0.032552083333333336 0.053703703703703705
0 0.5625 0.1375 0.03411458333333333 0.06851851851851852
0 0.42942708333333335 0.16574074074074074 0.023177083333333334 0.037037037037037035
0 0.6174479166666667 0.06574074074074074 0.06640625 0.06712962962962964
0 0.9653645833333333 0.05740740740740741 0.02265625 0.025
0 0.9822916666666667 0.08148148148148149 0.02890625 0.04212962962962963
0 0.42864583333333334 0.1300925925925926 0.06588541666666667 0.05277777777777778
0 0.5572916666666666 0.3337962962962963 0.025520833333333333 0.033796296296296297
0 0.4947916666666667 0.5208333333333334 0.023697916666666666 0.044444444444444446
0 0.58984375 0.16435185185185186 0.032552083333333336 0.03935185185185185
0 0.47760416666666666 0.6111111111111112 0.024739583333333332 0.044444444444444446
0 0.4635416666666667 0.6763888888888889 0.04348958333333333 0.07314814814814814
0 0.6138020833333333 0.06296296296296296 0.02578125 0.03564814814814815
0 0.3651041666666667 0.2740740740740741 0.019791666666666666 0.02824074074074074
0 0.6161458333333333 0.2023148148148148 0.0234375 0.03194444444444444
0 0.32421875 0.07777777777777778 0.023177083333333334 0.04583333333333333
0 0.6653645833333334 0.3574074074074074 0.02265625 0.05277777777777778
0 0.6184895833333334 0.40046296296296297 0.01953125 0.031018518518518518
0 0.5825520833333333 0.42083333333333334 0.02734375 0.038425925925925926
