0 0.5052083333333334 0.3509259259259259 0.016145833333333335 0.041666666666666664
0 0.5942708333333333 0.5675925925925925 0.036458333333333336 0.056018518518518516
0 0.97265625 0.5925925925925926 0.028125 0.03425925925925926
0 0.9880208333333333 0.600462962962963 0.023177083333333334 0.05648148148148148
0 0.8190104166666666 0.5986111111111111 0.029947916666666668 0.05416666666666667
0 0.77578125 0.6648148148148149 0.028125 0.040740740740740744
0 0.5921875 0.6310185185185185 0.025 0.050462962962962966
0 0.5276041666666667 0.7472222222222222 0.018489583333333334 0.043055555555555555
0 0.6221354166666667 0.6319444444444444 0.023177083333333334 0.04027777777777778
0 0.5046875 0.41805555555555557 0.02265625 0.03287037037037037
0 0.4890625 0.5810185185185185 0.02578125 0.03611111111111111
0 0.47708333333333336 0.5032407407407408 0.025260416666666667 0.04212962962962963
0 0.47578125 0.3486111111111111 0.0203125 0.037037037037037035
0 0.471875 0.2912037037037037 0.030208333333333334 0.04351851851851852
0 0.459375 0.3699074074074074 0.01640625 0.033796296296296297
0 0.49661458333333336 0.33796296296296297 0.016927083333333332 0.04027777777777778
0 0.45208333333333334 0.3458333333333333 0.021875 0.033796296296296297
0 0.55625 0.5097222222222222 0.041666666666666664 0.07175925925925926
0 0.4947916666666667 0.5157407407407407 0.021354166666666667 0.03564814814814815
0 0.2796875 0.30925925925925923 0.023697916666666666 0.05138888888888889
0 0.5385416666666667 0.3337962962962963 0.0203125 0.0412037037037037
0 0.6283854166666667 0.29259259259259257 0.06536458333333334 0.08148148148148149
0 0.9354166666666667 0.24953703703703703 0.01640625 0.03611111111111111
0 0.43802083333333336 0.23564814814814813 0.06770833333333333 0.0824074074074074
0 0.44817708333333334 0.24583333333333332 0.026041666666666668 0.04398148148148148
0 0.61328125 0.32314814814814813 0.016927083333333332 0.03981481481481482
0 0.6559895833333333 0.26342592592592595 0.02734375 0.03425925925925926
0 0.94921875 0.18935185185185185 0.020572916666666666 0.03333333333333333
0 0.9255208333333333 0.2300925925925926 0.021614583333333333 0.02824074074074074
0 0.5565104166666667 0.17175925925925925 0.020572916666666666 0.03935185185185185
0 0.4557291666666667 0.16435185185185186 0.017447916666666667 0.043055555555555555
0 0.5127604166666667 0.14675925925925926 0.020833333333333332 0.03611111111111111
0 0.509375 0.12037037037037036 0.06536458333333334 0.06527777777777778
0 0.6421875 0.09768518518518518 0.04895833333333333 0.09907407407407408
0 0.7 0.13518518518518519 0.03828125 0.059722222222222225
0 0.7942708333333334 0.1125 0.027083333333333334 0.050462962962962966
0 0.94296875 0.08564814814814815 0.029947916666666668 0.05648148148148148
0 0.6325520833333333 0.2884259259259259 0.022395833333333334 0.04814814814814815
0 0.9036458333333334 0.08101851851851852 0.032552083333333336 0.053703703703703705
0 0.6140625 0.0587962962962963 0.024479166666666666 0.03194444444444444
0 0.63828125 0.10046296296296296 0.021614583333333333 0.037037037037037035
0 0.49661458333333336 0.0875 0.013541666666666667 0.033796296296296297
0 0.6341145833333334 0.01990740740740741 0.029166666666666667 0.05555555555555555
0 0.9458333333333333 0.025 0.03203125 0.044444444444444446
0 0.9736979166666667 0.025925925925925925 0.025 0.03657407407407407
0 0.5026041666666666 0.02962962962962963 0.059895833333333336 0.04027777777777778
0 0.60625 0.28379629629629627 0.02421875 0.03194444444444444
