0 0.4479166666666667 0.262037037037037 0.014583333333333334 0.03796296296296296
0 0.5575520833333333 0.5675925925925925 0.031510416666666666 0.04814814814814815
0 0.7994791666666666 0.5509259259259259 0.02734375 0.049074074074074076
0 0.8234375 0.6296296296296297 0.029427083333333333 0.04259259259259259
0 0.5330729166666667 0.5921296296296297 0.025 0.050462962962962966
0 0.5197916666666667 0.736574074074074 0.027864583333333335 0.03009259259259259
0 0.59453125 0.5351851851851852 0.0296875 0.05138888888888889
0 0.46770833333333334 0.4050925925925926 0.025 0.03611111111111111
0 0.4591145833333333 0.5037037037037037 0.012760416666666666 0.03287037037037037
0 0.465625 0.25833333333333336 0.021614583333333333 0.037037037037037035
0 0.4002604166666667 0.3476851851851852 0.0265625 0.04722222222222222
0 0.46041666666666664 0.34629629629629627 0.014322916666666666 0.030555555555555555
0 0.49557291666666664 0.28425925925925927 0.011979166666666667 0.028703703703703703
0 0.44088541666666664 0.36203703703703705 0.020052083333333335 0.0412037037037037
0 0.36171875 0.12638888888888888 0.03515625 0.040740740740740744
0 0.52578125 0.35324074074074074 0.018489583333333334 0.037037037037037035
0 0.6338541666666667 0.3189814814814815 0.06875 0.06342592592592593
0 0.8848958333333333 0.2462962962962963 0.015625 0.03425925925925926
0 0.37994791666666666 0.12685185185185185 0.05 0.12824074074074074
0 0.615625 0.3347222222222222 0.016145833333333335 0.03796296296296296
0 0.65390625 0.31342592592592594 0.0296875 0.02638888888888889
0 0.88046875 0.2101851851851852 0.01875 0.03009259259259259
0 0.9049479166666666 0.23981481481481481 0.02265625 0.02962962962962963
0 0.61171875 0.15324074074074073 0.02265625 0.04351851851851852
0 0.42916666666666664 0.18935185185185185 0.015885416666666666 0.03888888888888889
0 0.45208333333333334 0.18796296296296297 0.026822916666666665 0.046296296296296294
0 0.4505208333333333 0.1537037037037037 0.06588541666666667 0.062037037037037036
0 0.6315104166666666 0.0875 0.04895833333333333 0.09907407407407408
0 0.8703125 0.08009259259259259 0.027083333333333334 0.050462962962962966
0 0.9578125 0.05740740740740741 0.032552083333333336 0.05138888888888889
0 0.6390625 0.3106481481481482 0.01953125 0.04861111111111111
0 0.9028645833333333 0.08888888888888889 0.032552083333333336 0.053703703703703705
0 0.5856770833333333 0.0912037037037037 0.029427083333333333 0.0587962962962963
0 0.6333333333333333 0.07962962962962963 0.021614583333333333 0.037037037037037035
0 0.4557291666666667 0.0962962962962963 0.017447916666666667 0.027777777777777776
0 0.6356770833333333 0.02546296296296296 0.047135416666666666 0.047685185185185185
0 0.965625 0.013888888888888888 0.026302083333333334 0.023148148148148147
0 0.9815104166666667 0.030555555555555555 0.026041666666666668 0.038425925925925926
0 0.44921875 0.06574074074074074 0.06276041666666667 0.04212962962962963
0 0.60546875 0.29212962962962963 0.023177083333333334 0.030555555555555555
0 0.53984375 0.49722222222222223 0.023958333333333335 0.044444444444444446
0 0.6135416666666667 0.11666666666666667 0.017708333333333333 0.03935185185185185
0 0.490625 0.5615740740740741 0.028125 0.059722222222222225
0 0.50859375 0.6194444444444445 0.030989583333333334 0.05185185185185185
0 0.63828125 0.022222222222222223 0.019010416666666665 0.030555555555555555
0 0.38177083333333334 0.16435185185185186 0.01796875 0.02546296296296296
