0 0.48072916666666665 0.28703703703703703 0.013802083333333333 0.03611111111111111
0 0.5734375 0.5648148148148148 0.036458333333333336 0.056018518518518516
0 0.9919270833333333 0.6194444444444445 0.029427083333333333 0.03611111111111111
0 0.8049479166666667 0.5708333333333333 0.02734375 0.049074074074074076
0 0.7924479166666667 0.6689814814814815 0.028125 0.040740740740740744
0 0.5619791666666667 0.6064814814814815 0.025 0.050462962962962966
0 0.5236979166666667 0.7319444444444444 0.038802083333333334 0.03935185185185185
0 0.6145833333333334 0.6027777777777777 0.02421875 0.04212962962962963
0 0.48828125 0.39814814814814814 0.021614583333333333 0.031018518518518518
0 0.49140625 0.5916666666666667 0.03723958333333333 0.07407407407407407
0 0.4703125 0.4861111111111111 0.015364583333333333 0.04027777777777778
0 0.4796875 0.27546296296296297 0.0203125 0.037037037037037035
0 0.43723958333333335 0.2851851851851852 0.03515625 0.050462962962962966
0 0.46432291666666664 0.3384259259259259 0.018229166666666668 0.037037037037037035
0 0.4934895833333333 0.27546296296296297 0.013802083333333333 0.03333333333333333
0 0.45364583333333336 0.3402777777777778 0.021875 0.033796296296296297
0 0.48489583333333336 0.5370370370370371 0.022395833333333334 0.059722222222222225
0 0.3125 0.2125 0.024739583333333332 0.053703703703703705
0 0.5276041666666667 0.337037037037037 0.018489583333333334 0.037037037037037035
0 0.63671875 0.30694444444444446 0.062239583333333334 0.07777777777777778
0 0.9122395833333333 0.26342592592592595 0.01640625 0.03611111111111111
0 0.37734375 0.14537037037037037 0.04140625 0.14305555555555555
0 0.37734375 0.15833333333333333 0.021614583333333333 0.03611111111111111
0 0.6151041666666667 0.33240740740740743 0.016927083333333332 0.03981481481481482
0 0.6606770833333333 0.2810185185185185 0.029947916666666668 0.03796296296296296
0 0.9205729166666666 0.19953703703703704 0.020572916666666666 0.03333333333333333
0 0.9067708333333333 0.24259259259259258 0.021614583333333333 0.02824074074074074
0 0.56015625 0.14074074074074075 0.020572916666666666 0.03935185185185185
0 0.44479166666666664 0.1625 0.016666666666666666 0.040740740740740744
0 0.48359375 0.15648148148148147 0.020833333333333332 0.03611111111111111
0 0.47994791666666664 0.1310185185185185 0.06875 0.06851851851851852
0 0.6401041666666667 0.09722222222222222 0.04895833333333333 0.09907407407407408
0 0.6578125 0.11666666666666667 0.015364583333333333 0.04490740740740741
0 0.8317708333333333 0.09027777777777778 0.029947916666666668 0.05555555555555555
0 0.9583333333333334 0.0699074074074074 0.03307291666666667 0.062037037037037036
0 0.6346354166666667 0.3037037037037037 0.017447916666666667 0.0375
0 0.9026041666666667 0.08333333333333333 0.032552083333333336 0.053703703703703705
0 0.6171875 0.0875 0.022135416666666668 0.029166666666666667
0 0.6361979166666667 0.09861111111111111 0.021614583333333333 0.037037037037037035
0 0.4700520833333333 0.08101851851851852 0.017447916666666667 0.027777777777777776
0 0.6364583333333333 0.017592592592592594 0.029166666666666667 0.05555555555555555
0 0.9515625 0.025 0.03697916666666667 0.05138888888888889
0 0.978125 0.03194444444444444 0.026041666666666668 0.038425925925925926
0 0.46953125 0.04398148148148148 0.06276041666666667 0.04212962962962963
0 0.6080729166666666 0.20833333333333334 0.02421875 0.03194444444444444
0 0.5466145833333333 0.5078703703703704 0.027604166666666666 0.05138888888888889
