0 0.39609375 0.3578703703703704 0.015104166666666667 0.03981481481481482
0 0.5643229166666667 0.6699074074074074 0.04010416666666667 0.06157407407407407
0 0.76015625 0.5439814814814815 0.030208333333333334 0.05416666666666667
0 0.8033854166666666 0.6398148148148148 0.041666666666666664 0.06018518518518518
0 0.5421875 0.7134259259259259 0.02265625 0.04583333333333333
0 0.5059895833333333 0.7777777777777778 0.033854166666666664 0.03657407407407407
0 0.5565104166666667 0.4740740740740741 0.025260416666666667 0.05324074074074074
0 0.43333333333333335 0.5796296296296296 0.018229166666666668 0.03981481481481482
0 0.43802083333333336 0.612037037037037 0.01953125 0.03611111111111111
0 0.41119791666666666 0.3675925925925926 0.021614583333333333 0.037037037037037035
0 0.3572916666666667 0.4699074074074074 0.031510416666666666 0.046296296296296294
0 0.43046875 0.4638888888888889 0.0125 0.02638888888888889
0 0.48203125 0.3537037037037037 0.026302083333333334 0.032407407407407406
0 0.415625 0.5328703703703703 0.01796875 0.04027777777777778
0 0.5130208333333334 0.4597222222222222 0.022395833333333334 0.04537037037037037
0 0.6278645833333333 0.38425925925925924 0.03984375 0.11851851851851852
0 0.82421875 0.33611111111111114 0.015625 0.03425925925925926
0 0.32760416666666664 0.07777777777777778 0.09427083333333333 0.08796296296296297
0 0.8278645833333333 0.29074074074074074 0.01875 0.03009259259259259
0 0.9033854166666667 0.33425925925925926 0.025 0.032407407407407406
0 0.70546875 0.19074074074074074 0.023697916666666666 0.04537037037037037
0 0.37109375 0.25925925925925924 0.015885416666666666 0.03888888888888889
0 0.40546875 0.26805555555555555 0.02421875 0.04212962962962963
0 0.40598958333333335 0.2388888888888889 0.06927083333333334 0.06527777777777778
0 0.5963541666666666 0.16527777777777777 0.053385416666666664 0.09907407407407408
0 0.9106770833333333 0.09212962962962963 0.02578125 0.04814814814814815
0 0.9546875 0.11342592592592593 0.030989583333333334 0.049074074074074076
0 0.9 0.14953703703703702 0.032552083333333336 0.053703703703703705
0 0.5552083333333333 0.15555555555555556 0.029427083333333333 0.05925925925925926
0 0.42421875 0.19166666666666668 0.023177083333333334 0.037037037037037035
0 0.6119791666666666 0.0763888888888889 0.06328125 0.06388888888888888
0 0.96640625 0.06944444444444445 0.02265625 0.025
0 0.9783854166666667 0.09444444444444444 0.02890625 0.04212962962962963
0 0.4234375 0.13842592592592592 0.06588541666666667 0.05277777777777778
0 0.54765625 0.3388888888888889 0.02421875 0.03194444444444444
0 0.48854166666666665 0.5398148148148149 0.025 0.04675925925925926
0 0.5830729166666667 0.1787037037037037 0.0359375 0.04351851851851852
0 0.47604166666666664 0.6361111111111111 0.0234375 0.04259259259259259
0 0.44765625 0.6814814814814815 0.025520833333333333 0.04953703703703704
0 0.6083333333333333 0.07222222222222222 0.024479166666666666 0.033796296296296297
0 0.37057291666666664 0.2935185185185185 0.022916666666666665 0.032407407407407406
0 0.6109375 0.23148148148148148 0.021354166666666667 0.029166666666666667
0 0.66875 0.37222222222222223 0.020572916666666666 0.047685185185185185
0 0.628125 0.4 0.017708333333333333 0.02824074074074074
0 0.5796875 0.43194444444444446 0.029947916666666668 0.04675925925925926
0 0.31953125 0.05787037037037037 0.020052083333333335 0.033796296296296297
