0 0.39557291666666666 0.3537037037037037 0.015104166666666667 0.03981481481481482
0 0.5640625 0.6675925925925926 0.04010416666666667 0.06157407407407407
0 0.76171875 0.5453703703703704 0.030208333333333334 0.05416666666666667
0 0.80234375 0.6375 0.041666666666666664 0.06018518518518518
0 0.5416666666666666 0.7092592592592593 0.02265625 0.04583333333333333
0 0.503125 0.7791666666666667 0.033854166666666664 0.03657407407407407
0 0.5580729166666667 0.475462962962963 0.0265625 0.056018518518518516
0 0.43411458333333336 0.5740740740740741 0.019270833333333334 0.041666666666666664
0 0.43802083333333336 0.6138888888888889 0.01953125 0.03611111111111111
0 0.41458333333333336 0.362962962962963 0.021614583333333333 0.037037037037037035
0 0.359375 0.4666666666666667 0.031510416666666666 0.046296296296296294
0 0.4322916666666667 0.462037037037037 0.013020833333333334 0.027777777777777776
0 0.4861979166666667 0.350462962962963 0.025 0.031018518518518518
0 0.41432291666666665 0.5319444444444444 0.01796875 0.04027777777777778
0 0.5135416666666667 0.4638888888888889 0.022395833333333334 0.04537037037037037
0 0.6265625 0.3819444444444444 0.03984375 0.11851851851851852
0 0.82578125 0.3351851851851852 0.01640625 0.03611111111111111
0 0.328125 0.08009259259259259 0.09427083333333333 0.08796296296296297
0 0.8307291666666666 0.2898148148148148 0.01875 0.03009259259259259
0 0.90390625 0.33101851851851855 0.025 0.032407407407407406
0 0.70390625 0.18981481481481483 0.023697916666666666 0.04537037037037037
0 0.3729166666666667 0.2569444444444444 0.015885416666666666 0.03888888888888889
0 0.40651041666666665 0.26805555555555555 0.02421875 0.04212962962962963
0 0.4080729166666667 0.23657407407407408 0.06927083333333334 0.06527777777777778
0 0.5971354166666667 0.1648148148148148 0.053385416666666664 0.09907407407407408
0 0.9098958333333333 0.09305555555555556 0.02578125 0.04814814814814815
0 0.9567708333333333 0.11296296296296296 0.030989583333333334 0.049074074074074076
0 0.8997395833333334 0.14953703703703702 0.032552083333333336 0.053703703703703705
0 0.5578125 0.15231481481481482 0.030989583333333334 0.062037037037037036
0 0.4244791666666667 0.18888888888888888 0.024479166666666666 0.03888888888888889
0 0.6125 0.075 0.06328125 0.06388888888888888
0 0.9651041666666667 0.06805555555555555 0.021614583333333333 0.024074074074074074
0 0.9791666666666666 0.09259259259259259 0.02890625 0.04212962962962963
0 0.4236979166666667 0.13703703703703704 0.06588541666666667 0.05277777777777778
0 0.5513020833333333 0.33611111111111114 0.025520833333333333 0.033796296296296297
0 0.48880208333333336 0.5375 0.023697916666666666 0.044444444444444446
0 0.5838541666666667 0.17685185185185184 0.03411458333333333 0.0412037037037037
0 0.47682291666666665 0.6361111111111111 0.0234375 0.04259259259259259
0 0.4473958333333333 0.6819444444444445 0.02421875 0.04722222222222222
0 0.6088541666666667 0.07083333333333333 0.024479166666666666 0.033796296296296297
0 0.3692708333333333 0.28935185185185186 0.022916666666666665 0.032407407407407406
0 0.6125 0.22592592592592592 0.022395833333333334 0.030555555555555555
0 0.6690104166666667 0.3680555555555556 0.021614583333333333 0.050462962962962966
0 0.6265625 0.3990740740740741 0.017708333333333333 0.02824074074074074
0 0.57890625 0.43194444444444446 0.028385416666666666 0.044444444444444446
0 0.32109375 0.05740740740740741 0.020052083333333335 0.033796296296296297
