0 0.4484375 0.262037037037037 0.014583333333333334 0.03796296296296296
0 0.559375 0.5652777777777778 0.031510416666666666 0.04814814814814815
0 0.796875 0.55 0.02734375 0.049074074074074076
0 0.82265625 0.6328703703703704 0.029427083333333333 0.04259259259259259
0 0.53203125 0.5949074074074074 0.025 0.050462962962962966
0 0.5197916666666667 0.7356481481481482 0.027864583333333335 0.03009259259259259
0 0.5958333333333333 0.538425925925926 0.0296875 0.05138888888888889
0 0.46848958333333335 0.4023148148148148 0.023958333333333335 0.03425925925925926
0 0.46041666666666664 0.5032407407407408 0.012760416666666666 0.03287037037037037
0 0.46848958333333335 0.2601851851851852 0.021614583333333333 0.037037037037037035
0 0.40130208333333334 0.34120370370370373 0.0265625 0.04722222222222222
0 0.46119791666666665 0.3425925925925926 0.014322916666666666 0.030555555555555555
0 0.49453125 0.2847222222222222 0.011979166666666667 0.028703703703703703
0 0.44505208333333335 0.3541666666666667 0.019010416666666665 0.03935185185185185
0 0.36041666666666666 0.1259259259259259 0.03333333333333333 0.03888888888888889
0 0.5239583333333333 0.3486111111111111 0.018489583333333334 0.037037037037037035
0 0.6341145833333334 0.31851851851851853 0.06875 0.06342592592592593
0 0.8848958333333333 0.24537037037037038 0.015625 0.03425925925925926
0 0.37916666666666665 0.1259259259259259 0.05 0.12824074074074074
0 0.6153645833333333 0.33240740740740743 0.016145833333333335 0.03796296296296296
0 0.6546875 0.3106481481481482 0.0296875 0.02638888888888889
0 0.8825520833333333 0.20972222222222223 0.01875 0.03009259259259259
0 0.9026041666666667 0.2388888888888889 0.02265625 0.02962962962962963
0 0.6098958333333333 0.15185185185185185 0.021614583333333333 0.0412037037037037
0 0.4315104166666667 0.1884259259259259 0.015885416666666666 0.03888888888888889
0 0.45338541666666665 0.18611111111111112 0.026822916666666665 0.046296296296296294
0 0.4518229166666667 0.1527777777777778 0.06588541666666667 0.062037037037037036
0 0.63046875 0.09166666666666666 0.04895833333333333 0.09907407407407408
0 0.8684895833333334 0.07962962962962963 0.027083333333333334 0.050462962962962966
0 0.9575520833333333 0.05648148148148148 0.032552083333333336 0.05138888888888889
0 0.6390625 0.30787037037037035 0.01953125 0.04861111111111111
0 0.90234375 0.08796296296296297 0.032552083333333336 0.053703703703703705
0 0.5872395833333334 0.08842592592592592 0.029427083333333333 0.0587962962962963
0 0.6346354166666667 0.07824074074074074 0.021614583333333333 0.037037037037037035
0 0.45625 0.09537037037037037 0.017447916666666667 0.027777777777777776
0 0.6346354166666667 0.025 0.047135416666666666 0.047685185185185185
0 0.9666666666666667 0.0125 0.025 0.022222222222222223
0 0.9794270833333333 0.03194444444444444 0.026041666666666668 0.038425925925925926
0 0.44973958333333336 0.06388888888888888 0.06276041666666667 0.04212962962962963
0 0.6109375 0.2935185185185185 0.023177083333333334 0.030555555555555555
0 0.53984375 0.4976851851851852 0.023958333333333335 0.044444444444444446
0 0.6153645833333333 0.11666666666666667 0.017708333333333333 0.03935185185185185
0 0.48854166666666665 0.5611111111111111 0.028125 0.059722222222222225
0 0.5072916666666667 0.6199074074074075 0.030989583333333334 0.05185185185185185
0 0.6375 0.02175925925925926 0.019010416666666665 0.030555555555555555
0 0.3815104166666667 0.1597222222222222 0.01796875 0.02546296296296296
