0 0.40859375 0.3125 0.015885416666666666 0.041666666666666664
0 0.5567708333333333 0.6310185185185185 0.03828125 0.0587962962962963
0 0.7799479166666666 0.5726851851851852 0.030208333333333334 0.05416666666666667
0 0.8078125 0.6166666666666667 0.03411458333333333 0.04953703703703704
0 0.5307291666666667 0.637962962962963 0.021614583333333333 0.04351851851851852
0 0.49765625 0.7472222222222222 0.03723958333333333 0.04027777777777778
0 0.5638020833333334 0.4888888888888889 0.0359375 0.0625
0 0.4479166666666667 0.49537037037037035 0.031510416666666666 0.06018518518518518
0 0.4401041666666667 0.5625 0.01953125 0.03611111111111111
0 0.44088541666666664 0.3212962962962963 0.023958333333333335 0.040740740740740744
0 0.3765625 0.4324074074074074 0.03307291666666667 0.04861111111111111
0 0.4395833333333333 0.4101851851851852 0.015885416666666666 0.033796296296296297
0 0.48854166666666665 0.33055555555555555 0.03046875 0.0375
0 0.41770833333333335 0.4703703703703704 0.026822916666666665 0.05092592592592592
0 0.5140625 0.4412037037037037 0.02734375 0.055092592592592596
0 0.6216145833333333 0.3712962962962963 0.07578125 0.0699074074074074
0 0.8502604166666666 0.3023148148148148 0.01640625 0.03611111111111111
0 0.3450520833333333 0.11574074074074074 0.08151041666666667 0.07592592592592592
0 0.5955729166666667 0.36898148148148147 0.020572916666666666 0.03935185185185185
0 0.8578125 0.26851851851851855 0.01953125 0.03194444444444444
0 0.9158854166666667 0.29953703703703705 0.025 0.032407407407407406
0 0.66875 0.18333333333333332 0.02265625 0.04351851851851852
0 0.3921875 0.24074074074074073 0.016666666666666666 0.040740740740740744
0 0.4236979166666667 0.23842592592592593 0.022135416666666668 0.03796296296296296
0 0.42161458333333335 0.2101851851851852 0.06927083333333334 0.06527777777777778
0 0.61796875 0.13518518518518519 0.04895833333333333 0.09907407407407408
0 0.89296875 0.0763888888888889 0.02578125 0.04814814814814815
0 0.9580729166666667 0.09351851851851851 0.032552083333333336 0.05138888888888889
0 0.9010416666666666 0.12638888888888888 0.032552083333333336 0.053703703703703705
0 0.5658854166666667 0.1310185185185185 0.032552083333333336 0.06527777777777778
0 0.43463541666666666 0.15416666666666667 0.020052083333333335 0.03194444444444444
0 0.6216145833333333 0.05694444444444444 0.06015625 0.060648148148148145
0 0.9622395833333334 0.03425925925925926 0.026302083333333334 0.029166666666666667
0 0.9807291666666667 0.06898148148148148 0.02890625 0.04212962962962963
0 0.43359375 0.1162037037037037 0.06588541666666667 0.05277777777777778
0 0.5630208333333333 0.32222222222222224 0.023177083333333334 0.030555555555555555
0 0.5049479166666667 0.5120370370370371 0.025 0.04675925925925926
0 0.5921875 0.15 0.032552083333333336 0.03935185185185185
0 0.4796875 0.6037037037037037 0.024739583333333332 0.044444444444444446
0 0.47630208333333335 0.6550925925925926 0.03958333333333333 0.06620370370370371
0 0.6192708333333333 0.05416666666666667 0.02578125 0.03564814814814815
0 0.36953125 0.2490740740740741 0.019791666666666666 0.02824074074074074
0 0.6192708333333333 0.18194444444444444 0.024479166666666666 0.03333333333333333
0 0.334375 0.10416666666666667 0.022135416666666668 0.04351851851851852
0 0.6645833333333333 0.3439814814814815 0.023697916666666666 0.05555555555555555
0 0.6244791666666667 0.3912037037037037 0.01953125 0.031018518518518518
