0 0.41796875 0.29768518518518516 0.015104166666666667 0.03981481481481482
0 0.5572916666666666 0.6138888888888889 0.03463541666666667 0.05324074074074074
0 0.78671875 0.5703703703703704 0.030208333333333334 0.05416666666666667
0 0.8109375 0.6083333333333333 0.032552083333333336 0.04722222222222222
0 0.5291666666666667 0.6222222222222222 0.020572916666666666 0.041666666666666664
0 0.503125 0.7453703703703703 0.03567708333333333 0.038425925925925926
0 0.5729166666666666 0.5 0.032552083333333336 0.05648148148148148
0 0.4505208333333333 0.46805555555555556 0.031510416666666666 0.06018518518518518
0 0.44192708333333336 0.5546296296296296 0.020572916666666666 0.03796296296296296
0 0.4473958333333333 0.3074074074074074 0.025 0.043055555555555555
0 0.390625 0.40555555555555556 0.03723958333333333 0.06620370370370371
0 0.44557291666666665 0.38981481481481484 0.015885416666666666 0.033796296296296297
0 0.48932291666666666 0.3282407407407407 0.03046875 0.0375
0 0.4234375 0.45 0.025520833333333333 0.04861111111111111
0 0.5171875 0.41203703703703703 0.024739583333333332 0.05
0 0.6263020833333334 0.36064814814814816 0.06875 0.06342592592592593
0 0.86171875 0.29074074074074074 0.01640625 0.03611111111111111
0 0.35572916666666665 0.12083333333333333 0.07760416666666667 0.08425925925925926
0 0.6005208333333333 0.35324074074074074 0.01953125 0.0375
0 0.8638020833333333 0.2569444444444444 0.01953125 0.03194444444444444
0 0.9223958333333333 0.2884259259259259 0.025 0.032407407407407406
0 0.6565104166666667 0.1824074074074074 0.02265625 0.04351851851851852
0 0.4002604166666667 0.22962962962962963 0.015104166666666667 0.037037037037037035
0 0.4315104166666667 0.2263888888888889 0.022135416666666668 0.03796296296296296
0 0.42916666666666664 0.19814814814814816 0.06927083333333334 0.06527777777777778
0 0.621875 0.12453703703703704 0.05390625 0.10925925925925926
0 0.8911458333333333 0.07222222222222222 0.027083333333333334 0.050462962962962966
0 0.9583333333333334 0.0875 0.032552083333333336 0.05138888888888889
0 0.9018229166666667 0.11805555555555555 0.032552083333333336 0.053703703703703705
0 0.5690104166666666 0.12222222222222222 0.032552083333333336 0.06527777777777778
0 0.4388020833333333 0.1398148148148148 0.019270833333333334 0.030555555555555555
0 0.6276041666666666 0.05092592592592592 0.06015625 0.060648148148148145
0 0.9622395833333334 0.023148148148148147 0.026302083333333334 0.029166666666666667
0 0.98203125 0.05925925925925926 0.02890625 0.04212962962962963
0 0.43802083333333336 0.10231481481481482 0.059895833333333336 0.04814814814814815
0 0.5716145833333334 0.3138888888888889 0.022135416666666668 0.029166666666666667
0 0.5190104166666667 0.5064814814814815 0.023958333333333335 0.044444444444444446
0 0.6026041666666667 0.13657407407407407 0.017708333333333333 0.03935185185185185
0 0.48515625 0.5972222222222222 0.024739583333333332 0.044444444444444446
0 0.48151041666666666 0.6328703703703704 0.0359375 0.06018518518518518
0 0.6234375 0.04814814814814815 0.027083333333333334 0.0375
0 0.36770833333333336 0.23935185185185184 0.020833333333333332 0.02962962962962963
0 0.6296875 0.15462962962962962 0.027083333333333334 0.037037037037037035
0 0.33880208333333334 0.11296296296296296 0.02109375 0.0412037037037037
0 0.6640625 0.33564814814814814 0.02265625 0.05277777777777778
0 0.62734375 0.38796296296296295 0.019010416666666665 0.043055555555555555
