0 0.42135416666666664 0.42916666666666664 0.014322916666666666 0.03287037037037037
0 0.57734375 0.7231481481481481 0.03984375 0.05694444444444444
0 0.7325520833333333 0.5504629629629629 0.028645833333333332 0.05277777777777778
0 0.7734375 0.6893518518518519 0.034375 0.059722222222222225
0 0.5841145833333333 0.8472222222222222 0.023697916666666666 0.04814814814814815
0 0.42109375 0.8407407407407408 0.03125 0.05277777777777778
0 0.52265625 0.43425925925925923 0.031510416666666666 0.04722222222222222
0 0.35260416666666666 0.7217592592592592 0.03203125 0.05324074074074074
0 0.41510416666666666 0.736574074074074 0.015364583333333333 0.02824074074074074
0 0.3497395833333333 0.5666666666666667 0.028645833333333332 0.044444444444444446
0 0.3184895833333333 0.6083333333333333 0.027864583333333335 0.05277777777777778
0 0.3848958333333333 0.65 0.010677083333333334 0.022685185185185187
0 0.4309895833333333 0.34675925925925927 0.03046875 0.037037037037037035
0 0.35130208333333335 0.6671296296296296 0.03307291666666667 0.03981481481481482
0 0.5184895833333333 0.4888888888888889 0.01953125 0.03935185185185185
0 0.6390625 0.4462962962962963 0.03802083333333333 0.1259259259259259
0 0.73671875 0.3699074074074074 0.0140625 0.031018518518518518
0 0.2825520833333333 0.20787037037037037 0.05390625 0.1388888888888889
0 0.7328125 0.3453703703703704 0.015364583333333333 0.025
0 0.8877604166666667 0.4046296296296296 0.026302083333333334 0.03425925925925926
0 0.79296875 0.1699074074074074 0.025 0.047685185185185185
0 0.31979166666666664 0.35833333333333334 0.013802083333333333 0.033796296296296297
0 0.39869791666666665 0.30416666666666664 0.022135416666666668 0.03796296296296296
0 0.39348958333333334 0.2791666666666667 0.06588541666666667 0.062037037037037036
0 0.5598958333333334 0.23842592592592593 0.0609375 0.075
0 0.9479166666666666 0.06481481481481481 0.024479166666666666 0.04583333333333333
0 0.9447916666666667 0.15925925925925927 0.030989583333333334 0.049074074074074076
0 0.89296875 0.19675925925925927 0.032552083333333336 0.053703703703703705
0 0.50859375 0.19490740740740742 0.0359375 0.06018518518518518
0 0.4197916666666667 0.22592592592592592 0.03125 0.05
0 0.5864583333333333 0.10787037037037037 0.04192708333333333 0.0837962962962963
0 0.96328125 0.10601851851851851 0.021614583333333333 0.024074074074074074
0 0.9700520833333334 0.13148148148148148 0.023697916666666666 0.034722222222222224
0 0.4114583333333333 0.18333333333333332 0.06276041666666667 0.050462962962962966
0 0.5096354166666667 0.4050925925925926 0.028125 0.037037037037037035
0 0.48151041666666666 0.5824074074074074 0.03515625 0.075
0 0.54453125 0.24444444444444444 0.025520833333333333 0.052314814814814814
0 0.44895833333333335 0.6944444444444444 0.033854166666666664 0.038425925925925926
0 0.38671875 0.7875 0.023177083333333334 0.04490740740740741
0 0.5807291666666666 0.11851851851851852 0.022395833333333334 0.031018518518518518
0 0.42239583333333336 0.3425925925925926 0.023958333333333335 0.03425925925925926
0 0.5479166666666667 0.29212962962962963 0.022395833333333334 0.030555555555555555
0 0.6239583333333333 0.4652777777777778 0.016666666666666666 0.031018518518518518
0 0.275 0.13518518518518519 0.025520833333333333 0.04027777777777778
0 0.6403645833333333 0.4166666666666667 0.028125 0.03981481481481482
0 0.6671875 0.4134259259259259 0.021354166666666667 0.03935185185185185
