0 0.44973958333333336 0.3731481481481482 0.04635416666666667 0.03981481481481482
0 0.5705729166666667 0.7013888888888888 0.03984375 0.05648148148148148
0 0.7455729166666667 0.5513888888888889 0.03333333333333333 0.059722222222222225
0 0.7893229166666667 0.6652777777777777 0.034375 0.059722222222222225
0 0.5567708333333333 0.762962962962963 0.02265625 0.04583333333333333
0 0.47994791666666664 0.7847222222222222 0.03229166666666667 0.047685185185185185
0 0.5440104166666667 0.4513888888888889 0.029166666666666667 0.06157407407407407
0 0.38723958333333336 0.6541666666666667 0.017447916666666667 0.03796296296296296
0 0.4236979166666667 0.687037037037037 0.015364583333333333 0.02824074074074074
0 0.38645833333333335 0.45787037037037037 0.03203125 0.05462962962962963
0 0.32864583333333336 0.5532407407407407 0.034375 0.06388888888888888
0 0.40520833333333334 0.5583333333333333 0.011197916666666667 0.024074074074074074
0 0.46197916666666666 0.3611111111111111 0.025260416666666667 0.030555555555555555
0 0.3736979166666667 0.6157407407407407 0.031510416666666666 0.06805555555555555
0 0.5020833333333333 0.42407407407407405 0.018489583333333334 0.0375
0 0.640625 0.42777777777777776 0.03802083333333333 0.1259259259259259
0 0.7919270833333333 0.3453703703703704 0.01484375 0.03287037037037037
0 0.29010416666666666 0.09490740740740741 0.07786458333333333 0.04398148148148148
0 0.7953125 0.32546296296296295 0.017708333333333333 0.028703703703703703
0 0.8940104166666667 0.36435185185185187 0.026302083333333334 0.03425925925925926
0 0.7434895833333334 0.18055555555555555 0.023697916666666666 0.04537037037037037
0 0.3497395833333333 0.30462962962962964 0.015104166666666667 0.037037037037037035
0 0.39895833333333336 0.28888888888888886 0.02421875 0.04212962962962963
0 0.3963541666666667 0.25833333333333336 0.06927083333333334 0.06527777777777778
0 0.5752604166666667 0.21296296296296297 0.0609375 0.075
0 0.9278645833333333 0.06574074074074074 0.02578125 0.04814814814814815
0 0.9510416666666667 0.12824074074074074 0.030989583333333334 0.049074074074074076
0 0.896875 0.17407407407407408 0.032552083333333336 0.053703703703703705
0 0.5286458333333334 0.1787037037037037 0.03411458333333333 0.06851851851851852
0 0.42526041666666664 0.21574074074074073 0.023177083333333334 0.037037037037037035
0 0.5981770833333333 0.09351851851851851 0.06015625 0.060648148148148145
0 0.965625 0.08611111111111111 0.02265625 0.025
0 0.9768229166666667 0.12037037037037036 0.023697916666666666 0.034722222222222224
0 0.4171875 0.1638888888888889 0.06588541666666667 0.05277777777777778
0 0.5276041666666667 0.36064814814814816 0.022135416666666668 0.029166666666666667
0 0.4864583333333333 0.5717592592592593 0.026302083333333334 0.049074074074074076
0 0.56640625 0.22268518518518518 0.03958333333333333 0.047685185185185185
0 0.46432291666666664 0.674074074074074 0.033854166666666664 0.038425925925925926
0 0.4270833333333333 0.7212962962962963 0.025520833333333333 0.04953703703703704
0 0.5947916666666667 0.09490740740740741 0.02578125 0.03564814814814815
0 0.39010416666666664 0.3490740740740741 0.029166666666666667 0.041666666666666664
0 0.5799479166666667 0.2722222222222222 0.021354166666666667 0.029166666666666667
0 0.6578125 0.39814814814814814 0.01953125 0.04537037037037037
0 0.6333333333333333 0.4375 0.025 0.026851851851851852
0 0.6260416666666667 0.41064814814814815 0.02578125 0.04027777777777778
0 0.30234375 0.06851851851851852 0.02109375 0.03564814814814815
