0 0.4200520833333333 0.41574074074074074 0.015104166666666667 0.03425925925925926
0 0.578125 0.7208333333333333 0.04192708333333333 0.059722222222222225
0 0.7330729166666666 0.5541666666666667 0.02734375 0.050462962962962966
0 0.7770833333333333 0.6837962962962963 0.034375 0.059722222222222225
0 0.5731770833333333 0.8273148148148148 0.02265625 0.04583333333333333
0 0.43333333333333335 0.8314814814814815 0.03619791666666667 0.05138888888888889
0 0.52578125 0.43194444444444446 0.029947916666666668 0.04490740740740741
0 0.35989583333333336 0.7037037037037037 0.03359375 0.056018518518518516
0 0.41458333333333336 0.7273148148148149 0.016145833333333335 0.02962962962962963
0 0.35911458333333335 0.5310185185185186 0.02734375 0.04212962962962963
0 0.31953125 0.6087962962962963 0.027864583333333335 0.05277777777777778
0 0.37786458333333334 0.6375 0.011197916666666667 0.024074074074074074
0 0.44036458333333334 0.3509259259259259 0.02890625 0.03518518518518519
0 0.35833333333333334 0.6425925925925926 0.03463541666666667 0.041666666666666664
0 0.5010416666666667 0.47314814814814815 0.021354166666666667 0.043055555555555555
0 0.6388020833333333 0.4476851851851852 0.03802083333333333 0.1259259259259259
0 0.7580729166666667 0.37175925925925923 0.01484375 0.03287037037037037
0 0.27734375 0.17824074074074073 0.04895833333333333 0.1259259259259259
0 0.7565104166666666 0.35324074074074074 0.015364583333333333 0.025
0 0.8903645833333333 0.40046296296296297 0.026302083333333334 0.03425925925925926
0 0.7794270833333333 0.18101851851851852 0.025 0.047685185185185185
0 0.33098958333333334 0.34814814814814815 0.013802083333333333 0.033796296296296297
0 0.39817708333333335 0.30092592592592593 0.023177083333333334 0.03981481481481482
0 0.39479166666666665 0.27546296296296297 0.06588541666666667 0.062037037037037036
0 0.56328125 0.23472222222222222 0.0609375 0.075
0 0.94375 0.0699074074074074 0.027083333333333334 0.050462962962962966
0 0.94609375 0.15231481481481482 0.030989583333333334 0.049074074074074076
0 0.8942708333333333 0.1935185185185185 0.032552083333333336 0.053703703703703705
0 0.51484375 0.1912037037037037 0.0359375 0.06018518518518518
0 0.4239583333333333 0.22824074074074074 0.03125 0.05
0 0.5890625 0.10740740740740741 0.04192708333333333 0.0837962962962963
0 0.9651041666666667 0.10138888888888889 0.023958333333333335 0.02638888888888889
0 0.9716145833333333 0.12824074074074074 0.023697916666666666 0.034722222222222224
0 0.4125 0.1824074074074074 0.059895833333333336 0.04814814814814815
0 0.51328125 0.4013888888888889 0.028125 0.037037037037037035
0 0.48723958333333334 0.586574074074074 0.03359375 0.0712962962962963
0 0.5484375 0.24074074074074073 0.02421875 0.05
0 0.45416666666666666 0.6847222222222222 0.033854166666666664 0.038425925925925926
0 0.4015625 0.775 0.019010416666666665 0.037037037037037035
0 0.5846354166666666 0.11342592592592593 0.0234375 0.032407407407407406
0 0.41510416666666666 0.36527777777777776 0.0265625 0.0375
0 0.5513020833333333 0.28888888888888886 0.021354166666666667 0.029166666666666667
0 0.6330729166666667 0.45694444444444443 0.026302083333333334 0.02824074074074074
0 0.27109375 0.12407407407407407 0.034375 0.05787037037037037
0 0.6419270833333334 0.41898148148148145 0.0296875 0.041666666666666664
0 0.6630208333333333 0.41944444444444445 0.018489583333333334 0.033796296296296297
