0 0.42942708333333335 0.38935185185185184 0.01640625 0.03796296296296296
0 0.5799479166666667 0.7069444444444445 0.04192708333333333 0.059722222222222225
0 0.7403645833333333 0.5569444444444445 0.034895833333333334 0.0625
0 0.7802083333333333 0.675 0.03619791666666667 0.06296296296296296
0 0.5671875 0.8041666666666667 0.02265625 0.04583333333333333
0 0.4432291666666667 0.8055555555555556 0.039322916666666666 0.05787037037037037
0 0.5299479166666666 0.4361111111111111 0.033854166666666664 0.0712962962962963
0 0.3768229166666667 0.674537037037037 0.016666666666666666 0.03611111111111111
0 0.41640625 0.711574074074074 0.015364583333333333 0.02824074074074074
0 0.3671875 0.5018518518518519 0.04088541666666667 0.0699074074074074
0 0.3221354166666667 0.5972222222222222 0.0265625 0.050462962962962966
0 0.37994791666666666 0.6226851851851852 0.011197916666666667 0.024074074074074074
0 0.44609375 0.350462962962963 0.026302083333333334 0.03194444444444444
0 0.3606770833333333 0.6314814814814815 0.03307291666666667 0.03981481481481482
0 0.4973958333333333 0.45 0.0203125 0.0412037037037037
0 0.640625 0.44074074074074077 0.03984375 0.13240740740740742
0 0.7729166666666667 0.36435185185185187 0.01484375 0.03287037037037037
0 0.2794270833333333 0.1375 0.05130208333333333 0.13240740740740742
0 0.7697916666666667 0.3375 0.016145833333333335 0.025925925925925925
0 0.8942708333333333 0.3837962962962963 0.025 0.032407407407407406
0 0.76953125 0.18009259259259258 0.025 0.047685185185185185
0 0.33567708333333335 0.3300925925925926 0.013802083333333333 0.033796296296296297
0 0.39921875 0.29398148148148145 0.023177083333333334 0.03981481481481482
0 0.396875 0.26851851851851855 0.06588541666666667 0.062037037037037036
0 0.5669270833333333 0.22592592592592592 0.0609375 0.075
0 0.9416666666666667 0.06620370370370371 0.02578125 0.04814814814814815
0 0.9505208333333334 0.14074074074074075 0.030989583333333334 0.049074074074074076
0 0.8958333333333334 0.1865740740740741 0.032552083333333336 0.053703703703703705
0 0.5213541666666667 0.18425925925925926 0.0359375 0.06018518518518518
0 0.42421875 0.2175925925925926 0.028385416666666666 0.04537037037037037
0 0.5934895833333333 0.09953703703703703 0.06015625 0.060648148148148145
0 0.9658854166666667 0.09351851851851851 0.023958333333333335 0.02638888888888889
0 0.9729166666666667 0.12175925925925926 0.023697916666666666 0.034722222222222224
0 0.41458333333333336 0.17453703703703705 0.06276041666666667 0.050462962962962966
0 0.5213541666666667 0.3819444444444444 0.025520833333333333 0.033796296296296297
0 0.4859375 0.5805555555555556 0.027604166666666666 0.05138888888888889
0 0.5588541666666667 0.23425925925925925 0.041666666666666664 0.05
0 0.46197916666666666 0.6708333333333333 0.035416666666666666 0.040740740740740744
0 0.41328125 0.7509259259259259 0.021875 0.043055555555555555
0 0.58671875 0.1050925925925926 0.0234375 0.032407407407407406
0 0.409375 0.37592592592592594 0.029166666666666667 0.041666666666666664
0 0.5528645833333333 0.28055555555555556 0.021354166666666667 0.029166666666666667
0 0.6361979166666667 0.45092592592592595 0.027604166666666666 0.02962962962962963
0 0.2828125 0.09537037037037037 0.0296875 0.05
0 0.6588541666666666 0.40925925925925927 0.02109375 0.03564814814814815
0 0.63828125 0.425462962962963 0.028125 0.03981481481481482
