0 0.45208333333333334 0.4064814814814815 0.013020833333333334 0.02962962962962963
0 0.6072916666666667 0.725925925925926 0.043229166666666666 0.05416666666666667
0 0.7666666666666667 0.5305555555555556 0.03177083333333333 0.058333333333333334
0 0.8028645833333333 0.6921296296296297 0.04192708333333333 0.07268518518518519
0 0.62421875 0.861574074074074 0.021614583333333333 0.04351851851851852
0 0.4354166666666667 0.8449074074074074 0.0296875 0.050462962962962966
0 0.5958333333333333 0.4439814814814815 0.029947916666666668 0.04490740740740741
0 0.37057291666666664 0.7333333333333333 0.035416666666666666 0.0587962962962963
0 0.45 0.7435185185185185 0.016145833333333335 0.02962962962962963
0 0.37083333333333335 0.6069444444444444 0.026041666666666668 0.04027777777777778
0 0.35651041666666666 0.562962962962963 0.025260416666666667 0.047685185185185185
0 0.4122395833333333 0.6578703703703703 0.017708333333333333 0.025
0 0.46380208333333334 0.33935185185185185 0.019791666666666666 0.040740740740740744
0 0.36875 0.6851851851851852 0.026041666666666668 0.031018518518518518
0 0.5604166666666667 0.4703703703703704 0.017708333333333333 0.03564814814814815
0 0.66796875 0.44814814814814813 0.03984375 0.13240740740740742
0 0.7213541666666666 0.3486111111111111 0.0140625 0.031018518518518518
0 0.3028645833333333 0.2587962962962963 0.05963541666666667 0.15324074074074073
0 0.72578125 0.32083333333333336 0.015364583333333333 0.025
0 0.9197916666666667 0.3907407407407407 0.026302083333333334 0.03425925925925926
0 0.8544270833333333 0.1574074074074074 0.026302083333333334 0.05
0 0.33671875 0.35138888888888886 0.0125 0.030555555555555555
0 0.42604166666666665 0.3148148148148148 0.02421875 0.04212962962962963
0 0.42239583333333336 0.27685185185185185 0.06588541666666667 0.0763888888888889
0 0.5783854166666667 0.2439814814814815 0.0609375 0.075
0 0.971875 0.0712962962962963 0.02109375 0.03981481481481482
0 0.9841145833333333 0.16018518518518518 0.030989583333333334 0.049074074074074076
0 0.9223958333333333 0.19675925925925927 0.032552083333333336 0.053703703703703705
0 0.5322916666666667 0.20046296296296295 0.03411458333333333 0.05740740740740741
0 0.4479166666666667 0.2074074074074074 0.028385416666666666 0.04537037037037037
0 0.6125 0.10740740740740741 0.04401041666666667 0.08796296296296297
0 0.99453125 0.11064814814814815 0.02265625 0.025
0 0.9979166666666667 0.13148148148148148 0.023697916666666666 0.034722222222222224
0 0.44088541666666664 0.1787037037037037 0.06276041666666667 0.050462962962962966
0 0.53515625 0.4199074074074074 0.0296875 0.03888888888888889
0 0.49973958333333335 0.5907407407407408 0.03515625 0.04814814814814815
0 0.565625 0.2601851851851852 0.032552083333333336 0.0375
0 0.4739583333333333 0.7069444444444445 0.033854166666666664 0.038425925925925926
0 0.39453125 0.8009259259259259 0.020052083333333335 0.03888888888888889
0 0.6057291666666667 0.12083333333333333 0.022395833333333334 0.031018518518518518
0 0.47291666666666665 0.31157407407407406 0.0265625 0.0375
0 0.5635416666666667 0.2949074074074074 0.018489583333333334 0.025
0 0.6546875 0.4652777777777778 0.017447916666666667 0.032407407407407406
0 0.2942708333333333 0.18935185185185185 0.028125 0.044444444444444446
0 0.6692708333333334 0.41898148148148145 0.030989583333333334 0.04398148148148148
0 0.6921875 0.4097222222222222 0.022395833333333334 0.0412037037037037
