0 0.4265625 0.37222222222222223 0.04869791666666667 0.041666666666666664
0 0.5671875 0.6958333333333333 0.04609375 0.06574074074074074
0 0.7481770833333333 0.5453703703703704 0.03177083333333333 0.05694444444444444
0 0.7955729166666666 0.6546296296296297 0.04583333333333333 0.06620370370370371
0 0.5513020833333333 0.7388888888888889 0.021614583333333333 0.04351851851851852
0 0.5 0.7759259259259259 0.033854166666666664 0.05
0 0.5484375 0.4587962962962963 0.027864583333333335 0.0587962962962963
0 0.40572916666666664 0.6310185185185185 0.017447916666666667 0.03796296296296296
0 0.4322916666666667 0.6527777777777778 0.017708333333333333 0.03287037037037037
0 0.3953125 0.42314814814814816 0.027604166666666666 0.04722222222222222
0 0.3346354166666667 0.5328703703703703 0.04192708333333333 0.07592592592592592
0 0.421875 0.5171296296296296 0.01171875 0.025
0 0.46822916666666664 0.3731481481481482 0.025 0.031018518518518518
0 0.3859375 0.5712962962962963 0.029947916666666668 0.06481481481481481
0 0.4981770833333333 0.44722222222222224 0.018489583333333334 0.0375
0 0.6377604166666667 0.41064814814814815 0.03802083333333333 0.1259259259259259
0 0.8026041666666667 0.34444444444444444 0.015625 0.03425925925925926
0 0.3184895833333333 0.07777777777777778 0.09427083333333333 0.08796296296296297
0 0.8091145833333333 0.3087962962962963 0.01875 0.03009259259259259
0 0.89140625 0.35509259259259257 0.025 0.032407407407407406
0 0.7291666666666666 0.18611111111111112 0.023697916666666666 0.04537037037037037
0 0.36041666666666666 0.2810185185185185 0.015104166666666667 0.037037037037037035
0 0.3984375 0.2759259259259259 0.02421875 0.04212962962962963
0 0.39791666666666664 0.24953703703703703 0.06927083333333334 0.06527777777777778
0 0.5838541666666667 0.19675925925925927 0.055989583333333336 0.10416666666666667
0 0.9184895833333333 0.07453703703703704 0.02578125 0.04814814814814815
0 0.95234375 0.11851851851851852 0.030989583333333334 0.049074074074074076
0 0.8973958333333333 0.16805555555555557 0.032552083333333336 0.053703703703703705
0 0.5401041666666667 0.17175925925925925 0.032552083333333336 0.06527777777777778
0 0.42526041666666664 0.20787037037037037 0.02109375 0.033796296296296297
0 0.6088541666666667 0.08842592592592592 0.06015625 0.060648148148148145
0 0.971875 0.08611111111111111 0.02265625 0.025
0 0.9776041666666667 0.11388888888888889 0.025 0.03657407407407407
0 0.41796875 0.15462962962962962 0.06588541666666667 0.05277777777777778
0 0.52890625 0.35138888888888886 0.02109375 0.027777777777777776
0 0.48411458333333335 0.5611111111111111 0.027604166666666666 0.05138888888888889
0 0.57265625 0.2101851851851852 0.03958333333333333 0.047685185185185185
0 0.4671875 0.6583333333333333 0.035416666666666666 0.040740740740740744
0 0.43020833333333336 0.6902777777777778 0.023177083333333334 0.04490740740740741
0 0.5986979166666667 0.0875 0.02578125 0.03564814814814815
0 0.37916666666666665 0.3194444444444444 0.023958333333333335 0.03425925925925926
0 0.5947916666666667 0.25555555555555554 0.0203125 0.027777777777777776
0 0.6604166666666667 0.387037037037037 0.01953125 0.04537037037037037
0 0.63125 0.425 0.026302083333333334 0.02824074074074074
0 0.6 0.4111111111111111 0.028385416666666666 0.044444444444444446
0 0.31276041666666665 0.0625 0.026822916666666665 0.04537037037037037
