0 0.43359375 0.37453703703703706 0.04869791666666667 0.041666666666666664
0 0.5682291666666667 0.6976851851851852 0.04609375 0.06574074074074074
0 0.7484375 0.5462962962962963 0.03177083333333333 0.05694444444444444
0 0.7942708333333334 0.6555555555555556 0.04583333333333333 0.06620370370370371
0 0.5510416666666667 0.7388888888888889 0.021614583333333333 0.04351851851851852
0 0.49895833333333334 0.7759259259259259 0.03229166666666667 0.047685185185185185
0 0.5466145833333333 0.45740740740740743 0.027864583333333335 0.0587962962962963
0 0.40078125 0.6282407407407408 0.017447916666666667 0.03796296296296296
0 0.43072916666666666 0.6587962962962963 0.017708333333333333 0.03287037037037037
0 0.39375 0.42685185185185187 0.027604166666666666 0.04722222222222222
0 0.33307291666666666 0.5337962962962963 0.04401041666666667 0.07962962962962963
0 0.42109375 0.5203703703703704 0.011197916666666667 0.024074074074074074
0 0.4705729166666667 0.3648148148148148 0.023958333333333335 0.029166666666666667
0 0.38385416666666666 0.575462962962963 0.029947916666666668 0.06481481481481481
0 0.49765625 0.4449074074074074 0.018489583333333334 0.0375
0 0.63828125 0.412962962962963 0.03802083333333333 0.1259259259259259
0 0.8018229166666667 0.3449074074074074 0.015625 0.03425925925925926
0 0.31744791666666666 0.07916666666666666 0.09427083333333333 0.08796296296296297
0 0.8075520833333333 0.3111111111111111 0.01875 0.03009259259259259
0 0.8911458333333333 0.35694444444444445 0.025 0.032407407407407406
0 0.7302083333333333 0.18564814814814815 0.023697916666666666 0.04537037037037037
0 0.35989583333333336 0.2851851851851852 0.015104166666666667 0.037037037037037035
0 0.3984375 0.27685185185185185 0.02421875 0.04212962962962963
0 0.39765625 0.25092592592592594 0.06927083333333334 0.06527777777777778
0 0.5841145833333333 0.19953703703703704 0.055989583333333336 0.10416666666666667
0 0.9205729166666666 0.07407407407407407 0.02578125 0.04814814814814815
0 0.9515625 0.12314814814814815 0.030989583333333334 0.049074074074074076
0 0.896875 0.1685185185185185 0.032552083333333336 0.053703703703703705
0 0.5375 0.1726851851851852 0.032552083333333336 0.06527777777777778
0 0.42552083333333335 0.20833333333333334 0.02109375 0.033796296296296297
0 0.6088541666666667 0.08842592592592592 0.06015625 0.060648148148148145
0 0.971875 0.08472222222222223 0.023958333333333335 0.02638888888888889
0 0.97734375 0.11481481481481481 0.025 0.03657407407407407
0 0.41796875 0.15648148148148147 0.06588541666666667 0.05277777777777778
0 0.5307291666666667 0.350462962962963 0.02109375 0.027777777777777776
0 0.48541666666666666 0.5625 0.027604166666666666 0.05138888888888889
0 0.5721354166666667 0.21157407407407408 0.03958333333333333 0.047685185185185185
0 0.46796875 0.6601851851851852 0.033854166666666664 0.038425925925925926
0 0.4317708333333333 0.6949074074074074 0.023177083333333334 0.04490740740740741
0 0.5981770833333333 0.08842592592592592 0.02578125 0.03564814814814815
0 0.38046875 0.32083333333333336 0.025260416666666667 0.03564814814814815
0 0.5927083333333333 0.2574074074074074 0.0203125 0.027777777777777776
0 0.6604166666666667 0.3875 0.01953125 0.04537037037037037
0 0.63125 0.42685185185185187 0.026302083333333334 0.02824074074074074
0 0.60234375 0.40879629629629627 0.028385416666666666 0.044444444444444446
0 0.31145833333333334 0.0625 0.025520833333333333 0.043055555555555555
