0 0.42578125 0.39351851851851855 0.01640625 0.03796296296296296
0 0.57890625 0.7074074074074074 0.04192708333333333 0.059722222222222225
0 0.7393229166666667 0.5583333333333333 0.034895833333333334 0.0625
0 0.78046875 0.6759259259259259 0.03619791666666667 0.06296296296296296
0 0.56796875 0.8078703703703703 0.02265625 0.04583333333333333
0 0.44244791666666666 0.8050925925925926 0.04114583333333333 0.060648148148148145
0 0.5296875 0.4361111111111111 0.033854166666666664 0.0712962962962963
0 0.37473958333333335 0.6805555555555556 0.016666666666666666 0.03611111111111111
0 0.415625 0.7125 0.016145833333333335 0.02962962962962963
0 0.36640625 0.5055555555555555 0.04088541666666667 0.0699074074074074
0 0.3203125 0.5995370370370371 0.027864583333333335 0.05277777777777778
0 0.37838541666666664 0.6226851851851852 0.011197916666666667 0.024074074074074074
0 0.4440104166666667 0.3476851851851852 0.027604166666666666 0.03333333333333333
0 0.36328125 0.6351851851851852 0.031510416666666666 0.03796296296296296
0 0.49609375 0.4537037037037037 0.021354166666666667 0.043055555555555555
0 0.6401041666666667 0.4412037037037037 0.03984375 0.13240740740740742
0 0.7705729166666667 0.3675925925925926 0.01484375 0.03287037037037037
0 0.27838541666666666 0.14722222222222223 0.05390625 0.1388888888888889
0 0.7674479166666667 0.33796296296296297 0.016145833333333335 0.025925925925925925
0 0.8924479166666667 0.38796296296296295 0.026302083333333334 0.03425925925925926
0 0.7705729166666667 0.17916666666666667 0.025 0.047685185185185185
0 0.334375 0.3333333333333333 0.013802083333333333 0.033796296296296297
0 0.39921875 0.29444444444444445 0.023177083333333334 0.03981481481481482
0 0.396875 0.26851851851851855 0.06588541666666667 0.062037037037037036
0 0.5669270833333333 0.22685185185185186 0.0609375 0.075
0 0.9424479166666667 0.06527777777777778 0.02578125 0.04814814814814815
0 0.9510416666666667 0.14305555555555555 0.030989583333333334 0.049074074074074076
0 0.8958333333333334 0.18611111111111112 0.032552083333333336 0.053703703703703705
0 0.5197916666666667 0.1837962962962963 0.0359375 0.06018518518518518
0 0.42421875 0.21944444444444444 0.028385416666666666 0.04537037037037037
0 0.5921875 0.09907407407407408 0.06015625 0.060648148148148145
0 0.9661458333333334 0.09537037037037037 0.023958333333333335 0.02638888888888889
0 0.9731770833333333 0.12175925925925926 0.023697916666666666 0.034722222222222224
0 0.41484375 0.17592592592592593 0.06276041666666667 0.050462962962962966
0 0.5208333333333334 0.3851851851851852 0.025520833333333333 0.033796296296296297
0 0.48359375 0.586574074074074 0.027604166666666666 0.05138888888888889
0 0.5583333333333333 0.23564814814814813 0.041666666666666664 0.05
0 0.45729166666666665 0.674537037037037 0.035416666666666666 0.040740740740740744
0 0.41015625 0.7574074074074074 0.021875 0.043055555555555555
0 0.5864583333333333 0.10648148148148148 0.0234375 0.032407407407407406
0 0.4119791666666667 0.37407407407407406 0.029166666666666667 0.041666666666666664
0 0.5520833333333334 0.2828703703703704 0.021354166666666667 0.029166666666666667
0 0.6354166666666666 0.4513888888888889 0.027604166666666666 0.02962962962962963
0 0.2791666666666667 0.1037037037037037 0.030989583333333334 0.052314814814814814
0 0.659375 0.41064814814814815 0.02109375 0.03564814814814815
0 0.63828125 0.42685185185185187 0.028125 0.03981481481481482
