0 0.42682291666666666 0.42268518518518516 0.013020833333333334 0.02962962962962963
0 0.5760416666666667 0.7240740740740741 0.0453125 0.05694444444444444
0 0.7333333333333333 0.5453703703703704 0.030208333333333334 0.05555555555555555
0 0.7744791666666667 0.6912037037037037 0.03802083333333333 0.06574074074074074
0 0.59140625 0.8550925925925926 0.021614583333333333 0.04351851851851852
0 0.41171875 0.8439814814814814 0.034375 0.058333333333333334
0 0.5130208333333334 0.44166666666666665 0.03307291666666667 0.04953703703703704
0 0.3421875 0.7333333333333333 0.03203125 0.05324074074074074
0 0.41692708333333334 0.7439814814814815 0.016145833333333335 0.02962962962962963
0 0.3411458333333333 0.5828703703703704 0.02734375 0.04212962962962963
0 0.3265625 0.5893518518518519 0.0265625 0.050462962962962966
0 0.38255208333333335 0.6481481481481481 0.010677083333333334 0.022685185185185187
0 0.4375 0.33935185185185185 0.021875 0.04490740740740741
0 0.34270833333333334 0.674537037037037 0.029947916666666668 0.03611111111111111
0 0.5411458333333333 0.47453703703703703 0.018489583333333334 0.0375
0 0.6369791666666667 0.44583333333333336 0.03619791666666667 0.11990740740740741
0 0.7143229166666667 0.36064814814814816 0.013541666666666667 0.02962962962962963
0 0.28151041666666665 0.23472222222222222 0.05677083333333333 0.14583333333333334
0 0.71484375 0.3300925925925926 0.015364583333333333 0.025
0 0.88515625 0.3958333333333333 0.026302083333333334 0.03425925925925926
0 0.80859375 0.16111111111111112 0.025 0.047685185185185185
0 0.31171875 0.35833333333333334 0.013802083333333333 0.033796296296296297
0 0.3984375 0.30833333333333335 0.020833333333333332 0.03611111111111111
0 0.39296875 0.2814814814814815 0.06588541666666667 0.062037037037037036
0 0.5528645833333333 0.23981481481481481 0.0609375 0.075
0 0.9442708333333333 0.06342592592592593 0.02109375 0.03981481481481482
0 0.9458333333333333 0.16296296296296298 0.030989583333333334 0.049074074074074076
0 0.89140625 0.1962962962962963 0.032552083333333336 0.053703703703703705
0 0.5052083333333334 0.19583333333333333 0.0359375 0.06018518518518518
0 0.4205729166666667 0.21388888888888888 0.0328125 0.052314814814814814
0 0.5846354166666666 0.10787037037037037 0.04401041666666667 0.08796296296296297
0 0.96328125 0.10925925925925926 0.021614583333333333 0.024074074074074074
0 0.96875 0.1300925925925926 0.025 0.03657407407407407
0 0.41041666666666665 0.18287037037037038 0.06588541666666667 0.05277777777777778
0 0.5059895833333333 0.42407407407407405 0.0296875 0.03888888888888889
0 0.47421875 0.5884259259259259 0.03697916666666667 0.050462962962962966
0 0.5390625 0.24768518518518517 0.025520833333333333 0.052314814814814814
0 0.4473958333333333 0.7083333333333334 0.03229166666666667 0.03657407407407407
0 0.3768229166666667 0.799074074074074 0.020833333333333332 0.040740740740740744
0 0.5783854166666667 0.11851851851851852 0.022395833333333334 0.031018518518518518
0 0.434375 0.31527777777777777 0.022916666666666665 0.032407407407407406
0 0.5421875 0.3 0.0203125 0.027777777777777776
0 0.6236979166666666 0.4648148148148148 0.016666666666666666 0.031018518518518518
0 0.2765625 0.16018518518518518 0.026822916666666665 0.04212962962962963
0 0.63828125 0.41574074074074074 0.028125 0.03981481481481482
0 0.6640625 0.40925925925925927 0.01953125 0.03564814814814815
