0 0.41848958333333336 0.4300925925925926 0.014322916666666666 0.03287037037037037
0 0.5786458333333333 0.7231481481481481 0.03984375 0.05694444444444444
0 0.7348958333333333 0.5532407407407407 0.02734375 0.050462962962962966
0 0.7734375 0.6884259259259259 0.034375 0.059722222222222225
0 0.5809895833333333 0.8393518518518519 0.023697916666666666 0.04814814814814815
0 0.4359375 0.8314814814814815 0.04401041666666667 0.0625
0 0.525 0.43287037037037035 0.031510416666666666 0.04722222222222222
0 0.3580729166666667 0.7046296296296296 0.03359375 0.056018518518518516
0 0.415625 0.737037037037037 0.016145833333333335 0.02962962962962963
0 0.35234375 0.5555555555555556 0.028645833333333332 0.044444444444444446
0 0.31979166666666664 0.6212962962962963 0.029166666666666667 0.05555555555555555
0 0.3828125 0.6467592592592593 0.010677083333333334 0.022685185185185187
0 0.44036458333333334 0.34444444444444444 0.027604166666666666 0.03333333333333333
0 0.35625 0.6523148148148148 0.031510416666666666 0.03796296296296296
0 0.51328125 0.4847222222222222 0.01953125 0.03935185185185185
0 0.6375 0.44814814814814813 0.03802083333333333 0.1259259259259259
0 0.7455729166666667 0.37453703703703706 0.01484375 0.03287037037037037
0 0.28046875 0.19398148148148148 0.05130208333333333 0.13240740740740742
0 0.740625 0.35185185185185186 0.015364583333333333 0.025
0 0.8893229166666666 0.40555555555555556 0.026302083333333334 0.03425925925925926
0 0.7877604166666666 0.17175925925925925 0.025 0.047685185185185185
0 0.32447916666666665 0.35833333333333334 0.013802083333333333 0.033796296296296297
0 0.39895833333333336 0.30324074074074076 0.022135416666666668 0.03796296296296296
0 0.39296875 0.2791666666666667 0.06588541666666667 0.062037037037037036
0 0.5614583333333333 0.23796296296296296 0.0609375 0.075
0 0.9471354166666667 0.06851851851851852 0.02578125 0.04814814814814815
0 0.94296875 0.15555555555555556 0.030989583333333334 0.049074074074074076
0 0.89296875 0.19583333333333333 0.032552083333333336 0.053703703703703705
0 0.5096354166666667 0.19444444444444445 0.03411458333333333 0.05740740740740741
0 0.4205729166666667 0.2273148148148148 0.03125 0.05
0 0.5877604166666667 0.1087962962962963 0.04192708333333333 0.0837962962962963
0 0.96328125 0.10787037037037037 0.02265625 0.025
0 0.9703125 0.1300925925925926 0.023697916666666666 0.034722222222222224
0 0.4119791666666667 0.1837962962962963 0.06276041666666667 0.050462962962962966
0 0.5125 0.4050925925925926 0.028125 0.037037037037037035
0 0.48359375 0.5828703703703704 0.03359375 0.0712962962962963
0 0.5458333333333333 0.2449074074074074 0.025520833333333333 0.052314814814814814
0 0.45260416666666664 0.6907407407407408 0.03229166666666667 0.03657407407407407
0 0.39114583333333336 0.7837962962962963 0.021875 0.043055555555555555
0 0.5815104166666667 0.11851851851851852 0.022395833333333334 0.031018518518518518
0 0.41953125 0.35462962962962963 0.025260416666666667 0.03564814814814815
0 0.5494791666666666 0.29074074074074074 0.022395833333333334 0.030555555555555555
0 0.63203125 0.4587962962962963 0.027604166666666666 0.02962962962962963
0 0.2713541666666667 0.11851851851851852 0.024479166666666666 0.028703703703703703
0 0.6385416666666667 0.4162037037037037 0.0296875 0.041666666666666664
0 0.665625 0.41759259259259257 0.021354166666666667 0.03935185185185185
