0 0.41744791666666664 0.4287037037037037 0.01640625 0.03796296296296296
0 0.5783854166666667 0.7226851851851852 0.03984375 0.05694444444444444
0 0.7364583333333333 0.5574074074074075 0.02734375 0.050462962962962966
0 0.7776041666666667 0.6856481481481481 0.034375 0.059722222222222225
0 0.5776041666666667 0.8333333333333334 0.02265625 0.04583333333333333
0 0.4348958333333333 0.8296296296296296 0.03802083333333333 0.05416666666666667
0 0.5244791666666667 0.43287037037037035 0.029947916666666668 0.04490740740740741
0 0.35703125 0.7050925925925926 0.03359375 0.056018518518518516
0 0.41484375 0.7310185185185185 0.016145833333333335 0.02962962962962963
0 0.3572916666666667 0.5402777777777777 0.02734375 0.04212962962962963
0 0.3190104166666667 0.6180555555555556 0.029166666666666667 0.05555555555555555
0 0.37942708333333336 0.6425925925925926 0.01171875 0.025
0 0.44114583333333335 0.3458333333333333 0.02890625 0.03518518518518519
0 0.35989583333333336 0.6393518518518518 0.03463541666666667 0.041666666666666664
0 0.5059895833333333 0.47824074074074074 0.01953125 0.03935185185185185
0 0.6385416666666667 0.4486111111111111 0.03802083333333333 0.1259259259259259
0 0.7533854166666667 0.3726851851851852 0.01484375 0.03287037037037037
0 0.2791666666666667 0.18564814814814815 0.04895833333333333 0.1259259259259259
0 0.7515625 0.3523148148148148 0.015364583333333333 0.025
0 0.8903645833333333 0.40324074074074073 0.026302083333333334 0.03425925925925926
0 0.7833333333333333 0.1787037037037037 0.025 0.047685185185185185
0 0.3302083333333333 0.35462962962962963 0.013802083333333333 0.033796296296296297
0 0.3984375 0.30277777777777776 0.023177083333333334 0.03981481481481482
0 0.39401041666666664 0.2773148148148148 0.06588541666666667 0.062037037037037036
0 0.56328125 0.23657407407407408 0.0609375 0.075
0 0.9440104166666666 0.07222222222222222 0.02578125 0.04814814814814815
0 0.9440104166666666 0.1537037037037037 0.030989583333333334 0.049074074074074076
0 0.8940104166666667 0.19583333333333333 0.032552083333333336 0.053703703703703705
0 0.5130208333333334 0.1925925925925926 0.0359375 0.06018518518518518
0 0.42239583333333336 0.23148148148148148 0.03125 0.05
0 0.5880208333333333 0.10925925925925926 0.04192708333333333 0.0837962962962963
0 0.96328125 0.10601851851851851 0.023958333333333335 0.02638888888888889
0 0.9705729166666667 0.1287037037037037 0.023697916666666666 0.034722222222222224
0 0.41302083333333334 0.18333333333333332 0.06276041666666667 0.050462962962962966
0 0.51328125 0.4083333333333333 0.028125 0.037037037037037035
0 0.48385416666666664 0.5842592592592593 0.03046875 0.06481481481481481
0 0.5481770833333334 0.24305555555555555 0.025520833333333333 0.052314814814814814
0 0.45338541666666665 0.6888888888888889 0.03229166666666667 0.03657407407407407
0 0.39739583333333334 0.7777777777777778 0.020052083333333335 0.03888888888888889
0 0.5830729166666667 0.11527777777777778 0.0234375 0.032407407407407406
0 0.4161458333333333 0.3611111111111111 0.025260416666666667 0.03564814814814815
0 0.5513020833333333 0.2861111111111111 0.021354166666666667 0.029166666666666667
0 0.6338541666666667 0.45740740740740743 0.026302083333333334 0.02824074074074074
0 0.26979166666666665 0.11527777777777778 0.032552083333333336 0.028703703703703703
0 0.6395833333333333 0.42268518518518516 0.030989583333333334 0.04398148148148148
0 0.6622395833333333 0.4217592592592593 0.01953125 0.03564814814814815
