0 0.4205729166666667 0.4300925925925926 0.014322916666666666 0.03287037037037037
0 0.57265625 0.7268518518518519 0.03984375 0.05694444444444444
0 0.7328125 0.5550925925925926 0.02734375 0.050462962962962966
0 0.7734375 0.6884259259259259 0.034375 0.059722222222222225
0 0.5825520833333333 0.8444444444444444 0.023697916666666666 0.04814814814814815
0 0.42213541666666665 0.8402777777777778 0.03125 0.05277777777777778
0 0.5234375 0.43703703703703706 0.031510416666666666 0.04722222222222222
0 0.3541666666666667 0.7212962962962963 0.03203125 0.05324074074074074
0 0.41796875 0.7375 0.015364583333333333 0.02824074074074074
0 0.3515625 0.5634259259259259 0.028645833333333332 0.044444444444444446
0 0.31744791666666666 0.6143518518518518 0.029166666666666667 0.05555555555555555
0 0.3828125 0.6476851851851851 0.01015625 0.02175925925925926
0 0.43671875 0.34953703703703703 0.02890625 0.03518518518518519
0 0.3484375 0.6694444444444444 0.031510416666666666 0.03796296296296296
0 0.5158854166666667 0.4861111111111111 0.01953125 0.03935185185185185
0 0.6377604166666667 0.4462962962962963 0.03802083333333333 0.1259259259259259
0 0.7388020833333333 0.3699074074074074 0.01484375 0.03287037037037037
0 0.28177083333333336 0.2023148148148148 0.05390625 0.1388888888888889
0 0.7359375 0.350462962962963 0.015364583333333333 0.025
0 0.8888020833333333 0.4060185185185185 0.026302083333333334 0.03425925925925926
0 0.790625 0.1675925925925926 0.025 0.047685185185185185
0 0.32135416666666666 0.3587962962962963 0.013802083333333333 0.033796296296296297
0 0.39869791666666665 0.30416666666666664 0.022135416666666668 0.03796296296296296
0 0.39296875 0.27870370370370373 0.06588541666666667 0.062037037037037036
0 0.5604166666666667 0.23796296296296296 0.0609375 0.075
0 0.94765625 0.06712962962962964 0.02578125 0.04814814814814815
0 0.94375 0.15833333333333333 0.030989583333333334 0.049074074074074076
0 0.89296875 0.1962962962962963 0.032552083333333336 0.053703703703703705
0 0.5088541666666667 0.19490740740740742 0.03411458333333333 0.05740740740740741
0 0.42135416666666664 0.22453703703703703 0.03125 0.05
0 0.5875 0.1087962962962963 0.04192708333333333 0.0837962962962963
0 0.96328125 0.10601851851851851 0.02265625 0.025
0 0.9705729166666667 0.1310185185185185 0.023697916666666666 0.034722222222222224
0 0.4114583333333333 0.18287037037037038 0.06276041666666667 0.050462962962962966
0 0.5091145833333334 0.4046296296296296 0.028125 0.037037037037037035
0 0.4817708333333333 0.5833333333333334 0.03359375 0.0712962962962963
0 0.5447916666666667 0.24444444444444444 0.025520833333333333 0.052314814814814814
0 0.45234375 0.6921296296296297 0.033854166666666664 0.038425925925925926
0 0.3875 0.7861111111111111 0.023177083333333334 0.04490740740740741
0 0.58125 0.1175925925925926 0.022395833333333334 0.031018518518518518
0 0.4203125 0.3472222222222222 0.023958333333333335 0.03425925925925926
0 0.5489583333333333 0.29074074074074074 0.022395833333333334 0.030555555555555555
0 0.62421875 0.4652777777777778 0.016666666666666666 0.031018518518518518
0 0.27395833333333336 0.1310185185185185 0.025520833333333333 0.04027777777777778
0 0.6403645833333333 0.4162037037037037 0.028125 0.03981481481481482
0 0.6666666666666666 0.4134259259259259 0.021354166666666667 0.03935185185185185
