0 0.4270833333333333 0.41944444444444445 0.013020833333333334 0.02962962962962963
0 0.57734375 0.7245370370370371 0.043229166666666666 0.05416666666666667
0 0.7338541666666667 0.5421296296296296 0.03177083333333333 0.058333333333333334
0 0.7744791666666667 0.6930555555555555 0.03984375 0.06944444444444445
0 0.5927083333333333 0.8569444444444444 0.021614583333333333 0.04351851851851852
0 0.41119791666666666 0.8467592592592592 0.03619791666666667 0.06111111111111111
0 0.5177083333333333 0.449537037037037 0.031510416666666666 0.04722222222222222
0 0.34140625 0.7337962962962963 0.03203125 0.05324074074074074
0 0.41796875 0.7435185185185185 0.015364583333333333 0.02824074074074074
0 0.340625 0.5935185185185186 0.024739583333333332 0.038425925925925926
0 0.32786458333333335 0.5833333333333334 0.0265625 0.050462962962962966
0 0.38385416666666666 0.6541666666666667 0.010677083333333334 0.022685185185185187
0 0.4317708333333333 0.3296296296296296 0.020833333333333332 0.04259259259259259
0 0.34322916666666664 0.6768518518518518 0.028645833333333332 0.03425925925925926
0 0.5458333333333333 0.4671296296296296 0.017708333333333333 0.03564814814814815
0 0.63828125 0.44583333333333336 0.03619791666666667 0.11990740740740741
0 0.7088541666666667 0.3578703703703704 0.0140625 0.031018518518518518
0 0.2796875 0.24212962962962964 0.05390625 0.1388888888888889
0 0.7098958333333333 0.3263888888888889 0.015364583333333333 0.025
0 0.8880208333333334 0.3925925925925926 0.026302083333333334 0.03425925925925926
0 0.8125 0.15925925925925927 0.025 0.047685185185185185
0 0.31145833333333334 0.3578703703703704 0.013802083333333333 0.033796296296296297
0 0.39895833333333336 0.30925925925925923 0.022135416666666668 0.03796296296296296
0 0.39375 0.28055555555555556 0.06588541666666667 0.062037037037037036
0 0.55234375 0.23981481481481481 0.0609375 0.075
0 0.94609375 0.06342592592592593 0.02109375 0.03981481481481482
0 0.94609375 0.16435185185185186 0.030989583333333334 0.049074074074074076
0 0.8927083333333333 0.1962962962962963 0.032552083333333336 0.053703703703703705
0 0.5049479166666667 0.19583333333333333 0.0359375 0.06018518518518518
0 0.42083333333333334 0.2111111111111111 0.0296875 0.047685185185185185
0 0.5846354166666666 0.11064814814814815 0.04401041666666667 0.08796296296296297
0 0.9643229166666667 0.10925925925925926 0.02265625 0.025
0 0.96953125 0.12962962962962962 0.025 0.03657407407407407
0 0.41171875 0.1824074074074074 0.06588541666666667 0.05277777777777778
0 0.5059895833333333 0.4162037037037037 0.030989583333333334 0.040740740740740744
0 0.4739583333333333 0.5898148148148148 0.03697916666666667 0.050462962962962966
0 0.53828125 0.24953703703703703 0.025520833333333333 0.052314814814814814
0 0.44609375 0.7064814814814815 0.03229166666666667 0.03657407407407407
0 0.3731770833333333 0.8004629629629629 0.020052083333333335 0.03888888888888889
0 0.5776041666666667 0.12037037037037036 0.022395833333333334 0.031018518518518518
0 0.43776041666666665 0.3050925925925926 0.022916666666666665 0.032407407407407406
0 0.5416666666666666 0.3 0.0203125 0.027777777777777776
0 0.6247395833333333 0.4648148148148148 0.016666666666666666 0.031018518518518518
0 0.2752604166666667 0.16712962962962963 0.026822916666666665 0.04212962962962963
0 0.6390625 0.4162037037037037 0.028125 0.03981481481481482
0 0.6653645833333334 0.4097222222222222 0.01953125 0.03564814814814815
