0 0.4552083333333333 0.3680555555555556 0.04635416666666667 0.03981481481481482
0 0.5734375 0.7046296296296296 0.03802083333333333 0.05416666666666667
0 0.7434895833333334 0.5546296296296296 0.03671875 0.06574074074074074
0 0.7864583333333334 0.6680555555555555 0.034375 0.059722222222222225
0 0.559375 0.7777777777777778 0.02265625 0.04583333333333333
0 0.45598958333333334 0.8 0.033854166666666664 0.05
0 0.54140625 0.449537037037037 0.030729166666666665 0.06481481481481481
0 0.3846354166666667 0.6587962962962963 0.017447916666666667 0.03796296296296296
0 0.421875 0.6916666666666667 0.015364583333333333 0.02824074074074074
0 0.3809895833333333 0.47453703703703703 0.03697916666666667 0.06342592592592593
0 0.32760416666666664 0.5671296296296297 0.03802083333333333 0.07037037037037037
0 0.39791666666666664 0.5763888888888888 0.011197916666666667 0.024074074074074074
0 0.45625 0.36203703703703705 0.025260416666666667 0.030555555555555555
0 0.3734375 0.6268518518518519 0.031510416666666666 0.06805555555555555
0 0.50390625 0.4199074074074074 0.018489583333333334 0.0375
0 0.640625 0.4305555555555556 0.03802083333333333 0.1259259259259259
0 0.78671875 0.34444444444444444 0.0140625 0.031018518518518518
0 0.28072916666666664 0.10277777777777777 0.07057291666666667 0.03981481481481482
0 0.7895833333333333 0.33425925925925926 0.017708333333333333 0.028703703703703703
0 0.8950520833333333 0.37222222222222223 0.026302083333333334 0.03425925925925926
0 0.7520833333333333 0.17592592592592593 0.023697916666666666 0.04537037037037037
0 0.3484375 0.3111111111111111 0.015104166666666667 0.037037037037037035
0 0.4 0.2898148148148148 0.02421875 0.04212962962962963
0 0.3966145833333333 0.2601851851851852 0.06927083333333334 0.06527777777777778
0 0.57265625 0.21805555555555556 0.0609375 0.075
0 0.93359375 0.06759259259259259 0.02578125 0.04814814814814815
0 0.9505208333333334 0.1310185185185185 0.030989583333333334 0.049074074074074076
0 0.8966145833333333 0.17824074074074073 0.032552083333333336 0.053703703703703705
0 0.5270833333333333 0.1787037037037037 0.0359375 0.07175925925925926
0 0.425 0.2175925925925926 0.023177083333333334 0.037037037037037035
0 0.5984375 0.09351851851851851 0.06015625 0.060648148148148145
0 0.965625 0.09027777777777778 0.02265625 0.025
0 0.9755208333333333 0.11990740740740741 0.023697916666666666 0.034722222222222224
0 0.41640625 0.16620370370370371 0.06276041666666667 0.050462962962962966
0 0.5244791666666667 0.36574074074074076 0.02421875 0.03194444444444444
0 0.48489583333333336 0.5745370370370371 0.027604166666666666 0.05138888888888889
0 0.5643229166666667 0.22546296296296298 0.03958333333333333 0.047685185185185185
0 0.46536458333333336 0.6708333333333333 0.033854166666666664 0.038425925925925926
0 0.42291666666666666 0.7300925925925926 0.025520833333333333 0.04953703703703704
0 0.5927083333333333 0.0962962962962963 0.02578125 0.03564814814814815
0 0.39609375 0.3574074074074074 0.029166666666666667 0.041666666666666664
0 0.5716145833333334 0.2763888888888889 0.021354166666666667 0.029166666666666667
0 0.6580729166666667 0.4064814814814815 0.021614583333333333 0.050462962962962966
0 0.6341145833333334 0.4393518518518518 0.025 0.026851851851851852
0 0.634375 0.4236111111111111 0.022395833333333334 0.034722222222222224
0 0.29609375 0.07685185185185185 0.02109375 0.03564814814814815
