0 0.5247395833333334 0.3990740740740741 0.013541666666666667 0.031018518518518518
0 0.6997395833333333 0.7333333333333333 0.043229166666666666 0.05416666666666667
0 0.85234375 0.5375 0.03177083333333333 0.058333333333333334
0 0.88984375 0.6972222222222222 0.03802083333333333 0.06574074074074074
0 0.71328125 0.8675925925925926 0.023697916666666666 0.04814814814814815
0 0.5236979166666667 0.8555555555555555 0.0328125 0.05555555555555555
0 0.6221354166666667 0.4222222222222222 0.029947916666666668 0.04490740740740741
0 0.45286458333333335 0.7425925925925926 0.03359375 0.056018518518518516
0 0.5244791666666667 0.7481481481481481 0.016927083333333332 0.031018518518518518
0 0.45416666666666666 0.6199074074074075 0.026041666666666668 0.04027777777777778
0 0.4427083333333333 0.5425925925925926 0.025260416666666667 0.047685185185185185
0 0.49166666666666664 0.6569444444444444 0.01875 0.0375
0 0.5494791666666666 0.34675925925925927 0.01875 0.03888888888888889
0 0.4453125 0.6953703703703704 0.0234375 0.02824074074074074
0 0.6489583333333333 0.4912037037037037 0.017708333333333333 0.03564814814814815
0 0.75625 0.4550925925925926 0.0375 0.13240740740740742
0 0.7885416666666667 0.33240740740740743 0.015625 0.03425925925925926
0 0.4046875 0.38101851851851853 0.04505208333333333 0.15324074074074073
0 0.79921875 0.3074074074074074 0.014583333333333334 0.03935185185185185
0 0.9614583333333333 0.15462962962962962 0.03203125 0.06111111111111111
0 0.41901041666666666 0.3587962962962963 0.020052083333333335 0.03935185185185185
0 0.5114583333333333 0.3189814814814815 0.026822916666666665 0.046296296296296294
0 0.5083333333333333 0.2972222222222222 0.06588541666666667 0.0763888888888889
0 0.6614583333333334 0.24722222222222223 0.0609375 0.075
0 0.61484375 0.20462962962962963 0.03411458333333333 0.05740740740740741
0 0.53359375 0.21064814814814814 0.026822916666666665 0.043055555555555555
0 0.6947916666666667 0.11296296296296296 0.03203125 0.1050925925925926
0 0.5278645833333333 0.1726851851851852 0.06588541666666667 0.05277777777777778
0 0.6958333333333333 0.42083333333333334 0.032552083333333336 0.04259259259259259
0 0.5864583333333333 0.5953703703703703 0.038802083333333334 0.05277777777777778
0 0.6515625 0.26481481481481484 0.032552083333333336 0.0375
0 0.5364583333333334 0.7087962962962963 0.030729166666666665 0.03518518518518519
0 0.48203125 0.8185185185185185 0.019010416666666665 0.037037037037037035
0 0.6963541666666667 0.11296296296296296 0.022135416666666668 0.030555555555555555
0 0.5622395833333333 0.32685185185185184 0.029166666666666667 0.0412037037037037
0 0.6473958333333333 0.28935185185185186 0.0203125 0.027777777777777776
0 0.7408854166666666 0.4722222222222222 0.017447916666666667 0.032407407407407406
0 0.3770833333333333 0.22870370370370371 0.026822916666666665 0.04212962962962963
0 0.76171875 0.4212962962962963 0.022135416666666668 0.04861111111111111
0 0.7825520833333334 0.40694444444444444 0.019791666666666666 0.0412037037037037
