0 0.4708333333333333 0.4027777777777778 0.013541666666666667 0.031018518518518518
0 0.6338541666666667 0.7287037037037037 0.043229166666666666 0.05416666666666667
0 0.7854166666666667 0.5333333333333333 0.03177083333333333 0.058333333333333334
0 0.8294270833333334 0.6921296296296297 0.03984375 0.06944444444444445
0 0.6515625 0.8629629629629629 0.02265625 0.04583333333333333
0 0.4630208333333333 0.8532407407407407 0.03125 0.05277777777777778
0 0.5580729166666667 0.42453703703703705 0.029947916666666668 0.04490740740740741
0 0.39453125 0.7333333333333333 0.03203125 0.05324074074074074
0 0.47369791666666666 0.7398148148148148 0.016145833333333335 0.02962962962962963
0 0.39296875 0.6078703703703704 0.024739583333333332 0.038425925925925926
0 0.37734375 0.5569444444444445 0.0265625 0.050462962962962966
0 0.434375 0.6564814814814814 0.011197916666666667 0.024074074074074074
0 0.48151041666666666 0.3458333333333333 0.01875 0.03888888888888889
0 0.38984375 0.6916666666666667 0.022395833333333334 0.026851851851851852
0 0.5872395833333334 0.4759259259259259 0.017708333333333333 0.03564814814814815
0 0.6934895833333333 0.45092592592592595 0.04192708333333333 0.1388888888888889
0 0.7364583333333333 0.34953703703703703 0.015625 0.03425925925925926
0 0.32734375 0.27175925925925926 0.05963541666666667 0.15324074074074073
0 0.7466145833333333 0.3060185185185185 0.014583333333333334 0.03935185185185185
0 0.94453125 0.3907407407407407 0.026302083333333334 0.03425925925925926
0 0.884375 0.15694444444444444 0.02890625 0.05555555555555555
0 0.36432291666666666 0.3578703703703704 0.0125 0.030555555555555555
0 0.45234375 0.31712962962962965 0.025520833333333333 0.04398148148148148
0 0.4473958333333333 0.2810185185185185 0.06588541666666667 0.0763888888888889
0 0.6010416666666667 0.2439814814814815 0.0609375 0.075
0 0.9471354166666667 0.19814814814814816 0.032552083333333336 0.053703703703703705
0 0.5557291666666667 0.20277777777777778 0.03411458333333333 0.05740740740740741
0 0.47161458333333334 0.20879629629629629 0.028385416666666666 0.04537037037037037
0 0.63671875 0.10694444444444444 0.04401041666666667 0.08796296296296297
0 0.465625 0.17592592592592593 0.06588541666666667 0.05277777777777778
0 0.6229166666666667 0.4300925925925926 0.030989583333333334 0.040740740740740744
0 0.5244791666666667 0.5912037037037037 0.03697916666666667 0.050462962962962966
0 0.5888020833333333 0.26064814814814813 0.032552083333333336 0.0375
0 0.49973958333333335 0.711574074074074 0.033854166666666664 0.038425925925925926
0 0.42291666666666666 0.8087962962962963 0.019010416666666665 0.037037037037037035
0 0.63046875 0.12175925925925926 0.022395833333333334 0.031018518518518518
0 0.49557291666666664 0.325 0.0265625 0.0375
0 0.5875 0.29444444444444445 0.019270833333333334 0.02638888888888889
0 0.6802083333333333 0.46944444444444444 0.017447916666666667 0.032407407407407406
0 0.3151041666666667 0.2050925925925926 0.029427083333333333 0.04675925925925926
0 0.6958333333333333 0.41805555555555557 0.03411458333333333 0.04861111111111111
0 0.7041666666666667 0.4185185185185185 0.022395833333333334 0.0412037037037037
