0 0.48463541666666665 0.4013888888888889 0.013541666666666667 0.031018518518518518
0 0.65 0.7319444444444444 0.0453125 0.05694444444444444
0 0.803125 0.5333333333333333 0.03333333333333333 0.06111111111111111
0 0.8427083333333333 0.6935185185185185 0.03802083333333333 0.06574074074074074
0 0.659375 0.8625 0.02265625 0.04583333333333333
0 0.47760416666666666 0.8523148148148149 0.03125 0.05277777777777778
0 0.5713541666666667 0.42685185185185187 0.029947916666666668 0.04490740740740741
0 0.40703125 0.7314814814814815 0.03203125 0.05324074074074074
0 0.48151041666666666 0.7435185185185185 0.016145833333333335 0.02962962962962963
0 0.4078125 0.611574074074074 0.024739583333333332 0.038425925925925926
0 0.39036458333333335 0.5546296296296296 0.025260416666666667 0.047685185185185185
0 0.4354166666666667 0.6467592592592593 0.010677083333333334 0.023148148148148147
0 0.48723958333333334 0.35555555555555557 0.01796875 0.037037037037037035
0 0.4080729166666667 0.6916666666666667 0.0234375 0.02824074074074074
0 0.6041666666666666 0.4787037037037037 0.018489583333333334 0.0375
0 0.70859375 0.4532407407407407 0.03984375 0.13240740740740742
0 0.7447916666666666 0.3425925925925926 0.015625 0.03425925925925926
0 0.3419270833333333 0.2791666666666667 0.05963541666666667 0.15324074074074073
0 0.7583333333333333 0.3050925925925926 0.014583333333333334 0.03935185185185185
0 0.9591145833333333 0.38935185185185184 0.027604166666666666 0.03611111111111111
0 0.9015625 0.1574074074074074 0.03046875 0.058333333333333334
0 0.35625 0.34675925925925927 0.011979166666666667 0.029166666666666667
0 0.46770833333333334 0.3162037037037037 0.025520833333333333 0.04398148148148148
0 0.4622395833333333 0.2828703703703704 0.06588541666666667 0.0763888888888889
0 0.6153645833333333 0.2449074074074074 0.0609375 0.075
0 0.9627604166666667 0.1986111111111111 0.03411458333333333 0.05648148148148148
0 0.5703125 0.20462962962962963 0.03411458333333333 0.05740740740740741
0 0.48671875 0.20925925925925926 0.028385416666666666 0.04537037037037037
0 0.6513020833333333 0.10740740740740741 0.04401041666666667 0.08796296296296297
0 0.48020833333333335 0.17407407407407408 0.06588541666666667 0.05277777777777778
0 0.6442708333333333 0.42777777777777776 0.032552083333333336 0.04259259259259259
0 0.5395833333333333 0.5925925925925926 0.03697916666666667 0.050462962962962966
0 0.6036458333333333 0.26157407407407407 0.032552083333333336 0.0375
0 0.51328125 0.7129629629629629 0.033854166666666664 0.038425925925925926
0 0.43046875 0.8 0.019010416666666665 0.037037037037037035
0 0.6455729166666667 0.12222222222222222 0.022395833333333334 0.031018518518518518
0 0.5052083333333334 0.33611111111111114 0.0265625 0.0375
0 0.5984375 0.2898148148148148 0.0203125 0.027777777777777776
0 0.6953125 0.4708333333333333 0.017447916666666667 0.032407407407407406
0 0.32916666666666666 0.20972222222222223 0.029427083333333333 0.04675925925925926
0 0.7111979166666667 0.4217592592592593 0.032552083333333336 0.046296296296296294
0 0.7322916666666667 0.40925925925925927 0.022395833333333334 0.0412037037037037
