0 0.43697916666666664 0.37592592592592594 0.04869791666666667 0.041666666666666664
0 0.5713541666666667 0.6958333333333333 0.04401041666666667 0.0625
0 0.7481770833333333 0.5453703703703704 0.03177083333333333 0.05694444444444444
0 0.79375 0.6569444444444444 0.04583333333333333 0.06620370370370371
0 0.5518229166666667 0.7416666666666667 0.021614583333333333 0.04351851851851852
0 0.496875 0.775 0.030729166666666665 0.04537037037037037
0 0.54765625 0.45185185185185184 0.029166666666666667 0.06157407407407407
0 0.39791666666666664 0.6282407407407408 0.017447916666666667 0.03796296296296296
0 0.4296875 0.6625 0.016927083333333332 0.03148148148148148
0 0.3927083333333333 0.42962962962962964 0.027604166666666666 0.04722222222222222
0 0.33359375 0.5365740740740741 0.04609375 0.0837962962962963
0 0.4203125 0.524074074074074 0.010677083333333334 0.022685185185185187
0 0.46770833333333334 0.36203703703703705 0.02265625 0.027777777777777776
0 0.3828125 0.5805555555555556 0.029947916666666668 0.06481481481481481
0 0.49947916666666664 0.4388888888888889 0.017708333333333333 0.03564814814814815
0 0.63828125 0.4148148148148148 0.03802083333333333 0.1259259259259259
0 0.8010416666666667 0.34444444444444444 0.015625 0.03425925925925926
0 0.31588541666666664 0.08009259259259259 0.09895833333333333 0.09212962962962963
0 0.80625 0.3125 0.01875 0.03009259259259259
0 0.8908854166666667 0.3578703703703704 0.025 0.032407407407407406
0 0.73203125 0.18518518518518517 0.023697916666666666 0.04537037037037037
0 0.359375 0.28935185185185186 0.015104166666666667 0.037037037037037035
0 0.3984375 0.2800925925925926 0.02421875 0.04212962962962963
0 0.39765625 0.2513888888888889 0.06927083333333334 0.06527777777777778
0 0.5841145833333333 0.2013888888888889 0.055989583333333336 0.10416666666666667
0 0.92109375 0.07453703703703704 0.02578125 0.04814814814814815
0 0.9510416666666667 0.12638888888888888 0.030989583333333334 0.049074074074074076
0 0.8971354166666666 0.1699074074074074 0.032552083333333336 0.053703703703703705
0 0.5364583333333334 0.1736111111111111 0.032552083333333336 0.06527777777777778
0 0.42526041666666664 0.20925925925925926 0.02109375 0.033796296296296297
0 0.6078125 0.09027777777777778 0.06015625 0.060648148148148145
0 0.97109375 0.0837962962962963 0.023958333333333335 0.02638888888888889
0 0.9778645833333334 0.1162037037037037 0.025 0.03657407407407407
0 0.41744791666666664 0.15694444444444444 0.06588541666666667 0.05277777777777778
0 0.53125 0.3523148148148148 0.02109375 0.027777777777777776
0 0.4864583333333333 0.5643518518518519 0.02890625 0.05416666666666667
0 0.57109375 0.21342592592592594 0.03958333333333333 0.047685185185185185
0 0.46822916666666664 0.6625 0.033854166666666664 0.038425925925925926
0 0.43203125 0.6953703703703704 0.02421875 0.04722222222222222
0 0.5981770833333333 0.08935185185185185 0.02578125 0.03564814814814815
0 0.38177083333333334 0.3236111111111111 0.0265625 0.0375
0 0.5911458333333334 0.2587962962962963 0.0203125 0.027777777777777776
0 0.6606770833333333 0.38935185185185184 0.01953125 0.04537037037037037
0 0.6317708333333333 0.42916666666666664 0.026302083333333334 0.02824074074074074
0 0.6065104166666667 0.40925925925925927 0.028385416666666666 0.044444444444444446
0 0.31015625 0.06481481481481481 0.025520833333333333 0.043055555555555555
