0 0.44505208333333335 0.40879629629629627 0.013020833333333334 0.02962962962962963
0 0.596875 0.725925925925926 0.043229166666666666 0.05416666666666667
0 0.7552083333333334 0.5314814814814814 0.030208333333333334 0.05555555555555555
0 0.7927083333333333 0.6893518518518519 0.04192708333333333 0.07268518518518519
0 0.6140625 0.8597222222222223 0.021614583333333333 0.04351851851851852
0 0.4231770833333333 0.8416666666666667 0.03125 0.05277777777777778
0 0.54453125 0.4615740740740741 0.028645833333333332 0.04259259259259259
0 0.35989583333333336 0.7333333333333333 0.035416666666666666 0.0587962962962963
0 0.4393229166666667 0.7481481481481481 0.016145833333333335 0.02962962962962963
0 0.36276041666666664 0.600462962962963 0.02734375 0.04212962962962963
0 0.3455729166666667 0.5657407407407408 0.025260416666666667 0.047685185185185185
0 0.40208333333333335 0.6574074074074074 0.01171875 0.025
0 0.4549479166666667 0.3375 0.019791666666666666 0.040740740740740744
0 0.36015625 0.6828703703703703 0.026041666666666668 0.031018518518518518
0 0.5760416666666667 0.4513888888888889 0.017708333333333333 0.03564814814814815
0 0.6575520833333334 0.4476851851851852 0.03984375 0.13240740740740742
0 0.7143229166666667 0.3527777777777778 0.0140625 0.031018518518518518
0 0.2942708333333333 0.25324074074074077 0.05963541666666667 0.15324074074074073
0 0.7190104166666667 0.3226851851851852 0.015364583333333333 0.025
0 0.9098958333333333 0.38935185185185184 0.026302083333333334 0.03425925925925926
0 0.8403645833333333 0.15648148148148147 0.025 0.047685185185185185
0 0.33151041666666664 0.35 0.013020833333333334 0.03194444444444444
0 0.41692708333333334 0.3125 0.02421875 0.04212962962962963
0 0.4119791666666667 0.27361111111111114 0.06588541666666667 0.0763888888888889
0 0.5697916666666667 0.2439814814814815 0.0609375 0.075
0 0.96875 0.06759259259259259 0.02109375 0.03981481481481482
0 0.97265625 0.16111111111111112 0.030989583333333334 0.049074074074074076
0 0.91171875 0.19537037037037036 0.032552083333333336 0.053703703703703705
0 0.52265625 0.2 0.03411458333333333 0.05740740740740741
0 0.43828125 0.2064814814814815 0.028385416666666666 0.04537037037037037
0 0.6033854166666667 0.10694444444444444 0.04401041666666667 0.08796296296296297
0 0.98515625 0.11064814814814815 0.02265625 0.025
0 0.9877604166666667 0.13055555555555556 0.023697916666666666 0.034722222222222224
0 0.4309895833333333 0.17962962962962964 0.06276041666666667 0.050462962962962966
0 0.525 0.41944444444444445 0.0296875 0.03888888888888889
0 0.49270833333333336 0.5875 0.03697916666666667 0.050462962962962966
0 0.5533854166666666 0.2601851851851852 0.032552083333333336 0.0375
0 0.4627604166666667 0.7064814814814815 0.03229166666666667 0.03657407407407407
0 0.3890625 0.799537037037037 0.020833333333333332 0.040740740740740744
0 0.59609375 0.11990740740740741 0.022395833333333334 0.031018518518518518
0 0.4661458333333333 0.30694444444444446 0.025260416666666667 0.03564814814814815
0 0.55625 0.29444444444444445 0.018489583333333334 0.025
0 0.6447916666666667 0.46620370370370373 0.017447916666666667 0.032407407407407406
0 0.28619791666666666 0.1824074074074074 0.028125 0.044444444444444446
0 0.6583333333333333 0.4203703703703704 0.0296875 0.041666666666666664
0 0.6822916666666666 0.40925925925925927 0.021354166666666667 0.03935185185185185
