0 0.42604166666666665 0.42453703703703705 0.013541666666666667 0.031018518518518518
0 0.5778645833333333 0.7240740740740741 0.0453125 0.05694444444444444
0 0.7328125 0.5472222222222223 0.028645833333333332 0.05277777777777778
0 0.7729166666666667 0.6861111111111111 0.034375 0.059722222222222225
0 0.5888020833333333 0.850925925925926 0.02265625 0.04583333333333333
0 0.4171875 0.8435185185185186 0.034375 0.058333333333333334
0 0.521875 0.44722222222222224 0.031510416666666666 0.04722222222222222
0 0.34661458333333334 0.7287037037037037 0.03203125 0.05324074074074074
0 0.4161458333333333 0.7407407407407407 0.015364583333333333 0.02824074074074074
0 0.34479166666666666 0.5800925925925926 0.028645833333333332 0.044444444444444446
0 0.32135416666666666 0.5962962962962963 0.027864583333333335 0.05277777777777778
0 0.3859375 0.6476851851851851 0.010677083333333334 0.022685185185185187
0 0.43463541666666666 0.33935185185185185 0.020833333333333332 0.04259259259259259
0 0.3455729166666667 0.6685185185185185 0.029947916666666668 0.03611111111111111
0 0.53203125 0.4847222222222222 0.01953125 0.03935185185185185
0 0.6372395833333333 0.44583333333333336 0.03802083333333333 0.1259259259259259
0 0.72578125 0.3648148148148148 0.0140625 0.031018518518518518
0 0.2830729166666667 0.22175925925925927 0.05390625 0.1388888888888889
0 0.7234375 0.3347222222222222 0.015364583333333333 0.025
0 0.8854166666666666 0.40185185185185185 0.026302083333333334 0.03425925925925926
0 0.8028645833333333 0.1648148148148148 0.025 0.047685185185185185
0 0.3151041666666667 0.3574074074074074 0.013802083333333333 0.033796296296296297
0 0.3984375 0.3055555555555556 0.020833333333333332 0.03611111111111111
0 0.3927083333333333 0.28055555555555556 0.06588541666666667 0.062037037037037036
0 0.5572916666666666 0.23796296296296296 0.0609375 0.075
0 0.9455729166666667 0.06388888888888888 0.022395833333333334 0.041666666666666664
0 0.9463541666666667 0.15925925925925927 0.030989583333333334 0.049074074074074076
0 0.8932291666666666 0.19768518518518519 0.032552083333333336 0.053703703703703705
0 0.5072916666666667 0.19537037037037036 0.0359375 0.06018518518518518
0 0.4197916666666667 0.2212962962962963 0.0328125 0.052314814814814814
0 0.5861979166666667 0.10694444444444444 0.04192708333333333 0.0837962962962963
0 0.9635416666666666 0.10601851851851851 0.021614583333333333 0.024074074074074074
0 0.9690104166666667 0.1310185185185185 0.023697916666666666 0.034722222222222224
0 0.41067708333333336 0.18287037037037038 0.06276041666666667 0.050462962962962966
0 0.5067708333333333 0.4134259259259259 0.028125 0.037037037037037035
0 0.47578125 0.5902777777777778 0.03697916666666667 0.050462962962962966
0 0.5416666666666666 0.2462962962962963 0.025520833333333333 0.052314814814814814
0 0.44973958333333336 0.700925925925926 0.030729166666666665 0.03518518518518519
0 0.38619791666666664 0.7930555555555555 0.023177083333333334 0.04490740740740741
0 0.5802083333333333 0.11666666666666667 0.022395833333333334 0.031018518518518518
0 0.42239583333333336 0.3226851851851852 0.021875 0.031018518518518518
0 0.5455729166666666 0.2962962962962963 0.021354166666666667 0.029166666666666667
0 0.6236979166666666 0.4638888888888889 0.016666666666666666 0.031018518518518518
0 0.27708333333333335 0.15 0.025520833333333333 0.04027777777777778
0 0.6388020833333333 0.41574074074074074 0.026822916666666665 0.03796296296296296
0 0.665625 0.4097222222222222 0.0203125 0.037037037037037035
