0 0.42942708333333335 0.40694444444444444 0.013541666666666667 0.031018518518518518
0 0.5796875 0.7240740740740741 0.043229166666666666 0.05416666666666667
0 0.7356770833333334 0.538425925925926 0.03177083333333333 0.058333333333333334
0 0.7768229166666667 0.6930555555555555 0.04192708333333333 0.07268518518518519
0 0.5953125 0.8578703703703704 0.021614583333333333 0.04351851851851852
0 0.40989583333333335 0.8407407407407408 0.034375 0.058333333333333334
0 0.5231770833333333 0.4587962962962963 0.031510416666666666 0.04722222222222222
0 0.3421875 0.7351851851851852 0.03359375 0.056018518518518516
0 0.41953125 0.7444444444444445 0.015364583333333333 0.02824074074074074
0 0.34427083333333336 0.5930555555555556 0.024739583333333332 0.038425925925925926
0 0.3294270833333333 0.5768518518518518 0.0265625 0.050462962962962966
0 0.3854166666666667 0.6555555555555556 0.011197916666666667 0.024074074074074074
0 0.43385416666666665 0.32916666666666666 0.019791666666666666 0.040740740740740744
0 0.34453125 0.6768518518518518 0.028645833333333332 0.03425925925925926
0 0.5515625 0.4625 0.017708333333333333 0.03564814814814815
0 0.6401041666666667 0.44814814814814813 0.03802083333333333 0.1259259259259259
0 0.7075520833333333 0.35555555555555557 0.0140625 0.031018518518518518
0 0.28020833333333334 0.24583333333333332 0.05390625 0.1388888888888889
0 0.7096354166666666 0.32592592592592595 0.015364583333333333 0.025
0 0.8916666666666667 0.3907407407407407 0.026302083333333334 0.03425925925925926
0 0.81640625 0.15833333333333333 0.025 0.047685185185185185
0 0.31354166666666666 0.35462962962962963 0.013020833333333334 0.03194444444444444
0 0.40130208333333334 0.3106481481481482 0.023177083333333334 0.03981481481481482
0 0.3953125 0.28194444444444444 0.06588541666666667 0.062037037037037036
0 0.5536458333333333 0.24166666666666667 0.0609375 0.075
0 0.9484375 0.06435185185185185 0.02109375 0.03981481481481482
0 0.9489583333333333 0.16435185185185186 0.030989583333333334 0.049074074074074076
0 0.8947916666666667 0.1962962962962963 0.032552083333333336 0.053703703703703705
0 0.5078125 0.1962962962962963 0.03411458333333333 0.05740740740740741
0 0.425 0.20879629629629629 0.0296875 0.047685185185185185
0 0.5859375 0.10972222222222222 0.04401041666666667 0.08796296296296297
0 0.9671875 0.11018518518518519 0.02265625 0.025
0 0.9716145833333333 0.12962962962962962 0.025 0.03657407407407407
0 0.41432291666666665 0.1814814814814815 0.06276041666666667 0.050462962962962966
0 0.5078125 0.41712962962962963 0.030989583333333334 0.040740740740740744
0 0.47630208333333335 0.5884259259259259 0.03697916666666667 0.050462962962962966
0 0.5401041666666667 0.25046296296296294 0.025520833333333333 0.052314814814814814
0 0.4479166666666667 0.7078703703703704 0.030729166666666665 0.03518518518518519
0 0.37473958333333335 0.8004629629629629 0.020052083333333335 0.03888888888888889
0 0.5799479166666667 0.11944444444444445 0.022395833333333334 0.031018518518518518
0 0.44140625 0.3060185185185185 0.022916666666666665 0.032407407407407406
0 0.54296875 0.29814814814814816 0.0203125 0.027777777777777776
0 0.62734375 0.4652777777777778 0.016666666666666666 0.031018518518518518
0 0.2747395833333333 0.1699074074074074 0.026822916666666665 0.04212962962962963
0 0.6411458333333333 0.41712962962962963 0.028125 0.03981481481481482
0 0.6671875 0.4078703703703704 0.01953125 0.03564814814814815
