0 0.6127604166666667 0.3939814814814815 0.019010416666666665 0.038425925925925926
0 0.7752604166666667 0.7287037037037037 0.04765625 0.059722222222222225
0 0.93828125 0.5518518518518518 0.03333333333333333 0.06111111111111111
0 0.9703125 0.7023148148148148 0.03984375 0.06944444444444445
0 0.7927083333333333 0.8685185185185185 0.02265625 0.04583333333333333
0 0.6083333333333333 0.8759259259259259 0.034375 0.058333333333333334
0 0.7083333333333334 0.4310185185185185 0.029947916666666668 0.04490740740740741
0 0.5356770833333333 0.7444444444444445 0.03359375 0.056018518518518516
0 0.6075520833333333 0.7597222222222222 0.016927083333333332 0.031018518518518518
0 0.5346354166666667 0.6398148148148148 0.026041666666666668 0.04027777777777778
0 0.51171875 0.5407407407407407 0.026302083333333334 0.05
0 0.5640625 0.6694444444444444 0.01875 0.0375
0 0.62890625 0.36018518518518516 0.01875 0.03888888888888889
0 0.525 0.7046296296296296 0.024739583333333332 0.02962962962962963
0 0.7361979166666667 0.4976851851851852 0.016927083333333332 0.033796296296296297
0 0.8356770833333333 0.4615740740740741 0.039322916666666666 0.1388888888888889
0 0.8515625 0.3314814814814815 0.0171875 0.03796296296296296
0 0.49765625 0.45046296296296295 0.04505208333333333 0.15324074074074073
0 0.8625 0.29398148148148145 0.021875 0.04953703703703704
0 0.5028645833333333 0.36898148148148147 0.020052083333333335 0.03935185185185185
0 0.5830729166666667 0.30277777777777776 0.053385416666666664 0.09768518518518518
0 0.7372395833333333 0.2513888888888889 0.0640625 0.08101851851851852
0 0.6903645833333333 0.20879629629629629 0.0359375 0.06018518518518518
0 0.6046875 0.21296296296296297 0.028385416666666666 0.04537037037037037
0 0.771875 0.11944444444444445 0.03203125 0.1050925925925926
0 0.6057291666666667 0.17175925925925925 0.06927083333333334 0.05555555555555555
0 0.7885416666666667 0.40694444444444444 0.032552083333333336 0.04259259259259259
0 0.66328125 0.5967592592592592 0.042708333333333334 0.058333333333333334
0 0.7283854166666667 0.26851851851851855 0.03411458333333333 0.03935185185185185
0 0.64453125 0.7310185185185185 0.030729166666666665 0.03518518518518519
0 0.5596354166666667 0.8194444444444444 0.02109375 0.05138888888888889
0 0.775 0.11435185185185186 0.023177083333333334 0.03194444444444444
0 0.6736979166666667 0.33564814814814814 0.03203125 0.04537037037037037
0 0.7247395833333333 0.2962962962962963 0.022395833333333334 0.030555555555555555
0 0.4421875 0.2361111111111111 0.028125 0.044444444444444446
0 0.8408854166666667 0.41805555555555557 0.02578125 0.03981481481481482
0 0.8645833333333334 0.41574074074074074 0.019791666666666666 0.0412037037037037
0 0.58046875 0.3212962962962963 0.018489583333333334 0.03888888888888889
0 0.8182291666666667 0.4740740740740741 0.019010416666666665 0.04537037037037037
