0 0.42265625 0.42916666666666664 0.014322916666666666 0.03287037037037037
0 0.5776041666666667 0.7236111111111111 0.03984375 0.05694444444444444
0 0.7328125 0.5486111111111112 0.028645833333333332 0.05277777777777778
0 0.77421875 0.6865740740740741 0.034375 0.059722222222222225
0 0.5859375 0.8486111111111111 0.023697916666666666 0.04814814814814815
0 0.4200520833333333 0.8421296296296297 0.0328125 0.05555555555555555
0 0.5216145833333333 0.43796296296296294 0.031510416666666666 0.04722222222222222
0 0.35 0.7245370370370371 0.03203125 0.05324074074074074
0 0.4153645833333333 0.7375 0.015364583333333333 0.02824074074074074
0 0.34765625 0.5694444444444444 0.028645833333333332 0.044444444444444446
0 0.3182291666666667 0.6032407407407407 0.027864583333333335 0.05277777777777778
0 0.38515625 0.6476851851851851 0.010677083333333334 0.022685185185185187
0 0.43125 0.34120370370370373 0.03203125 0.03888888888888889
0 0.3515625 0.6666666666666666 0.031510416666666666 0.03796296296296296
0 0.5221354166666666 0.4888888888888889 0.01953125 0.03935185185185185
0 0.6388020833333333 0.4462962962962963 0.03802083333333333 0.1259259259259259
0 0.7341145833333333 0.36944444444444446 0.0140625 0.031018518518518518
0 0.2830729166666667 0.21203703703703702 0.05390625 0.1388888888888889
0 0.7307291666666667 0.3439814814814815 0.015364583333333333 0.025
0 0.8872395833333333 0.40324074074074073 0.026302083333333334 0.03425925925925926
0 0.7955729166666666 0.1685185185185185 0.025 0.047685185185185185
0 0.31875 0.3574074074074074 0.013802083333333333 0.033796296296296297
0 0.39869791666666665 0.30462962962962964 0.020833333333333332 0.03611111111111111
0 0.39375 0.2791666666666667 0.06588541666666667 0.062037037037037036
0 0.55859375 0.2388888888888889 0.0609375 0.075
0 0.946875 0.06342592592592593 0.024479166666666666 0.04583333333333333
0 0.94609375 0.15787037037037038 0.030989583333333334 0.049074074074074076
0 0.8927083333333333 0.19722222222222222 0.032552083333333336 0.053703703703703705
0 0.5083333333333333 0.19490740740740742 0.0359375 0.06018518518518518
0 0.4192708333333333 0.22453703703703703 0.03125 0.05
0 0.5859375 0.10833333333333334 0.04192708333333333 0.0837962962962963
0 0.96328125 0.1050925925925926 0.021614583333333333 0.024074074074074074
0 0.96953125 0.13055555555555556 0.023697916666666666 0.034722222222222224
0 0.41119791666666666 0.1824074074074074 0.06276041666666667 0.050462962962962966
0 0.50703125 0.4064814814814815 0.028125 0.037037037037037035
0 0.47994791666666664 0.5777777777777777 0.03697916666666667 0.0787037037037037
0 0.5440104166666667 0.2449074074074074 0.025520833333333333 0.052314814814814814
0 0.44947916666666665 0.6967592592592593 0.03229166666666667 0.03657407407407407
0 0.38567708333333334 0.7875 0.023177083333333334 0.04490740740740741
0 0.5799479166666667 0.11898148148148148 0.022395833333333334 0.031018518518518518
0 0.42161458333333335 0.3282407407407407 0.022916666666666665 0.032407407407407406
0 0.546875 0.2916666666666667 0.022395833333333334 0.030555555555555555
0 0.6239583333333333 0.46435185185185185 0.016666666666666666 0.031018518518518518
0 0.27447916666666666 0.13935185185185187 0.025520833333333333 0.04027777777777778
0 0.6393229166666666 0.4162037037037037 0.028125 0.03981481481481482
0 0.6677083333333333 0.412962962962963 0.021354166666666667 0.03935185185185185
