0 0.45234375 0.37777777777777777 0.044270833333333336 0.03796296296296296
0 0.5765625 0.7046296296296296 0.03802083333333333 0.05416666666666667
0 0.7434895833333334 0.5555555555555556 0.03671875 0.06574074074074074
0 0.7854166666666667 0.6699074074074074 0.034375 0.059722222222222225
0 0.56015625 0.7837962962962963 0.02265625 0.04583333333333333
0 0.4484375 0.8009259259259259 0.033854166666666664 0.05
0 0.5375 0.44537037037037036 0.03229166666666667 0.06805555555555555
0 0.38229166666666664 0.6597222222222222 0.018489583333333334 0.03981481481481482
0 0.4203125 0.6944444444444444 0.015364583333333333 0.02824074074074074
0 0.37786458333333334 0.4824074074074074 0.038802083333333334 0.06666666666666667
0 0.32317708333333334 0.5796296296296296 0.027864583333333335 0.05277777777777778
0 0.3921875 0.5875 0.011197916666666667 0.024074074074074074
0 0.45234375 0.37407407407407406 0.025260416666666667 0.030555555555555555
0 0.3611979166666667 0.6175925925925926 0.029947916666666668 0.03611111111111111
0 0.5013020833333334 0.42777777777777776 0.01953125 0.03935185185185185
0 0.640625 0.43287037037037035 0.03802083333333333 0.1259259259259259
0 0.7833333333333333 0.3472222222222222 0.0140625 0.031018518518518518
0 0.28359375 0.10740740740740741 0.07265625 0.06620370370370371
0 0.78671875 0.33564814814814814 0.016927083333333332 0.027314814814814816
0 0.8947916666666667 0.37546296296296294 0.026302083333333334 0.03425925925925926
0 0.7549479166666667 0.17685185185185184 0.023697916666666666 0.04537037037037037
0 0.34322916666666664 0.3138888888888889 0.014322916666666666 0.03518518518518519
0 0.39947916666666666 0.29074074074074074 0.02421875 0.04212962962962963
0 0.3971354166666667 0.26157407407407407 0.06927083333333334 0.06527777777777778
0 0.5713541666666667 0.2175925925925926 0.0609375 0.075
0 0.9361979166666666 0.06944444444444445 0.02578125 0.04814814814814815
0 0.9502604166666667 0.13055555555555556 0.030989583333333334 0.049074074074074076
0 0.89609375 0.18194444444444444 0.032552083333333336 0.053703703703703705
0 0.5276041666666667 0.17824074074074073 0.0359375 0.06018518518518518
0 0.425 0.21805555555555556 0.023177083333333334 0.037037037037037035
0 0.5986979166666667 0.09351851851851851 0.06015625 0.060648148148148145
0 0.9666666666666667 0.0912037037037037 0.02265625 0.025
0 0.9734375 0.11805555555555555 0.023697916666666666 0.034722222222222224
0 0.4158854166666667 0.1675925925925926 0.06276041666666667 0.050462962962962966
0 0.5234375 0.3662037037037037 0.02421875 0.03194444444444444
0 0.48489583333333336 0.5731481481481482 0.027604166666666666 0.05138888888888889
0 0.5625 0.22685185185185186 0.03958333333333333 0.047685185185185185
0 0.46536458333333336 0.6675925925925926 0.03723958333333333 0.04259259259259259
0 0.4203125 0.7324074074074074 0.023177083333333334 0.04490740740740741
0 0.5934895833333333 0.09583333333333334 0.02578125 0.03564814814814815
0 0.39947916666666666 0.3662037037037037 0.029166666666666667 0.041666666666666664
0 0.5638020833333334 0.2796296296296296 0.021354166666666667 0.029166666666666667
0 0.6341145833333334 0.4425925925925926 0.025 0.026851851851851852
0 0.2916666666666667 0.08101851851851852 0.023177083333333334 0.03935185185185185
0 0.6549479166666666 0.4041666666666667 0.020052083333333335 0.033796296296296297
0 0.6338541666666667 0.41574074074074074 0.026822916666666665 0.03796296296296296
