0 0.4192708333333333 0.4305555555555556 0.015104166666666667 0.03425925925925926
0 0.5778645833333333 0.7226851851851852 0.03984375 0.05694444444444444
0 0.73515625 0.5550925925925926 0.02734375 0.050462962962962966
0 0.7755208333333333 0.6875 0.034375 0.059722222222222225
0 0.58046875 0.837037037037037 0.023697916666666666 0.04814814814814815
0 0.44036458333333334 0.8287037037037037 0.04192708333333333 0.05925925925925926
0 0.5247395833333334 0.4324074074074074 0.031510416666666666 0.04722222222222222
0 0.35703125 0.7092592592592593 0.03359375 0.056018518518518516
0 0.41432291666666665 0.7328703703703704 0.016145833333333335 0.02962962962962963
0 0.3546875 0.5453703703703704 0.028645833333333332 0.044444444444444446
0 0.3190104166666667 0.6212962962962963 0.030729166666666665 0.058333333333333334
0 0.3809895833333333 0.6453703703703704 0.010677083333333334 0.022685185185185187
0 0.4390625 0.3486111111111111 0.02890625 0.03518518518518519
0 0.3580729166666667 0.6504629629629629 0.03307291666666667 0.03981481481481482
0 0.5109375 0.48148148148148145 0.01953125 0.03935185185185185
0 0.6372395833333333 0.44907407407407407 0.03802083333333333 0.1259259259259259
0 0.7473958333333334 0.37453703703703706 0.01484375 0.03287037037037037
0 0.2799479166666667 0.19027777777777777 0.05130208333333333 0.13240740740740742
0 0.7434895833333334 0.35185185185185186 0.015364583333333333 0.025
0 0.88984375 0.40370370370370373 0.026302083333333334 0.03425925925925926
0 0.7864583333333334 0.1736111111111111 0.025 0.047685185185185185
0 0.3263020833333333 0.3574074074074074 0.013802083333333333 0.033796296296296297
0 0.39869791666666665 0.3037037037037037 0.023177083333333334 0.03981481481481482
0 0.39401041666666664 0.2777777777777778 0.06588541666666667 0.062037037037037036
0 0.5619791666666667 0.23842592592592593 0.0609375 0.075
0 0.9458333333333333 0.0699074074074074 0.02578125 0.04814814814814815
0 0.9432291666666667 0.15601851851851853 0.030989583333333334 0.049074074074074076
0 0.8932291666666666 0.1962962962962963 0.032552083333333336 0.053703703703703705
0 0.5106770833333333 0.1925925925925926 0.03411458333333333 0.05740740740740741
0 0.42135416666666664 0.22870370370370371 0.03125 0.05
0 0.5880208333333333 0.10787037037037037 0.04192708333333333 0.0837962962962963
0 0.9638020833333333 0.10694444444444444 0.023958333333333335 0.02638888888888889
0 0.9700520833333334 0.1287037037037037 0.023697916666666666 0.034722222222222224
0 0.4119791666666667 0.1837962962962963 0.06276041666666667 0.050462962962962966
0 0.5114583333333333 0.40324074074074073 0.0296875 0.03888888888888889
0 0.4825520833333333 0.5833333333333334 0.03359375 0.0712962962962963
0 0.546875 0.2449074074074074 0.025520833333333333 0.052314814814814814
0 0.45286458333333335 0.6907407407407408 0.03229166666666667 0.03657407407407407
0 0.39427083333333335 0.7865740740740741 0.020833333333333332 0.040740740740740744
0 0.58203125 0.1175925925925926 0.022395833333333334 0.031018518518518518
0 0.41744791666666664 0.35555555555555557 0.0265625 0.0375
0 0.5510416666666667 0.2902777777777778 0.022395833333333334 0.030555555555555555
0 0.6322916666666667 0.45925925925925926 0.026302083333333334 0.02824074074074074
0 0.27265625 0.11574074074074074 0.020833333333333332 0.038425925925925926
0 0.6390625 0.41898148148148145 0.030989583333333334 0.04398148148148148
0 0.6643229166666667 0.4199074074074074 0.021354166666666667 0.03935185185185185
