0 0.590625 0.3888888888888889 0.019010416666666665 0.038425925925925926
0 0.7546875 0.7287037037037037 0.0453125 0.05694444444444444
0 0.9114583333333334 0.5449074074074074 0.03333333333333333 0.06111111111111111
0 0.9481770833333333 0.700925925925926 0.03984375 0.06944444444444445
0 0.7671875 0.8685185185185185 0.023697916666666666 0.04814814814814815
0 0.5864583333333333 0.874537037037037 0.0328125 0.05555555555555555
0 0.684375 0.4263888888888889 0.028645833333333332 0.04259259259259259
0 0.5135416666666667 0.7444444444444445 0.03359375 0.056018518518518516
0 0.5861979166666667 0.7560185185185185 0.016927083333333332 0.031018518518518518
0 0.5153645833333333 0.6337962962962963 0.026041666666666668 0.04027777777777778
0 0.49140625 0.5425925925925926 0.025260416666666667 0.047685185185185185
0 0.5434895833333333 0.6708333333333333 0.01875 0.0375
0 0.6104166666666667 0.36018518518518516 0.01875 0.03888888888888889
0 0.50546875 0.6972222222222222 0.026041666666666668 0.031018518518518518
0 0.7138020833333333 0.49675925925925923 0.017708333333333333 0.03564814814814815
0 0.8138020833333334 0.4601851851851852 0.039322916666666666 0.1388888888888889
0 0.8338541666666667 0.33194444444444443 0.01640625 0.03611111111111111
0 0.4703125 0.40925925925925927 0.04505208333333333 0.15324074074074073
0 0.84609375 0.29907407407407405 0.021875 0.0375
0 0.48072916666666665 0.36435185185185187 0.020052083333333335 0.03935185185185185
0 0.5627604166666667 0.30277777777777776 0.05078125 0.09305555555555556
0 0.715625 0.2513888888888889 0.0640625 0.08101851851851852
0 0.66953125 0.20879629629629629 0.0359375 0.06018518518518518
0 0.5885416666666666 0.21342592592592594 0.028385416666666666 0.04537037037037037
0 0.75078125 0.11712962962962963 0.03203125 0.1050925925925926
0 0.5841145833333333 0.1712962962962963 0.06588541666666667 0.05277777777777778
0 0.7630208333333334 0.4097222222222222 0.030989583333333334 0.040740740740740744
0 0.640625 0.5986111111111111 0.04088541666666667 0.05555555555555555
0 0.7065104166666667 0.26805555555555555 0.03411458333333333 0.03935185185185185
0 0.6234375 0.7273148148148149 0.030729166666666665 0.03518518518518519
0 0.5330729166666667 0.8217592592592593 0.018229166666666668 0.03518518518518519
0 0.753125 0.11435185185185186 0.023177083333333334 0.03194444444444444
0 0.6463541666666667 0.3282407407407407 0.030729166666666665 0.043055555555555555
0 0.7036458333333333 0.2949074074074074 0.021354166666666667 0.029166666666666667
0 0.42682291666666666 0.23564814814814813 0.028125 0.044444444444444446
0 0.8177083333333334 0.4300925925925926 0.02578125 0.05648148148148148
0 0.8411458333333334 0.4134259259259259 0.019791666666666666 0.0412037037037037
0 0.5700520833333333 0.31851851851851853 0.018489583333333334 0.03888888888888889
0 0.7877604166666666 0.4689814814814815 0.019010416666666665 0.04537037037037037
