0 0.4265625 0.4217592592592593 0.013541666666666667 0.031018518518518518
0 0.5765625 0.7231481481481481 0.0453125 0.05694444444444444
0 0.7325520833333333 0.5462962962962963 0.028645833333333332 0.05277777777777778
0 0.775 0.6875 0.03802083333333333 0.06574074074074074
0 0.5908854166666667 0.8541666666666666 0.021614583333333333 0.04351851851851852
0 0.41510416666666666 0.8444444444444444 0.034375 0.058333333333333334
0 0.5098958333333333 0.4393518518518518 0.03307291666666667 0.04953703703703704
0 0.3416666666666667 0.7305555555555555 0.03359375 0.056018518518518516
0 0.4158854166666667 0.7425925925925926 0.015364583333333333 0.02824074074074074
0 0.3421875 0.5824074074074074 0.02734375 0.04212962962962963
0 0.3255208333333333 0.5921296296296297 0.025260416666666667 0.047685185185185185
0 0.3846354166666667 0.6509259259259259 0.010677083333333334 0.022685185185185187
0 0.4348958333333333 0.3365740740740741 0.021875 0.04490740740740741
0 0.34661458333333334 0.674074074074074 0.031510416666666666 0.03796296296296296
0 0.5372395833333333 0.48055555555555557 0.01953125 0.03935185185185185
0 0.6375 0.4449074074074074 0.03802083333333333 0.1259259259259259
0 0.7192708333333333 0.36157407407407405 0.013541666666666667 0.02962962962962963
0 0.28229166666666666 0.22916666666666666 0.05677083333333333 0.14583333333333334
0 0.7174479166666666 0.3333333333333333 0.015364583333333333 0.025
0 0.88515625 0.3976851851851852 0.026302083333333334 0.03425925925925926
0 0.8052083333333333 0.16296296296296298 0.025 0.047685185185185185
0 0.3125 0.3574074074074074 0.013802083333333333 0.033796296296296297
0 0.39869791666666665 0.30925925925925923 0.020833333333333332 0.03611111111111111
0 0.3932291666666667 0.28055555555555556 0.06588541666666667 0.062037037037037036
0 0.5552083333333333 0.23935185185185184 0.0609375 0.075
0 0.9440104166666666 0.06342592592592593 0.022395833333333334 0.041666666666666664
0 0.9466145833333334 0.16018518518518518 0.030989583333333334 0.049074074074074076
0 0.8919270833333334 0.19537037037037036 0.032552083333333336 0.053703703703703705
0 0.50546875 0.19537037037037036 0.0359375 0.06018518518518518
0 0.4200520833333333 0.21666666666666667 0.0328125 0.052314814814814814
0 0.58515625 0.10787037037037037 0.04192708333333333 0.0837962962962963
0 0.96328125 0.10833333333333334 0.021614583333333333 0.024074074074074074
0 0.9690104166666667 0.1310185185185185 0.025 0.03657407407407407
0 0.41067708333333336 0.18287037037037038 0.06588541666666667 0.05277777777777778
0 0.5049479166666667 0.4212962962962963 0.0296875 0.03888888888888889
0 0.47578125 0.5884259259259259 0.03697916666666667 0.050462962962962966
0 0.5403645833333334 0.24768518518518517 0.025520833333333333 0.052314814814814814
0 0.44947916666666665 0.7074074074074074 0.030729166666666665 0.03518518518518519
0 0.378125 0.8009259259259259 0.020833333333333332 0.040740740740740744
0 0.578125 0.11851851851851852 0.022395833333333334 0.031018518518518518
0 0.43125 0.31712962962962965 0.021875 0.031018518518518518
0 0.54375 0.29953703703703705 0.0203125 0.027777777777777776
0 0.6234375 0.4638888888888889 0.016666666666666666 0.031018518518518518
0 0.27786458333333336 0.15648148148148147 0.026822916666666665 0.04212962962962963
0 0.6385416666666667 0.4152777777777778 0.028125 0.03981481481481482
0 0.6645833333333333 0.4101851851851852 0.01953125 0.03564814814814815
