0 0.44921875 0.37824074074074077 0.04635416666666667 0.03981481481481482
0 0.5796875 0.7064814814814815 0.03802083333333333 0.05416666666666667
0 0.7419270833333333 0.5569444444444445 0.03671875 0.06574074074074074
0 0.7822916666666667 0.6731481481481482 0.03619791666666667 0.06296296296296296
0 0.5625 0.7907407407407407 0.02265625 0.04583333333333333
0 0.4453125 0.8004629629629629 0.033854166666666664 0.05
0 0.5346354166666667 0.4444444444444444 0.03229166666666667 0.06805555555555555
0 0.3807291666666667 0.6638888888888889 0.018489583333333334 0.03981481481481482
0 0.41875 0.700462962962963 0.015364583333333333 0.02824074074074074
0 0.3731770833333333 0.4898148148148148 0.038802083333333334 0.06666666666666667
0 0.32578125 0.5856481481481481 0.027864583333333335 0.05277777777777778
0 0.38958333333333334 0.6032407407407407 0.01171875 0.025
0 0.44947916666666665 0.37407407407407406 0.025260416666666667 0.030555555555555555
0 0.35833333333333334 0.6217592592592592 0.031510416666666666 0.03796296296296296
0 0.4986979166666667 0.43194444444444446 0.01953125 0.03935185185185185
0 0.64140625 0.43657407407407406 0.03984375 0.13240740740740742
0 0.78046875 0.35694444444444445 0.0140625 0.031018518518518518
0 0.2799479166666667 0.12129629629629629 0.07265625 0.06620370370370371
0 0.7815104166666667 0.3365740740740741 0.016145833333333335 0.025925925925925925
0 0.8940104166666667 0.37592592592592594 0.026302083333333334 0.03425925925925926
0 0.7606770833333333 0.17916666666666667 0.023697916666666666 0.04537037037037037
0 0.34010416666666665 0.32083333333333336 0.014322916666666666 0.03518518518518519
0 0.3997395833333333 0.2916666666666667 0.023177083333333334 0.03981481481481482
0 0.3971354166666667 0.2638888888888889 0.06927083333333334 0.06527777777777778
0 0.5697916666666667 0.22083333333333333 0.0609375 0.075
0 0.9390625 0.06805555555555555 0.02578125 0.04814814814814815
0 0.95 0.13194444444444445 0.030989583333333334 0.049074074074074076
0 0.89609375 0.18333333333333332 0.032552083333333336 0.053703703703703705
0 0.5247395833333334 0.18009259259259258 0.0359375 0.06018518518518518
0 0.425 0.2162037037037037 0.024479166666666666 0.03888888888888889
0 0.5973958333333333 0.09583333333333334 0.06015625 0.060648148148148145
0 0.96640625 0.0912037037037037 0.02265625 0.025
0 0.9729166666666667 0.11990740740740741 0.023697916666666666 0.034722222222222224
0 0.4158854166666667 0.17037037037037037 0.06276041666666667 0.050462962962962966
0 0.5208333333333334 0.36712962962962964 0.02421875 0.03194444444444444
0 0.48671875 0.5745370370370371 0.026302083333333334 0.049074074074074076
0 0.5614583333333333 0.22916666666666666 0.03958333333333333 0.047685185185185185
0 0.46510416666666665 0.6694444444444444 0.035416666666666666 0.040740740740740744
0 0.41822916666666665 0.7384259259259259 0.021875 0.043055555555555555
0 0.5916666666666667 0.09814814814814815 0.024479166666666666 0.033796296296296297
0 0.40208333333333335 0.3736111111111111 0.029166666666666667 0.041666666666666664
0 0.5609375 0.2759259259259259 0.021354166666666667 0.029166666666666667
0 0.6354166666666666 0.44583333333333336 0.023958333333333335 0.02546296296296296
0 0.2872395833333333 0.08518518518518518 0.025520833333333333 0.043055555555555555
0 0.6578125 0.4050925925925926 0.020052083333333335 0.033796296296296297
0 0.6348958333333333 0.41944444444444445 0.026822916666666665 0.03796296296296296
