0 0.41953125 0.42962962962962964 0.015625 0.03611111111111111
0 0.5778645833333333 0.7226851851851852 0.03984375 0.05694444444444444
0 0.7361979166666667 0.5574074074074075 0.02734375 0.050462962962962966
0 0.7768229166666667 0.6861111111111111 0.034375 0.059722222222222225
0 0.5794270833333334 0.8347222222222223 0.023697916666666666 0.04814814814814815
0 0.43984375 0.8277777777777777 0.03984375 0.05648148148148148
0 0.5252604166666667 0.4324074074074074 0.029947916666666668 0.04490740740740741
0 0.35703125 0.7074074074074074 0.03359375 0.056018518518518516
0 0.41458333333333336 0.7300925925925926 0.016145833333333335 0.02962962962962963
0 0.35546875 0.5458333333333333 0.028645833333333332 0.044444444444444446
0 0.3177083333333333 0.6208333333333333 0.029166666666666667 0.05555555555555555
0 0.3802083333333333 0.6421296296296296 0.011197916666666667 0.024074074074074074
0 0.440625 0.3458333333333333 0.02890625 0.03518518518518519
0 0.35989583333333336 0.649537037037037 0.03307291666666667 0.03981481481481482
0 0.5088541666666667 0.48194444444444445 0.018489583333333334 0.0375
0 0.6380208333333334 0.4476851851851852 0.03802083333333333 0.1259259259259259
0 0.74765625 0.36666666666666664 0.01484375 0.03287037037037037
0 0.2799479166666667 0.18796296296296297 0.05130208333333333 0.13240740740740742
0 0.7466145833333333 0.35324074074074074 0.015364583333333333 0.025
0 0.8903645833333333 0.4027777777777778 0.026302083333333334 0.03425925925925926
0 0.7846354166666667 0.17685185185185184 0.025 0.047685185185185185
0 0.32838541666666665 0.35509259259259257 0.013802083333333333 0.033796296296296297
0 0.39869791666666665 0.30277777777777776 0.023177083333333334 0.03981481481481482
0 0.39453125 0.2773148148148148 0.06588541666666667 0.062037037037037036
0 0.5630208333333333 0.23703703703703705 0.0609375 0.075
0 0.9442708333333333 0.0712962962962963 0.02578125 0.04814814814814815
0 0.9434895833333333 0.1550925925925926 0.030989583333333334 0.049074074074074076
0 0.8940104166666667 0.19583333333333333 0.032552083333333336 0.053703703703703705
0 0.5114583333333333 0.19305555555555556 0.0359375 0.06018518518518518
0 0.42135416666666664 0.23148148148148148 0.03125 0.05
0 0.5877604166666667 0.10740740740740741 0.04192708333333333 0.0837962962962963
0 0.9638020833333333 0.10740740740740741 0.023958333333333335 0.02638888888888889
0 0.9700520833333334 0.12916666666666668 0.023697916666666666 0.034722222222222224
0 0.4125 0.18333333333333332 0.06276041666666667 0.050462962962962966
0 0.5130208333333334 0.40555555555555556 0.0296875 0.03888888888888889
0 0.48359375 0.5842592592592593 0.03203125 0.06805555555555555
0 0.54765625 0.2439814814814815 0.025520833333333333 0.052314814814814814
0 0.45338541666666665 0.6884259259259259 0.03229166666666667 0.03657407407407407
0 0.396875 0.7824074074074074 0.020833333333333332 0.040740740740740744
0 0.5822916666666667 0.11527777777777778 0.0234375 0.032407407407407406
0 0.41640625 0.35833333333333334 0.0265625 0.0375
0 0.5513020833333333 0.2875 0.022395833333333334 0.030555555555555555
0 0.6330729166666667 0.4587962962962963 0.026302083333333334 0.02824074074074074
0 0.26901041666666664 0.11481481481481481 0.019270833333333334 0.0375
0 0.6393229166666666 0.42083333333333334 0.030989583333333334 0.04398148148148148
0 0.6630208333333333 0.4212962962962963 0.0203125 0.037037037037037035
