0 0.5020833333333333 0.3958333333333333 0.013541666666666667 0.031018518518518518
0 0.6614583333333334 0.7337962962962963 0.0453125 0.05694444444444444
0 0.8184895833333333 0.5342592592592592 0.03177083333333333 0.058333333333333334
0 0.8549479166666667 0.6944444444444444 0.03802083333333333 0.06574074074074074
0 0.6778645833333333 0.8629629629629629 0.02265625 0.04583333333333333
0 0.4895833333333333 0.8541666666666666 0.03125 0.05277777777777778
0 0.5942708333333333 0.412962962962963 0.029947916666666668 0.04490740740740741
0 0.41901041666666666 0.7333333333333333 0.03203125 0.05324074074074074
0 0.503125 0.7453703703703703 0.016927083333333332 0.031018518518518518
0 0.4192708333333333 0.6152777777777778 0.024739583333333332 0.038425925925925926
0 0.40208333333333335 0.5564814814814815 0.023958333333333335 0.04537037037037037
0 0.46328125 0.6574074074074074 0.01875 0.0375
0 0.52109375 0.33611111111111114 0.01875 0.03888888888888889
0 0.4203125 0.6925925925925925 0.0234375 0.02824074074074074
0 0.6182291666666667 0.48194444444444445 0.018489583333333334 0.0375
0 0.7203125 0.45231481481481484 0.03984375 0.13240740740740742
0 0.7533854166666667 0.33935185185185185 0.015625 0.03425925925925926
0 0.3640625 0.3296296296296296 0.05963541666666667 0.15324074074074073
0 0.7700520833333333 0.3055555555555556 0.013802083333333333 0.0375
0 0.9721354166666667 0.38935185185185184 0.027604166666666666 0.03611111111111111
0 0.9169270833333333 0.15694444444444444 0.03203125 0.06111111111111111
0 0.35625 0.3435185185185185 0.0125 0.030555555555555555
0 0.48046875 0.31805555555555554 0.025520833333333333 0.04398148148148148
0 0.475 0.28703703703703703 0.06588541666666667 0.0763888888888889
0 0.6276041666666666 0.24583333333333332 0.0609375 0.075
0 0.9760416666666667 0.19907407407407407 0.03411458333333333 0.05648148148148148
0 0.5822916666666667 0.20462962962962963 0.03411458333333333 0.05740740740740741
0 0.4984375 0.2101851851851852 0.028385416666666666 0.04537037037037037
0 0.6643229166666667 0.10740740740740741 0.04401041666666667 0.08796296296296297
0 0.4934895833333333 0.17407407407407408 0.06588541666666667 0.05277777777777778
0 0.659375 0.42592592592592593 0.032552083333333336 0.04259259259259259
0 0.5515625 0.5939814814814814 0.03697916666666667 0.050462962962962966
0 0.6169270833333333 0.26157407407407407 0.032552083333333336 0.0375
0 0.5231770833333333 0.7166666666666667 0.03229166666666667 0.03657407407407407
0 0.45026041666666666 0.8111111111111111 0.019010416666666665 0.037037037037037035
0 0.6583333333333333 0.12314814814814815 0.022395833333333334 0.031018518518518518
0 0.5408854166666667 0.3111111111111111 0.0265625 0.0375
0 0.6080729166666666 0.28935185185185186 0.0203125 0.027777777777777776
0 0.7072916666666667 0.4703703703703704 0.017447916666666667 0.032407407407407406
0 0.34140625 0.2152777777777778 0.029427083333333333 0.04675925925925926
0 0.7221354166666667 0.41898148148148145 0.025520833333333333 0.04861111111111111
0 0.746875 0.4074074074074074 0.019791666666666666 0.0412037037037037
