0 0.7026041666666667 0.40185185185185185 0.020052083333333335 0.04027777777777778
0 0.8520833333333333 0.7342592592592593 0.05 0.06296296296296296
0 0.8765625 0.8726851851851852 0.023697916666666666 0.04814814814814815
0 0.6984375 0.8671296296296296 0.03802083333333333 0.06435185185185185
0 0.80078125 0.44212962962962965 0.03307291666666667 0.04953703703703704
0 0.62265625 0.7532407407407408 0.03515625 0.0587962962962963
0 0.6984375 0.7717592592592593 0.016927083333333332 0.031018518518518518
0 0.6244791666666667 0.6527777777777778 0.025 0.038425925925925926
0 0.5979166666666667 0.5449074074074074 0.03046875 0.05787037037037037
0 0.6471354166666666 0.6842592592592592 0.019791666666666666 0.03935185185185185
0 0.7239583333333334 0.375 0.0171875 0.03518518518518519
0 0.6111979166666667 0.7217592592592592 0.024479166666666666 0.02962962962962963
0 0.8291666666666667 0.5125 0.037760416666666664 0.03564814814814815
0 0.9239583333333333 0.4685185185185185 0.0375 0.13240740740740742
0 0.9296875 0.3282407407407407 0.01640625 0.03611111111111111
0 0.59140625 0.48009259259259257 0.04505208333333333 0.15324074074074073
0 0.9395833333333333 0.2884259259259259 0.0375 0.05185185185185185
0 0.5854166666666667 0.37407407407407406 0.018229166666666668 0.03518518518518519
0 0.6682291666666667 0.30972222222222223 0.05078125 0.09305555555555556
0 0.82421875 0.2574074074074074 0.0640625 0.08101851851851852
0 0.7755208333333333 0.21296296296296297 0.037760416666666664 0.06296296296296296
0 0.7013020833333333 0.21342592592592594 0.0296875 0.047685185185185185
0 0.859375 0.12407407407407407 0.03359375 0.11018518518518519
0 0.6947916666666667 0.17546296296296296 0.07265625 0.058333333333333334
0 0.8888020833333333 0.40046296296296297 0.032552083333333336 0.04259259259259259
0 0.7505208333333333 0.5990740740740741 0.04505208333333333 0.06111111111111111
0 0.8151041666666666 0.275 0.03411458333333333 0.03935185185185185
0 0.7302083333333333 0.7412037037037037 0.03567708333333333 0.040740740740740744
0 0.64375 0.8287037037037037 0.020052083333333335 0.049074074074074076
0 0.8619791666666666 0.12037037037037036 0.024479166666666666 0.033796296296296297
0 0.7682291666666666 0.33425925925925926 0.0390625 0.055092592592592596
0 0.8122395833333333 0.30092592592592593 0.024739583333333332 0.033796296296296297
0 0.5322916666666667 0.23842592592592593 0.032552083333333336 0.05138888888888889
0 0.93046875 0.4273148148148148 0.028385416666666666 0.04398148148148148
0 0.95546875 0.4166666666666667 0.020572916666666666 0.04351851851851852
0 0.90859375 0.4847222222222222 0.018229166666666668 0.043055555555555555
0 0.678125 0.32685185185185184 0.022135416666666668 0.038425925925925926
