0 0.44036458333333334 0.4115740740740741 0.013020833333333334 0.02962962962962963
0 0.5903645833333333 0.7245370370370371 0.043229166666666666 0.05416666666666667
0 0.7473958333333334 0.5328703703703703 0.030208333333333334 0.05555555555555555
0 0.7854166666666667 0.6884259259259259 0.04192708333333333 0.07268518518518519
0 0.6067708333333334 0.8583333333333333 0.021614583333333333 0.04351851851851852
0 0.41692708333333334 0.8416666666666667 0.0328125 0.05555555555555555
0 0.5356770833333333 0.4625 0.028645833333333332 0.04259259259259259
0 0.3533854166666667 0.7342592592592593 0.035416666666666666 0.0587962962962963
0 0.4315104166666667 0.7458333333333333 0.015364583333333333 0.02824074074074074
0 0.353125 0.6013888888888889 0.026041666666666668 0.04027777777777778
0 0.33932291666666664 0.5680555555555555 0.025260416666666667 0.047685185185185185
0 0.39557291666666666 0.6560185185185186 0.011197916666666667 0.024074074074074074
0 0.4473958333333333 0.3375 0.019791666666666666 0.040740740740740744
0 0.35442708333333334 0.6824074074074075 0.026041666666666668 0.031018518518518518
0 0.5674479166666667 0.45231481481481484 0.017708333333333333 0.03564814814814815
0 0.6502604166666667 0.44907407407407407 0.03984375 0.13240740740740742
0 0.71015625 0.350462962962963 0.0140625 0.031018518518518518
0 0.28828125 0.2513888888888889 0.05677083333333333 0.14583333333333334
0 0.7145833333333333 0.32546296296296295 0.015364583333333333 0.025
0 0.9033854166666667 0.38981481481481484 0.026302083333333334 0.03425925925925926
0 0.8307291666666666 0.1574074074074074 0.025 0.047685185185185185
0 0.325 0.3527777777777778 0.013020833333333334 0.03194444444444444
0 0.4109375 0.3111111111111111 0.023177083333333334 0.03981481481481482
0 0.40546875 0.2814814814814815 0.06588541666666667 0.062037037037037036
0 0.5635416666666667 0.24212962962962964 0.0609375 0.075
0 0.9609375 0.06712962962962964 0.02109375 0.03981481481481482
0 0.9640625 0.16203703703703703 0.030989583333333334 0.049074074074074076
0 0.9044270833333333 0.19583333333333333 0.032552083333333336 0.053703703703703705
0 0.51640625 0.1986111111111111 0.03411458333333333 0.05740740740740741
0 0.4322916666666667 0.20879629629629629 0.028385416666666666 0.04537037037037037
0 0.5966145833333333 0.10833333333333334 0.04401041666666667 0.08796296296296297
0 0.9778645833333334 0.11018518518518519 0.02265625 0.025
0 0.9817708333333334 0.1287037037037037 0.023697916666666666 0.034722222222222224
0 0.4244791666666667 0.18055555555555555 0.06276041666666667 0.050462962962962966
0 0.5182291666666666 0.4185185185185185 0.0296875 0.03888888888888889
0 0.4861979166666667 0.5884259259259259 0.03697916666666667 0.050462962962962966
0 0.5494791666666666 0.2523148148148148 0.025520833333333333 0.052314814814814814
0 0.4578125 0.7037037037037037 0.03229166666666667 0.03657407407407407
0 0.38359375 0.799074074074074 0.020833333333333332 0.040740740740740744
0 0.58984375 0.12037037037037036 0.022395833333333334 0.031018518518518518
0 0.45677083333333335 0.3055555555555556 0.023958333333333335 0.03425925925925926
0 0.55078125 0.29583333333333334 0.019270833333333334 0.02638888888888889
0 0.6377604166666667 0.4671296296296296 0.017447916666666667 0.032407407407407406
0 0.28020833333333334 0.17777777777777778 0.026822916666666665 0.04212962962962963
0 0.6513020833333333 0.41944444444444445 0.0296875 0.041666666666666664
0 0.6752604166666667 0.40879629629629627 0.0203125 0.037037037037037035
