0 0.5171875 0.4013888888888889 0.013541666666666667 0.031018518518518518
0 0.6794270833333333 0.7324074074074074 0.0453125 0.05694444444444444
0 0.8346354166666666 0.5361111111111111 0.03333333333333333 0.06111111111111111
0 0.8721354166666667 0.6967592592592593 0.03802083333333333 0.06574074074074074
0 0.6955729166666667 0.8657407407407407 0.02265625 0.04583333333333333
0 0.5052083333333334 0.8537037037037037 0.0328125 0.05555555555555555
0 0.60625 0.4199074074074074 0.029947916666666668 0.04490740740740741
0 0.43463541666666666 0.7347222222222223 0.03359375 0.056018518518518516
0 0.5182291666666666 0.7458333333333333 0.016145833333333335 0.02962962962962963
0 0.43515625 0.6134259259259259 0.024739583333333332 0.038425925925925926
0 0.425 0.5453703703703704 0.023958333333333335 0.04537037037037037
0 0.47994791666666664 0.6555555555555556 0.01875 0.0375
0 0.5338541666666666 0.3421296296296296 0.01875 0.03888888888888889
0 0.43515625 0.6925925925925925 0.0234375 0.02824074074074074
0 0.6377604166666667 0.4861111111111111 0.018489583333333334 0.0375
0 0.7385416666666667 0.45416666666666666 0.03984375 0.13240740740740742
0 0.7640625 0.34814814814814815 0.015625 0.03425925925925926
0 0.3828125 0.3625 0.05260416666666667 0.15324074074074073
0 0.77421875 0.32546296296296295 0.014583333333333334 0.03935185185185185
0 0.98984375 0.38981481481481484 0.02890625 0.03796296296296296
0 0.93671875 0.15694444444444444 0.03203125 0.06111111111111111
0 0.40963541666666664 0.35555555555555557 0.020052083333333335 0.03935185185185185
0 0.4979166666666667 0.32083333333333336 0.026822916666666665 0.046296296296296294
0 0.49166666666666664 0.29212962962962963 0.06588541666666667 0.0763888888888889
0 0.6434895833333333 0.24675925925925926 0.0609375 0.075
0 0.9934895833333334 0.19814814814814816 0.03411458333333333 0.05648148148148148
0 0.5979166666666667 0.20555555555555555 0.03411458333333333 0.05740740740740741
0 0.51484375 0.21064814814814814 0.028385416666666666 0.04537037037037037
0 0.6755208333333333 0.11342592592592593 0.03046875 0.1
0 0.51015625 0.17314814814814813 0.06588541666666667 0.05277777777777778
0 0.6776041666666667 0.42453703703703705 0.032552083333333336 0.04259259259259259
0 0.5682291666666667 0.5944444444444444 0.038802083333333334 0.05277777777777778
0 0.6338541666666667 0.2625 0.03411458333333333 0.03935185185185185
0 0.5385416666666667 0.7134259259259259 0.03229166666666667 0.03657407407407407
0 0.45859375 0.8078703703703703 0.019010416666666665 0.037037037037037035
0 0.6786458333333333 0.11435185185185186 0.02109375 0.029166666666666667
0 0.5604166666666667 0.31342592592592594 0.027864583333333335 0.03935185185185185
0 0.6151041666666667 0.287962962962963 0.0203125 0.027777777777777776
0 0.7153645833333333 0.4685185185185185 0.018489583333333334 0.03425925925925926
0 0.3528645833333333 0.225 0.028125 0.044444444444444446
0 0.7388020833333333 0.4300925925925926 0.025520833333333333 0.04861111111111111
0 0.7640625 0.4078703703703704 0.019791666666666666 0.0412037037037037
