0 0.4236979166666667 0.39537037037037037 0.015625 0.03611111111111111
0 0.5721354166666667 0.7199074074074074 0.04192708333333333 0.059722222222222225
0 0.7380208333333333 0.5569444444444445 0.03333333333333333 0.059722222222222225
0 0.7799479166666666 0.6773148148148148 0.03619791666666667 0.06296296296296296
0 0.5684895833333333 0.812962962962963 0.02265625 0.04583333333333333
0 0.4421875 0.8060185185185185 0.039322916666666666 0.05787037037037037
0 0.5268229166666667 0.4361111111111111 0.029947916666666668 0.04490740740740741
0 0.36875 0.6884259259259259 0.03359375 0.04398148148148148
0 0.41510416666666666 0.7138888888888889 0.015364583333333333 0.02824074074074074
0 0.36380208333333336 0.5092592592592593 0.04088541666666667 0.0699074074074074
0 0.32057291666666665 0.6018518518518519 0.027864583333333335 0.05277777777777778
0 0.378125 0.6277777777777778 0.011197916666666667 0.024074074074074074
0 0.4432291666666667 0.34629629629629627 0.027604166666666666 0.03333333333333333
0 0.3611979166666667 0.6347222222222222 0.031510416666666666 0.03796296296296296
0 0.49609375 0.45694444444444443 0.022395833333333334 0.04537037037037037
0 0.63984375 0.4425925925925926 0.03802083333333333 0.1259259259259259
0 0.765625 0.36527777777777776 0.01484375 0.03287037037037037
0 0.27786458333333336 0.15601851851851853 0.05130208333333333 0.13240740740740742
0 0.76640625 0.3416666666666667 0.015364583333333333 0.025
0 0.8927083333333333 0.3907407407407407 0.026302083333333334 0.03425925925925926
0 0.7729166666666667 0.17824074074074073 0.025 0.047685185185185185
0 0.33489583333333334 0.3365740740740741 0.013802083333333333 0.033796296296296297
0 0.39895833333333336 0.2953703703703704 0.023177083333333334 0.03981481481481482
0 0.3966145833333333 0.26990740740740743 0.06588541666666667 0.062037037037037036
0 0.565625 0.22870370370370371 0.0609375 0.075
0 0.9434895833333333 0.06620370370370371 0.02578125 0.04814814814814815
0 0.95078125 0.14444444444444443 0.030989583333333334 0.049074074074074076
0 0.8953125 0.18703703703703703 0.032552083333333336 0.053703703703703705
0 0.51953125 0.18611111111111112 0.0359375 0.06018518518518518
0 0.4244791666666667 0.22083333333333333 0.028385416666666666 0.04537037037037037
0 0.58671875 0.10416666666666667 0.03984375 0.07962962962962963
0 0.965625 0.0962962962962963 0.023958333333333335 0.02638888888888889
0 0.9731770833333333 0.12361111111111112 0.023697916666666666 0.034722222222222224
0 0.41458333333333336 0.17731481481481481 0.06276041666666667 0.050462962962962966
0 0.5192708333333333 0.3902777777777778 0.026822916666666665 0.03518518518518519
0 0.4861979166666667 0.5763888888888888 0.03359375 0.0712962962962963
0 0.5497395833333333 0.2361111111111111 0.02421875 0.05
0 0.4552083333333333 0.6810185185185185 0.035416666666666666 0.040740740740740744
0 0.40729166666666666 0.762962962962963 0.020833333333333332 0.040740740740740744
0 0.5856770833333333 0.10787037037037037 0.0234375 0.032407407407407406
0 0.41354166666666664 0.36944444444444446 0.027864583333333335 0.03935185185185185
0 0.5518229166666667 0.2851851851851852 0.021354166666666667 0.029166666666666667
0 0.6341145833333334 0.45092592592592595 0.02890625 0.031018518518518518
0 0.2765625 0.1050925925925926 0.030989583333333334 0.052314814814814814
0 0.6591145833333333 0.4115740740740741 0.02109375 0.03564814814814815
0 0.63515625 0.4166666666666667 0.028125 0.03981481481481482
