0 0.45078125 0.3773148148148148 0.04635416666666667 0.03981481481481482
0 0.578125 0.7064814814814815 0.03984375 0.05648148148148148
0 0.74296875 0.5578703703703703 0.03671875 0.06574074074074074
0 0.784375 0.6722222222222223 0.034375 0.059722222222222225
0 0.5614583333333333 0.7875 0.02265625 0.04583333333333333
0 0.44817708333333334 0.8023148148148148 0.033854166666666664 0.05
0 0.5359375 0.4449074074074074 0.03229166666666667 0.06805555555555555
0 0.3815104166666667 0.6615740740740741 0.018489583333333334 0.03981481481481482
0 0.4197916666666667 0.6990740740740741 0.015364583333333333 0.02824074074074074
0 0.37604166666666666 0.48518518518518516 0.038802083333333334 0.06666666666666667
0 0.32578125 0.5828703703703704 0.027864583333333335 0.05277777777777778
0 0.39114583333333336 0.5958333333333333 0.01171875 0.025
0 0.4515625 0.37546296296296294 0.025260416666666667 0.030555555555555555
0 0.3611979166666667 0.6203703703703703 0.031510416666666666 0.03796296296296296
0 0.49895833333333334 0.42824074074074076 0.01953125 0.03935185185185185
0 0.6411458333333333 0.4356481481481482 0.03802083333333333 0.1259259259259259
0 0.7815104166666667 0.35185185185185186 0.0140625 0.031018518518518518
0 0.28046875 0.11527777777777778 0.07265625 0.06620370370370371
0 0.784375 0.337037037037037 0.016145833333333335 0.025925925925925925
0 0.8940104166666667 0.37592592592592594 0.026302083333333334 0.03425925925925926
0 0.7583333333333333 0.17824074074074073 0.023697916666666666 0.04537037037037037
0 0.340625 0.31666666666666665 0.014322916666666666 0.03518518518518519
0 0.39947916666666666 0.29212962962962963 0.02421875 0.04212962962962963
0 0.39739583333333334 0.26342592592592595 0.06927083333333334 0.06527777777777778
0 0.57109375 0.21898148148148147 0.0609375 0.075
0 0.9372395833333333 0.06898148148148148 0.02578125 0.04814814814814815
0 0.9502604166666667 0.1310185185185185 0.030989583333333334 0.049074074074074076
0 0.8963541666666667 0.18287037037037038 0.032552083333333336 0.053703703703703705
0 0.52578125 0.1787037037037037 0.0359375 0.06018518518518518
0 0.4244791666666667 0.2175925925925926 0.023177083333333334 0.037037037037037035
0 0.5979166666666667 0.09537037037037037 0.06015625 0.060648148148148145
0 0.9661458333333334 0.09074074074074075 0.02265625 0.025
0 0.97265625 0.11990740740740741 0.023697916666666666 0.034722222222222224
0 0.415625 0.16898148148148148 0.06276041666666667 0.050462962962962966
0 0.5208333333333334 0.36574074074074076 0.02421875 0.03194444444444444
0 0.4856770833333333 0.575462962962963 0.027604166666666666 0.05138888888888889
0 0.5622395833333333 0.22777777777777777 0.03958333333333333 0.047685185185185185
0 0.46536458333333336 0.6685185185185185 0.03723958333333333 0.04259259259259259
0 0.4200520833333333 0.7347222222222223 0.021875 0.043055555555555555
0 0.5932291666666667 0.09722222222222222 0.024479166666666666 0.033796296296296297
0 0.40208333333333335 0.36944444444444446 0.029166666666666667 0.041666666666666664
0 0.5622395833333333 0.2800925925925926 0.021354166666666667 0.029166666666666667
0 0.634375 0.4449074074074074 0.023958333333333335 0.02546296296296296
0 0.28932291666666665 0.0824074074074074 0.024479166666666666 0.0412037037037037
0 0.6559895833333333 0.4050925925925926 0.020052083333333335 0.033796296296296297
0 0.6348958333333333 0.41712962962962963 0.026822916666666665 0.03796296296296296
