0 0.44609375 0.3763888888888889 0.04635416666666667 0.03981481481481482
0 0.5697916666666667 0.7046296296296296 0.04192708333333333 0.059722222222222225
0 0.7463541666666667 0.5504629629629629 0.03333333333333333 0.059722222222222225
0 0.7903645833333334 0.6620370370370371 0.0328125 0.05694444444444444
0 0.5552083333333333 0.7578703703703704 0.021614583333333333 0.04351851851851852
0 0.48828125 0.7777777777777778 0.030729166666666665 0.04537037037037037
0 0.54453125 0.4513888888888889 0.029166666666666667 0.06157407407407407
0 0.38828125 0.649537037037037 0.016666666666666666 0.03611111111111111
0 0.42578125 0.6800925925925926 0.016145833333333335 0.02962962962962963
0 0.38984375 0.45185185185185184 0.03046875 0.052314814814814814
0 0.3307291666666667 0.5486111111111112 0.034375 0.06388888888888888
0 0.40989583333333335 0.5444444444444444 0.011197916666666667 0.024074074074074074
0 0.46380208333333334 0.3638888888888889 0.023958333333333335 0.029166666666666667
0 0.3765625 0.6050925925925926 0.031510416666666666 0.06805555555555555
0 0.49947916666666664 0.4287037037037037 0.018489583333333334 0.0375
0 0.6393229166666666 0.425462962962963 0.03802083333333333 0.1259259259259259
0 0.7953125 0.3435185185185185 0.01484375 0.03287037037037037
0 0.29661458333333335 0.09305555555555556 0.07786458333333333 0.04398148148148148
0 0.7973958333333333 0.32407407407407407 0.017708333333333333 0.028703703703703703
0 0.8921875 0.36064814814814816 0.026302083333333334 0.03425925925925926
0 0.7411458333333333 0.18425925925925926 0.023697916666666666 0.04537037037037037
0 0.35078125 0.30416666666666664 0.015104166666666667 0.037037037037037035
0 0.39869791666666665 0.2865740740740741 0.02421875 0.04212962962962963
0 0.3963541666666667 0.2564814814814815 0.06927083333333334 0.06527777777777778
0 0.5760416666666667 0.21064814814814814 0.0609375 0.075
0 0.92734375 0.06712962962962964 0.02578125 0.04814814814814815
0 0.95 0.1287037037037037 0.030989583333333334 0.049074074074074076
0 0.8963541666666667 0.17314814814814813 0.032552083333333336 0.053703703703703705
0 0.5307291666666667 0.1787037037037037 0.03411458333333333 0.06851851851851852
0 0.425 0.21388888888888888 0.023177083333333334 0.037037037037037035
0 0.5984375 0.09444444444444444 0.06015625 0.060648148148148145
0 0.965625 0.0837962962962963 0.02265625 0.025
0 0.9768229166666667 0.11944444444444445 0.023697916666666666 0.034722222222222224
0 0.4171875 0.1625 0.06588541666666667 0.05277777777777778
0 0.5299479166666666 0.35694444444444445 0.02109375 0.027777777777777776
0 0.48515625 0.5689814814814815 0.027604166666666666 0.05138888888888889
0 0.5684895833333333 0.21898148148148147 0.03958333333333333 0.047685185185185185
0 0.465625 0.6671296296296296 0.033854166666666664 0.038425925925925926
0 0.42630208333333336 0.7180555555555556 0.02421875 0.04722222222222222
0 0.5958333333333333 0.09351851851851851 0.02578125 0.03564814814814815
0 0.3859375 0.3439814814814815 0.029166666666666667 0.041666666666666664
0 0.5830729166666667 0.2675925925925926 0.021354166666666667 0.029166666666666667
0 0.6591145833333333 0.39490740740740743 0.01953125 0.04537037037037037
0 0.6328125 0.43657407407407406 0.026302083333333334 0.02824074074074074
0 0.6213541666666667 0.4115740740740741 0.027083333333333334 0.04212962962962963
0 0.30494791666666665 0.06898148148148148 0.023177083333333334 0.03935185185185185
