0 0.45859375 0.36435185185185187 0.04635416666666667 0.03981481481481482
0 0.571875 0.7055555555555556 0.03984375 0.05648148148148148
0 0.74375 0.5550925925925926 0.03671875 0.06574074074074074
0 0.7877604166666666 0.6680555555555555 0.034375 0.059722222222222225
0 0.55859375 0.7722222222222223 0.02265625 0.04583333333333333
0 0.4630208333333333 0.7912037037037037 0.03229166666666667 0.047685185185185185
0 0.54296875 0.45 0.030729166666666665 0.06481481481481481
0 0.3854166666666667 0.6564814814814814 0.017447916666666667 0.03796296296296296
0 0.42239583333333336 0.6912037037037037 0.015364583333333333 0.02824074074074074
0 0.38229166666666664 0.47129629629629627 0.03515625 0.06018518518518518
0 0.32838541666666665 0.562962962962963 0.03802083333333333 0.07037037037037037
0 0.40078125 0.5703703703703704 0.011197916666666667 0.024074074074074074
0 0.4557291666666667 0.3587962962962963 0.026302083333333334 0.03194444444444444
0 0.3731770833333333 0.6236111111111111 0.031510416666666666 0.06805555555555555
0 0.50390625 0.41898148148148145 0.01953125 0.03935185185185185
0 0.640625 0.4287037037037037 0.03802083333333333 0.1259259259259259
0 0.7885416666666667 0.3435185185185185 0.01484375 0.03287037037037037
0 0.28411458333333334 0.09861111111111111 0.07421875 0.041666666666666664
0 0.79140625 0.33240740740740743 0.017708333333333333 0.028703703703703703
0 0.8947916666666667 0.36898148148148147 0.026302083333333334 0.03425925925925926
0 0.7494791666666667 0.1763888888888889 0.023697916666666666 0.04537037037037037
0 0.34791666666666665 0.30925925925925923 0.015104166666666667 0.037037037037037035
0 0.39921875 0.28935185185185186 0.02421875 0.04212962962962963
0 0.3963541666666667 0.25972222222222224 0.06927083333333334 0.06527777777777778
0 0.57421875 0.2152777777777778 0.0609375 0.075
0 0.93125 0.06620370370370371 0.02578125 0.04814814814814815
0 0.9510416666666667 0.12962962962962962 0.030989583333333334 0.049074074074074076
0 0.896875 0.1763888888888889 0.032552083333333336 0.053703703703703705
0 0.528125 0.17777777777777778 0.0359375 0.07175925925925926
0 0.42578125 0.21805555555555556 0.023177083333333334 0.037037037037037035
0 0.5984375 0.09398148148148149 0.06015625 0.060648148148148145
0 0.9661458333333334 0.08796296296296297 0.021614583333333333 0.024074074074074074
0 0.9763020833333333 0.11944444444444445 0.023697916666666666 0.034722222222222224
0 0.41640625 0.16527777777777777 0.06588541666666667 0.05277777777777778
0 0.525 0.36574074074074076 0.023177083333333334 0.030555555555555555
0 0.48463541666666665 0.575462962962963 0.027604166666666666 0.05138888888888889
0 0.56484375 0.22407407407407406 0.03958333333333333 0.047685185185185185
0 0.46536458333333336 0.6712962962962963 0.035416666666666666 0.040740740740740744
0 0.42291666666666666 0.7268518518518519 0.025520833333333333 0.04953703703703704
0 0.5924479166666666 0.09768518518518518 0.02578125 0.03564814814814815
0 0.39348958333333334 0.3509259259259259 0.029166666666666667 0.041666666666666664
0 0.57265625 0.2763888888888889 0.021354166666666667 0.029166666666666667
0 0.6567708333333333 0.4009259259259259 0.020572916666666666 0.047685185185185185
0 0.634375 0.4375 0.025 0.026851851851851852
0 0.6315104166666666 0.41805555555555557 0.0234375 0.03657407407407407
0 0.29765625 0.0699074074074074 0.02109375 0.03564814814814815
