0 0.42890625 0.38564814814814813 0.017447916666666667 0.03981481481481482
0 0.5802083333333333 0.7060185185185185 0.03984375 0.05648148148148148
0 0.7408854166666666 0.5578703703703703 0.034895833333333334 0.0625
0 0.7794270833333333 0.674537037037037 0.03619791666666667 0.06296296296296296
0 0.5658854166666667 0.8004629629629629 0.02265625 0.04583333333333333
0 0.4440104166666667 0.8041666666666667 0.0375 0.055092592592592596
0 0.5315104166666667 0.4356481481481482 0.03229166666666667 0.06805555555555555
0 0.3765625 0.6699074074074074 0.017447916666666667 0.03796296296296296
0 0.41692708333333334 0.7046296296296296 0.015364583333333333 0.02824074074074074
0 0.3697916666666667 0.49907407407407406 0.04088541666666667 0.0699074074074074
0 0.3223958333333333 0.5925925925925926 0.0265625 0.050462962962962966
0 0.38229166666666664 0.6166666666666667 0.01171875 0.025
0 0.4453125 0.35462962962962963 0.026302083333333334 0.03194444444444444
0 0.35911458333333335 0.6273148148148148 0.03307291666666667 0.03981481481481482
0 0.496875 0.44351851851851853 0.0203125 0.0412037037037037
0 0.6411458333333333 0.4393518518518518 0.03984375 0.13240740740740742
0 0.77578125 0.36157407407407405 0.01484375 0.03287037037037037
0 0.28072916666666664 0.1287037037037037 0.05130208333333333 0.13240740740740742
0 0.7734375 0.3365740740740741 0.016145833333333335 0.025925925925925925
0 0.8940104166666667 0.38101851851851853 0.026302083333333334 0.03425925925925926
0 0.7671875 0.1787037037037037 0.023697916666666666 0.04537037037037037
0 0.33619791666666665 0.3277777777777778 0.013802083333333333 0.033796296296296297
0 0.39921875 0.29305555555555557 0.023177083333333334 0.03981481481481482
0 0.3971354166666667 0.2671296296296296 0.06588541666666667 0.062037037037037036
0 0.5671875 0.22453703703703703 0.0609375 0.075
0 0.9411458333333333 0.06620370370370371 0.02578125 0.04814814814814815
0 0.94921875 0.1398148148148148 0.030989583333333334 0.049074074074074076
0 0.8963541666666667 0.18472222222222223 0.032552083333333336 0.053703703703703705
0 0.5221354166666666 0.1824074074074074 0.0359375 0.06018518518518518
0 0.4244791666666667 0.2162037037037037 0.028385416666666666 0.04537037037037037
0 0.5940104166666667 0.09814814814814815 0.06015625 0.060648148148148145
0 0.9661458333333334 0.09305555555555556 0.023958333333333335 0.02638888888888889
0 0.97265625 0.12175925925925926 0.023697916666666666 0.034722222222222224
0 0.4153645833333333 0.17314814814814813 0.06276041666666667 0.050462962962962966
0 0.5216145833333333 0.37777777777777777 0.025520833333333333 0.033796296296296297
0 0.48723958333333334 0.5773148148148148 0.026302083333333334 0.049074074074074076
0 0.56015625 0.2324074074074074 0.041666666666666664 0.05
0 0.4622395833333333 0.6685185185185185 0.035416666666666666 0.040740740740740744
0 0.415625 0.7476851851851852 0.021875 0.043055555555555555
0 0.5880208333333333 0.1037037037037037 0.0234375 0.032407407407407406
0 0.4080729166666667 0.3763888888888889 0.029166666666666667 0.041666666666666664
0 0.5575520833333333 0.2810185185185185 0.021354166666666667 0.029166666666666667
0 0.63515625 0.449537037037037 0.026302083333333334 0.02824074074074074
0 0.28489583333333335 0.09212962962962963 0.028125 0.047685185185185185
0 0.65859375 0.4064814814814815 0.02109375 0.03564814814814815
0 0.6361979166666667 0.42453703703703705 0.026822916666666665 0.03796296296296296
