0 0.42421875 0.42453703703703705 0.014322916666666666 0.03287037037037037
0 0.5721354166666667 0.7277777777777777 0.0453125 0.05694444444444444
0 0.7333333333333333 0.5476851851851852 0.028645833333333332 0.05277777777777778
0 0.7744791666666667 0.6861111111111111 0.034375 0.059722222222222225
0 0.5864583333333333 0.850462962962963 0.02265625 0.04583333333333333
0 0.41875 0.8449074074074074 0.034375 0.058333333333333334
0 0.521875 0.4388888888888889 0.031510416666666666 0.04722222222222222
0 0.34791666666666665 0.7277777777777777 0.03203125 0.05324074074074074
0 0.415625 0.7379629629629629 0.015364583333333333 0.02824074074074074
0 0.34739583333333335 0.5773148148148148 0.028645833333333332 0.044444444444444446
0 0.32005208333333335 0.6 0.027864583333333335 0.05277777777777778
0 0.38515625 0.649074074074074 0.010677083333333334 0.022685185185185187
0 0.43854166666666666 0.337037037037037 0.019791666666666666 0.040740740740740744
0 0.3502604166666667 0.6666666666666666 0.03307291666666667 0.03981481481481482
0 0.5263020833333333 0.48842592592592593 0.01953125 0.03935185185185185
0 0.6380208333333334 0.44583333333333336 0.03802083333333333 0.1259259259259259
0 0.73125 0.3675925925925926 0.0140625 0.031018518518518518
0 0.2828125 0.21666666666666667 0.05390625 0.1388888888888889
0 0.72734375 0.3388888888888889 0.015364583333333333 0.025
0 0.8869791666666667 0.40324074074074073 0.026302083333333334 0.03425925925925926
0 0.7986979166666667 0.1685185185185185 0.025 0.047685185185185185
0 0.31692708333333336 0.35833333333333334 0.013802083333333333 0.033796296296296297
0 0.3984375 0.30462962962962964 0.020833333333333332 0.03611111111111111
0 0.39401041666666664 0.2791666666666667 0.06588541666666667 0.062037037037037036
0 0.5559895833333334 0.23935185185185184 0.0609375 0.075
0 0.94609375 0.06435185185185185 0.0234375 0.04351851851851852
0 0.9466145833333334 0.15833333333333333 0.030989583333333334 0.049074074074074076
0 0.8932291666666666 0.19583333333333333 0.032552083333333336 0.053703703703703705
0 0.5078125 0.19537037037037036 0.0359375 0.06018518518518518
0 0.41953125 0.22268518518518518 0.03125 0.05
0 0.58515625 0.1087962962962963 0.04192708333333333 0.0837962962962963
0 0.9630208333333333 0.1050925925925926 0.021614583333333333 0.024074074074074074
0 0.96953125 0.1310185185185185 0.023697916666666666 0.034722222222222224
0 0.41067708333333336 0.1824074074074074 0.06276041666666667 0.050462962962962966
0 0.5072916666666667 0.40694444444444444 0.028125 0.037037037037037035
0 0.4783854166666667 0.5768518518518518 0.03697916666666667 0.0787037037037037
0 0.5416666666666666 0.24583333333333332 0.025520833333333333 0.052314814814814814
0 0.44921875 0.6981481481481482 0.03229166666666667 0.03657407407407407
0 0.38515625 0.7925925925925926 0.023177083333333334 0.04490740740740741
0 0.58046875 0.1175925925925926 0.022395833333333334 0.031018518518518518
0 0.42239583333333336 0.3263888888888889 0.021875 0.031018518518518518
0 0.5463541666666667 0.2935185185185185 0.021354166666666667 0.029166666666666667
0 0.6239583333333333 0.4638888888888889 0.016666666666666666 0.031018518518518518
0 0.2747395833333333 0.1425925925925926 0.025520833333333333 0.04027777777777778
0 0.6395833333333333 0.4162037037037037 0.028125 0.03981481481481482
0 0.6666666666666666 0.4111111111111111 0.021354166666666667 0.03935185185185185
