0 0.45338541666666665 0.3675925925925926 0.04635416666666667 0.03981481481481482
0 0.5721354166666667 0.7027777777777777 0.03984375 0.05648148148148148
0 0.7447916666666666 0.5518518518518518 0.034895833333333334 0.0625
0 0.7890625 0.6657407407407407 0.034375 0.059722222222222225
0 0.5575520833333333 0.7671296296296296 0.02265625 0.04583333333333333
0 0.46770833333333334 0.7875 0.033854166666666664 0.05
0 0.5440104166666667 0.45092592592592595 0.029166666666666667 0.06157407407407407
0 0.3859375 0.6555555555555556 0.017447916666666667 0.03796296296296296
0 0.42239583333333336 0.6902777777777778 0.015364583333333333 0.02824074074074074
0 0.38359375 0.46620370370370373 0.03359375 0.05740740740740741
0 0.32838541666666665 0.5574074074074075 0.03619791666666667 0.06712962962962964
0 0.40260416666666665 0.5643518518518519 0.011197916666666667 0.024074074074074074
0 0.46197916666666666 0.36157407407407405 0.025260416666666667 0.030555555555555555
0 0.3734375 0.6175925925925926 0.031510416666666666 0.06805555555555555
0 0.5020833333333333 0.42268518518518516 0.01953125 0.03935185185185185
0 0.6408854166666667 0.4287037037037037 0.03802083333333333 0.1259259259259259
0 0.7901041666666667 0.34444444444444444 0.01484375 0.03287037037037037
0 0.2864583333333333 0.09583333333333334 0.07421875 0.041666666666666664
0 0.7934895833333333 0.33055555555555555 0.017708333333333333 0.028703703703703703
0 0.8942708333333333 0.36574074074074076 0.026302083333333334 0.03425925925925926
0 0.7463541666666667 0.17824074074074073 0.023697916666666666 0.04537037037037037
0 0.3489583333333333 0.30925925925925923 0.015104166666666667 0.037037037037037035
0 0.39947916666666666 0.2884259259259259 0.02421875 0.04212962962962963
0 0.3966145833333333 0.25833333333333336 0.06927083333333334 0.06527777777777778
0 0.5739583333333333 0.21574074074074073 0.0609375 0.075
0 0.92890625 0.06620370370370371 0.02578125 0.04814814814814815
0 0.9505208333333334 0.1287037037037037 0.030989583333333334 0.049074074074074076
0 0.8963541666666667 0.17592592592592593 0.032552083333333336 0.053703703703703705
0 0.528125 0.1787037037037037 0.03411458333333333 0.06851851851851852
0 0.425 0.21712962962962962 0.023177083333333334 0.037037037037037035
0 0.5979166666666667 0.09398148148148149 0.06015625 0.060648148148148145
0 0.965625 0.0875 0.02265625 0.025
0 0.9768229166666667 0.12037037037037036 0.023697916666666666 0.034722222222222224
0 0.4166666666666667 0.16527777777777777 0.06588541666666667 0.05277777777777778
0 0.5260416666666666 0.3625 0.022135416666666668 0.029166666666666667
0 0.484375 0.5726851851851852 0.027604166666666666 0.05138888888888889
0 0.56640625 0.22314814814814815 0.03958333333333333 0.047685185185185185
0 0.46588541666666666 0.6736111111111112 0.033854166666666664 0.038425925925925926
0 0.4236979166666667 0.725 0.025520833333333333 0.04953703703703704
0 0.5940104166666667 0.0962962962962963 0.02578125 0.03564814814814815
0 0.39166666666666666 0.3490740740740741 0.029166666666666667 0.041666666666666664
0 0.5770833333333333 0.27361111111111114 0.021354166666666667 0.029166666666666667
0 0.65703125 0.39861111111111114 0.01953125 0.04537037037037037
0 0.6341145833333334 0.4375 0.025 0.026851851851851852
0 0.6283854166666667 0.4111111111111111 0.024479166666666666 0.038425925925925926
0 0.30026041666666664 0.06851851851851852 0.02109375 0.03564814814814815
