0 0.4197916666666667 0.42962962962962964 0.014322916666666666 0.03287037037037037
0 0.5786458333333333 0.7240740740740741 0.03984375 0.05694444444444444
0 0.7346354166666667 0.5560185185185185 0.02734375 0.050462962962962966
0 0.7731770833333333 0.687962962962963 0.034375 0.059722222222222225
0 0.5817708333333333 0.8421296296296297 0.023697916666666666 0.04814814814814815
0 0.4361979166666667 0.8314814814814815 0.04192708333333333 0.05925925925925926
0 0.5247395833333334 0.43703703703703706 0.031510416666666666 0.04722222222222222
0 0.35911458333333335 0.7023148148148148 0.03203125 0.05324074074074074
0 0.4166666666666667 0.7375 0.016145833333333335 0.02962962962962963
0 0.35260416666666666 0.5592592592592592 0.028645833333333332 0.044444444444444446
0 0.3184895833333333 0.6175925925925926 0.029166666666666667 0.05555555555555555
0 0.38229166666666664 0.6453703703703704 0.01015625 0.02175925925925926
0 0.4388020833333333 0.3472222222222222 0.027604166666666666 0.03333333333333333
0 0.353125 0.6537037037037037 0.031510416666666666 0.03796296296296296
0 0.51484375 0.48703703703703705 0.01953125 0.03935185185185185
0 0.6372395833333333 0.4476851851851852 0.03802083333333333 0.1259259259259259
0 0.7432291666666667 0.37175925925925923 0.01484375 0.03287037037037037
0 0.28072916666666664 0.19814814814814816 0.05130208333333333 0.13240740740740742
0 0.7388020833333333 0.3509259259259259 0.015364583333333333 0.025
0 0.8893229166666666 0.40555555555555556 0.026302083333333334 0.03425925925925926
0 0.7895833333333333 0.16898148148148148 0.025 0.047685185185185185
0 0.3229166666666667 0.3578703703703704 0.013802083333333333 0.033796296296296297
0 0.39895833333333336 0.30416666666666664 0.022135416666666668 0.03796296296296296
0 0.39375 0.2791666666666667 0.06588541666666667 0.062037037037037036
0 0.5606770833333333 0.23842592592592593 0.0609375 0.075
0 0.9484375 0.06759259259259259 0.02578125 0.04814814814814815
0 0.9432291666666667 0.15648148148148147 0.030989583333333334 0.049074074074074076
0 0.8934895833333333 0.1962962962962963 0.032552083333333336 0.053703703703703705
0 0.5098958333333333 0.19490740740740742 0.03411458333333333 0.05740740740740741
0 0.4203125 0.225 0.03125 0.05
0 0.5872395833333334 0.10972222222222222 0.04192708333333333 0.0837962962962963
0 0.9627604166666667 0.10833333333333334 0.02265625 0.025
0 0.9700520833333334 0.1310185185185185 0.023697916666666666 0.034722222222222224
0 0.4119791666666667 0.1837962962962963 0.06276041666666667 0.050462962962962966
0 0.5111979166666667 0.4046296296296296 0.028125 0.037037037037037035
0 0.484375 0.5824074074074074 0.03359375 0.0712962962962963
0 0.5450520833333333 0.24444444444444444 0.025520833333333333 0.052314814814814814
0 0.45338541666666665 0.6912037037037037 0.033854166666666664 0.038425925925925926
0 0.3885416666666667 0.7842592592592592 0.021875 0.043055555555555555
0 0.5815104166666667 0.11851851851851852 0.022395833333333334 0.031018518518518518
0 0.42213541666666665 0.3523148148148148 0.023958333333333335 0.03425925925925926
0 0.5489583333333333 0.2902777777777778 0.022395833333333334 0.030555555555555555
0 0.63203125 0.45740740740740743 0.027604166666666666 0.02962962962962963
0 0.27057291666666666 0.12175925925925926 0.023958333333333335 0.03564814814814815
0 0.63984375 0.41388888888888886 0.0296875 0.041666666666666664
0 0.6658854166666667 0.4162037037037037 0.021354166666666667 0.03935185185185185
