0 0.42526041666666664 0.42407407407407405 0.014322916666666666 0.03287037037037037
0 0.578125 0.7245370370370371 0.0453125 0.05694444444444444
0 0.73359375 0.5476851851851852 0.028645833333333332 0.05277777777777778
0 0.7744791666666667 0.6851851851851852 0.034375 0.059722222222222225
0 0.5872395833333334 0.8513888888888889 0.02265625 0.04583333333333333
0 0.41770833333333335 0.8444444444444444 0.034375 0.058333333333333334
0 0.521875 0.44351851851851853 0.031510416666666666 0.04722222222222222
0 0.346875 0.7300925925925926 0.03203125 0.05324074074074074
0 0.41484375 0.7388888888888889 0.015364583333333333 0.02824074074074074
0 0.3463541666666667 0.5773148148148148 0.028645833333333332 0.044444444444444446
0 0.32005208333333335 0.5990740740740741 0.027864583333333335 0.05277777777777778
0 0.38515625 0.649537037037037 0.010677083333333334 0.022685185185185187
0 0.4354166666666667 0.3375 0.019791666666666666 0.040740740740740744
0 0.34713541666666664 0.6680555555555555 0.031510416666666666 0.03796296296296296
0 0.528125 0.4861111111111111 0.01953125 0.03935185185185185
0 0.6377604166666667 0.44537037037037036 0.03802083333333333 0.1259259259259259
0 0.7296875 0.36527777777777776 0.0140625 0.031018518518518518
0 0.2828125 0.21898148148148147 0.05390625 0.1388888888888889
0 0.7252604166666666 0.33796296296296297 0.015364583333333333 0.025
0 0.8859375 0.4023148148148148 0.026302083333333334 0.03425925925925926
0 0.8013020833333333 0.16527777777777777 0.025 0.047685185185185185
0 0.31536458333333334 0.35833333333333334 0.013802083333333333 0.033796296296296297
0 0.39817708333333335 0.3055555555555556 0.020833333333333332 0.03611111111111111
0 0.39296875 0.2796296296296296 0.06588541666666667 0.062037037037037036
0 0.5559895833333334 0.23935185185185184 0.0609375 0.075
0 0.94609375 0.06342592592592593 0.0234375 0.04351851851851852
0 0.9466145833333334 0.15833333333333333 0.030989583333333334 0.049074074074074076
0 0.89296875 0.19722222222222222 0.032552083333333336 0.053703703703703705
0 0.5080729166666667 0.19444444444444445 0.0359375 0.06018518518518518
0 0.4197916666666667 0.22083333333333333 0.03125 0.05
0 0.5854166666666667 0.10787037037037037 0.04192708333333333 0.0837962962962963
0 0.9630208333333333 0.10601851851851851 0.021614583333333333 0.024074074074074074
0 0.9692708333333333 0.1300925925925926 0.023697916666666666 0.034722222222222224
0 0.41041666666666665 0.1824074074074074 0.06276041666666667 0.050462962962962966
0 0.50703125 0.40879629629629627 0.028125 0.037037037037037035
0 0.47708333333333336 0.5912037037037037 0.03697916666666667 0.050462962962962966
0 0.5401041666666667 0.24675925925925926 0.025520833333333333 0.052314814814814814
0 0.4505208333333333 0.6995370370370371 0.03229166666666667 0.03657407407407407
0 0.3846354166666667 0.7930555555555555 0.023177083333333334 0.04490740740740741
0 0.5794270833333334 0.11851851851851852 0.022395833333333334 0.031018518518518518
0 0.42161458333333335 0.32685185185185184 0.021875 0.031018518518518518
0 0.5450520833333333 0.2949074074074074 0.021354166666666667 0.029166666666666667
0 0.6244791666666667 0.46435185185185185 0.016666666666666666 0.031018518518518518
0 0.2752604166666667 0.14675925925925926 0.025520833333333333 0.04027777777777778
0 0.6385416666666667 0.41574074074074074 0.028125 0.03981481481481482
0 0.665625 0.41064814814814815 0.0203125 0.037037037037037035
