0 0.45026041666666666 0.37916666666666665 0.04869791666666667 0.041666666666666664
0 0.5794270833333334 0.7064814814814815 0.03802083333333333 0.05416666666666667
0 0.7419270833333333 0.5555555555555556 0.034895833333333334 0.0625
0 0.7791666666666667 0.6726851851851852 0.03619791666666667 0.06296296296296296
0 0.5640625 0.7939814814814815 0.02265625 0.04583333333333333
0 0.44505208333333335 0.799074074074074 0.03567708333333333 0.05277777777777778
0 0.53203125 0.43703703703703706 0.03229166666666667 0.06805555555555555
0 0.37994791666666666 0.6648148148148149 0.018489583333333334 0.03981481481481482
0 0.41770833333333335 0.6995370370370371 0.015364583333333333 0.02824074074074074
0 0.37265625 0.49212962962962964 0.04088541666666667 0.0699074074074074
0 0.32526041666666666 0.5875 0.027864583333333335 0.05277777777777778
0 0.38697916666666665 0.6097222222222223 0.01171875 0.025
0 0.44817708333333334 0.3726851851851852 0.026302083333333334 0.03194444444444444
0 0.35989583333333336 0.6217592592592592 0.031510416666666666 0.03796296296296296
0 0.49895833333333334 0.4337962962962963 0.01953125 0.03935185185185185
0 0.64140625 0.43842592592592594 0.03984375 0.13240740740740742
0 0.77890625 0.3587962962962963 0.01484375 0.03287037037037037
0 0.27734375 0.13333333333333333 0.07265625 0.06620370370370371
0 0.7791666666666667 0.3347222222222222 0.016145833333333335 0.025925925925925925
0 0.89453125 0.37592592592592594 0.026302083333333334 0.03425925925925926
0 0.7638020833333333 0.17962962962962964 0.023697916666666666 0.04537037037037037
0 0.3385416666666667 0.325 0.013802083333333333 0.033796296296296297
0 0.39921875 0.29212962962962963 0.023177083333333334 0.03981481481481482
0 0.39739583333333334 0.2652777777777778 0.06927083333333334 0.06527777777777778
0 0.5690104166666666 0.22175925925925927 0.0609375 0.075
0 0.9401041666666666 0.06712962962962964 0.02578125 0.04814814814814815
0 0.9494791666666667 0.13518518518518519 0.030989583333333334 0.049074074074074076
0 0.89609375 0.18425925925925926 0.032552083333333336 0.053703703703703705
0 0.5239583333333333 0.18055555555555555 0.0359375 0.06018518518518518
0 0.42421875 0.2152777777777778 0.025520833333333333 0.0412037037037037
0 0.5963541666666666 0.09490740740740741 0.06015625 0.060648148148148145
0 0.96640625 0.09259259259259259 0.02265625 0.025
0 0.9729166666666667 0.12037037037037036 0.023697916666666666 0.034722222222222224
0 0.41510416666666666 0.17083333333333334 0.06276041666666667 0.050462962962962966
0 0.5221354166666666 0.37037037037037035 0.02421875 0.03194444444444444
0 0.4875 0.575 0.027604166666666666 0.05138888888888889
0 0.56015625 0.23055555555555557 0.03958333333333333 0.047685185185185185
0 0.46484375 0.6680555555555555 0.035416666666666666 0.040740740740740744
0 0.41744791666666664 0.7416666666666667 0.021875 0.043055555555555555
0 0.5901041666666667 0.10092592592592593 0.0234375 0.032407407407407406
0 0.4049479166666667 0.375 0.029166666666666667 0.041666666666666664
0 0.5583333333333333 0.2722222222222222 0.021354166666666667 0.029166666666666667
0 0.6359375 0.4462962962962963 0.025 0.026851851851851852
0 0.28489583333333335 0.08935185185185185 0.026822916666666665 0.04537037037037037
0 0.65859375 0.4050925925925926 0.020052083333333335 0.033796296296296297
0 0.6354166666666666 0.4199074074074074 0.026822916666666665 0.03796296296296296
