0 0.6622395833333333 0.39675925925925926 0.019010416666666665 0.038425925925925926
0 0.81484375 0.7319444444444444 0.04765625 0.059722222222222225
0 0.9846354166666667 0.5615740740740741 0.03333333333333333 0.06111111111111111
0 0.834375 0.8666666666666667 0.02265625 0.04583333333333333
0 0.65625 0.8662037037037037 0.034375 0.058333333333333334
0 0.7578125 0.4361111111111111 0.031510416666666666 0.04675925925925926
0 0.58125 0.750462962962963 0.03359375 0.056018518518518516
0 0.6557291666666667 0.7671296296296296 0.016927083333333332 0.031018518518518518
0 0.5776041666666667 0.6425925925925926 0.023697916666666666 0.03657407407407407
0 0.5515625 0.5481481481481482 0.02890625 0.055092592592592596
0 0.61015625 0.6708333333333333 0.019791666666666666 0.03935185185185185
0 0.6723958333333333 0.3699074074074074 0.01796875 0.037037037037037035
0 0.56953125 0.7143518518518519 0.024739583333333332 0.02962962962962963
0 0.78359375 0.5087962962962963 0.0359375 0.033796296296296297
0 0.8815104166666666 0.46435185185185185 0.0375 0.13240740740740742
0 0.8911458333333333 0.3287037037037037 0.01640625 0.03611111111111111
0 0.5473958333333333 0.46805555555555556 0.04505208333333333 0.15324074074074073
0 0.8890625 0.29305555555555557 0.022916666666666665 0.05185185185185185
0 0.54765625 0.3736111111111111 0.019010416666666665 0.037037037037037035
0 0.6270833333333333 0.3050925925925926 0.05078125 0.09305555555555556
0 0.7822916666666667 0.25324074074074077 0.0640625 0.08101851851851852
0 0.73359375 0.21064814814814814 0.037760416666666664 0.06296296296296296
0 0.65859375 0.21296296296296297 0.0296875 0.047685185185185185
0 0.8171875 0.12037037037037036 0.03359375 0.11018518518518519
0 0.6518229166666667 0.17314814814814813 0.06927083333333334 0.05555555555555555
0 0.8403645833333333 0.4064814814814815 0.030989583333333334 0.040740740740740744
0 0.7075520833333333 0.5995370370370371 0.042708333333333334 0.058333333333333334
0 0.7729166666666667 0.27175925925925926 0.03411458333333333 0.03935185185185185
0 0.68984375 0.737037037037037 0.033854166666666664 0.03888888888888889
0 0.6018229166666667 0.8273148148148148 0.020052083333333335 0.049074074074074076
0 0.8197916666666667 0.11712962962962963 0.023177083333333334 0.03194444444444444
0 0.7205729166666667 0.33240740740740743 0.035416666666666666 0.05
0 0.7705729166666667 0.29768518518518516 0.024739583333333332 0.033796296296296297
0 0.49114583333333334 0.23657407407407408 0.029427083333333333 0.04675925925925926
0 0.8888020833333333 0.4222222222222222 0.028385416666666666 0.04398148148148148
0 0.9114583333333334 0.4203703703703704 0.01875 0.03935185185185185
0 0.85234375 0.4736111111111111 0.019010416666666665 0.04537037037037037
0 0.6361979166666667 0.3226851851851852 0.02109375 0.03657407407407407
