0 0.44244791666666666 0.3773148148148148 0.04635416666666667 0.03981481481481482
0 0.57109375 0.7032407407407407 0.04192708333333333 0.059722222222222225
0 0.74765625 0.5467592592592593 0.03333333333333333 0.059722222222222225
0 0.7927083333333333 0.6611111111111111 0.0328125 0.05694444444444444
0 0.55390625 0.7532407407407408 0.021614583333333333 0.04351851851851852
0 0.4859375 0.7782407407407408 0.030729166666666665 0.04537037037037037
0 0.5458333333333333 0.45416666666666666 0.029166666666666667 0.06157407407407407
0 0.3880208333333333 0.6509259259259259 0.016666666666666666 0.03611111111111111
0 0.42630208333333336 0.6754629629629629 0.016145833333333335 0.02962962962962963
0 0.39114583333333336 0.44814814814814813 0.03046875 0.052314814814814814
0 0.3268229166666667 0.5532407407407407 0.034375 0.06388888888888888
0 0.41328125 0.5402777777777777 0.010677083333333334 0.022685185185185187
0 0.46328125 0.36157407407407405 0.023958333333333335 0.029166666666666667
0 0.3768229166666667 0.600925925925926 0.03307291666666667 0.0712962962962963
0 0.49921875 0.4310185185185185 0.018489583333333334 0.0375
0 0.6393229166666666 0.4222222222222222 0.03802083333333333 0.1259259259259259
0 0.796875 0.3439814814814815 0.01484375 0.03287037037037037
0 0.30052083333333335 0.09166666666666666 0.07786458333333333 0.04398148148148148
0 0.7989583333333333 0.32175925925925924 0.01875 0.03009259259259259
0 0.8908854166666667 0.36064814814814816 0.026302083333333334 0.03425925925925926
0 0.7388020833333333 0.18518518518518517 0.023697916666666666 0.04537037037037037
0 0.3533854166666667 0.300462962962963 0.015104166666666667 0.037037037037037035
0 0.39895833333333336 0.28564814814814815 0.02421875 0.04212962962962963
0 0.3971354166666667 0.2550925925925926 0.06927083333333334 0.06527777777777778
0 0.57734375 0.20833333333333334 0.0609375 0.075
0 0.9260416666666667 0.0699074074074074 0.02578125 0.04814814814814815
0 0.9497395833333333 0.13055555555555556 0.030989583333333334 0.049074074074074076
0 0.896875 0.1726851851851852 0.032552083333333336 0.053703703703703705
0 0.5322916666666667 0.17592592592592593 0.03411458333333333 0.06851851851851852
0 0.42578125 0.21203703703703702 0.022135416666666668 0.03564814814814815
0 0.5942708333333333 0.09351851851851851 0.06015625 0.060648148148148145
0 0.9669270833333333 0.08287037037037037 0.023958333333333335 0.02638888888888889
0 0.9770833333333333 0.11944444444444445 0.023697916666666666 0.034722222222222224
0 0.4171875 0.16157407407407406 0.06588541666666667 0.05277777777777778
0 0.5302083333333333 0.35462962962962963 0.022135416666666668 0.029166666666666667
0 0.4830729166666667 0.5680555555555555 0.026302083333333334 0.049074074074074076
0 0.5682291666666667 0.21805555555555556 0.03958333333333333 0.047685185185185185
0 0.46640625 0.6662037037037037 0.033854166666666664 0.038425925925925926
0 0.425 0.7143518518518519 0.02421875 0.04722222222222222
0 0.5971354166666667 0.09166666666666666 0.02578125 0.03564814814814815
0 0.3846354166666667 0.3398148148148148 0.029166666666666667 0.041666666666666664
0 0.5864583333333333 0.2652777777777778 0.021354166666666667 0.029166666666666667
0 0.6596354166666667 0.39351851851851855 0.01953125 0.04537037037037037
0 0.6328125 0.4356481481481482 0.026302083333333334 0.02824074074074074
0 0.6190104166666667 0.412962962962963 0.027083333333333334 0.04212962962962963
0 0.3065104166666667 0.06759259259259259 0.023177083333333334 0.03935185185185185
