0 0.030208333333333334 0.22962962962962963 0.02421875 0.03657407407407407
0 0.04583333333333333 0.18703703703703703 0.02109375 0.026851851851851852
0 0.05572916666666667 0.1625 0.020052083333333335 0.027777777777777776
0 0.07135416666666666 0.11805555555555555 0.023177083333333334 0.030555555555555555
0 0.06875 0.0625 0.02734375 0.041666666666666664
0 0.0421875 0.050462962962962966 0.025260416666666667 0.03518518518518519
0 0.02578125 0.04351851851851852 0.024739583333333332 0.02962962962962963
0 0.020833333333333332 0.0625 0.022135416666666668 0.02546296296296296
0 0.03359375 0.1361111111111111 0.023697916666666666 0.0375
0 0.015625 0.18981481481481483 0.016927083333333332 0.032407407407407406
0 0.005989583333333334 0.16666666666666666 0.012239583333333333 0.038425925925925926
0 0.009114583333333334 0.11805555555555555 0.018489583333333334 0.032407407407407406
0 0.0125 0.1125 0.025260416666666667 0.10185185185185185
