0 0.07291666666666667 0.10787037037037037 0.029427083333333333 0.038425925925925926
0 0.0453125 0.09814814814814815 0.02421875 0.03935185185185185
0 0.02578125 0.08796296296296297 0.023697916666666666 0.02638888888888889
0 0.02578125 0.10694444444444444 0.02578125 0.028703703703703703
0 0.04348958333333333 0.014814814814814815 0.017447916666666667 0.03009259259259259
0 0.059375 0.20694444444444443 0.020052083333333335 0.028703703703703703
0 0.07473958333333333 0.16666666666666666 0.021614583333333333 0.02824074074074074
0 0.04973958333333333 0.23055555555555557 0.02890625 0.02962962962962963
0 0.0328125 0.2810185185185185 0.02421875 0.040740740740740744
0 0.019270833333333334 0.2351851851851852 0.023177083333333334 0.032407407407407406
0 0.009375 0.21435185185185185 0.019010416666666665 0.03564814814814815
0 0.010416666666666666 0.16620370370370371 0.02109375 0.03935185185185185
0 0.012760416666666666 0.16296296296296298 0.02578125 0.0962962962962963
