0 0.031510416666666666 0.20601851851851852 0.026822916666666665 0.044444444444444446
0 0.05546875 0.1375 0.020572916666666666 0.024074074074074074
0 0.07239583333333334 0.08888888888888889 0.02734375 0.038425925925925926
0 0.015104166666666667 0.16620370370370371 0.019791666666666666 0.03796296296296296
0 0.034895833333333334 0.09861111111111111 0.025520833333333333 0.03518518518518519
0 0.0067708333333333336 0.13842592592592592 0.023177083333333334 0.04027777777777778
0 0.04401041666666667 0.1587962962962963 0.022135416666666668 0.03287037037037037
0 0.013541666666666667 0.08472222222222223 0.03046875 0.09675925925925925
0 0.00859375 0.08703703703703704 0.023958333333333335 0.03425925925925926
0 0.06927083333333334 0.031018518518518518 0.02734375 0.03888888888888889
0 0.04609375 0.01574074074074074 0.017447916666666667 0.02638888888888889
0 0.02890625 0.013888888888888888 0.020572916666666666 0.02824074074074074
0 0.022135416666666668 0.03564814814814815 0.027864583333333335 0.02962962962962963
