0 0.039322916666666666 0.35 0.020572916666666666 0.044444444444444446
0 0.057291666666666664 0.2949074074074074 0.02109375 0.02638888888888889
0 0.06197916666666667 0.2712962962962963 0.019010416666666665 0.029166666666666667
0 0.07578125 0.2337962962962963 0.01953125 0.03287037037037037
0 0.07213541666666666 0.17175925925925925 0.026822916666666665 0.02824074074074074
0 0.0484375 0.16527777777777777 0.020052083333333335 0.029166666666666667
0 0.03229166666666667 0.15 0.023177083333333334 0.022222222222222223
0 0.02734375 0.16712962962962963 0.02265625 0.032407407407407406
0 0.04869791666666667 0.08148148148148149 0.018489583333333334 0.03333333333333333
0 0.05703125 0.055092592592592596 0.023697916666666666 0.030555555555555555
0 0.024739583333333332 0.06296296296296296 0.026822916666666665 0.028703703703703703
0 0.015104166666666667 0.22407407407407406 0.03046875 0.10462962962962963
0 0.012760416666666666 0.23148148148148148 0.02265625 0.02962962962962963
0 0.04140625 0.25787037037037036 0.02578125 0.02824074074074074
0 0.021614583333333333 0.29444444444444445 0.01953125 0.02546296296296296
0 0.011197916666666667 0.2740740740740741 0.020572916666666666 0.02546296296296296
