0 0.11380208333333333 0.1 0.024739583333333332 0.040740740740740744
0 0.15052083333333333 0.06620370370370371 0.016927083333333332 0.027314814814814816
0 0.15729166666666666 0.05740740740740741 0.013802083333333333 0.027314814814814816
0 0.17109375 0.04398148148148148 0.017447916666666667 0.026851851851851852
0 0.7815104166666667 0.3125 0.019010416666666665 0.03518518518518519
0 0.05703125 0.13796296296296295 0.023697916666666666 0.03611111111111111
0 0.01171875 0.17083333333333334 0.023697916666666666 0.06620370370370371
0 0.05234375 0.022222222222222223 0.045572916666666664 0.044444444444444446
0 0.10104166666666667 0.02175925925925926 0.013802083333333333 0.016203703703703703
0 0.11171875 0.0375 0.014322916666666666 0.02546296296296296
0 0.1359375 0.019444444444444445 0.02734375 0.02962962962962963
