0 0.7736979166666667 0.2 0.02109375 0.032407407407407406
0 0.10546875 0.09490740740740741 0.018489583333333334 0.032407407407407406
0 0.028385416666666666 0.026851851851851852 0.04453125 0.05416666666666667
0 0.04401041666666667 0.1550925925925926 0.02578125 0.040740740740740744
0 0.08723958333333333 0.020833333333333332 0.01953125 0.024537037037037038
0 0.09713541666666667 0.037037037037037035 0.017447916666666667 0.016666666666666666
0 0.12109375 0.01712962962962963 0.026822916666666665 0.027314814814814816
0 0.15807291666666667 0.028703703703703703 0.017447916666666667 0.02638888888888889
0 0.14322916666666666 0.050462962962962966 0.01796875 0.03333333333333333
0 0.13489583333333333 0.06435185185185185 0.01796875 0.03148148148148148
