0 0.03828125 0.32083333333333336 0.02265625 0.032407407407407406
0 0.05364583333333333 0.2689814814814815 0.022135416666666668 0.024074074074074074
0 0.06041666666666667 0.2462962962962963 0.022135416666666668 0.02546296296296296
0 0.075 0.2125 0.022135416666666668 0.03333333333333333
0 0.0734375 0.15092592592592594 0.023177083333333334 0.030555555555555555
0 0.04791666666666667 0.13796296296296295 0.022135416666666668 0.022222222222222223
0 0.028645833333333332 0.12824074074074074 0.026302083333333334 0.02361111111111111
0 0.02421875 0.14351851851851852 0.024739583333333332 0.021296296296296296
0 0.022395833333333334 0.03888888888888889 0.025260416666666667 0.03657407407407407
0 0.046614583333333334 0.05416666666666667 0.020572916666666666 0.0375
0 0.054947916666666666 0.032407407407407406 0.020572916666666666 0.02962962962962963
0 0.015364583333333333 0.2013888888888889 0.030989583333333334 0.09953703703703703
0 0.01015625 0.2111111111111111 0.020572916666666666 0.03425925925925926
0 0.00859375 0.25092592592592594 0.014322916666666666 0.02638888888888889
0 0.017708333333333333 0.2712962962962963 0.019010416666666665 0.02175925925925926
0 0.037760416666666664 0.23194444444444445 0.024739583333333332 0.032407407407407406
