0 0.04505208333333333 0.34444444444444444 0.02265625 0.0375
0 0.06328125 0.28935185185185186 0.01953125 0.02361111111111111
0 0.06901041666666667 0.26851851851851855 0.020572916666666666 0.027777777777777776
0 0.07864583333333333 0.23472222222222222 0.025260416666666667 0.02638888888888889
0 0.078125 0.16666666666666666 0.02421875 0.02824074074074074
0 0.05625 0.1625 0.022135416666666668 0.027777777777777776
0 0.03828125 0.15 0.02578125 0.032407407407407406
0 0.03177083333333333 0.16018518518518518 0.02421875 0.02546296296296296
0 0.05572916666666667 0.08564814814814815 0.02421875 0.024537037037037038
0 0.06666666666666667 0.05740740740740741 0.022135416666666668 0.02361111111111111
0 0.03463541666666667 0.06574074074074074 0.023697916666666666 0.02638888888888889
0 0.016927083333333332 0.21805555555555556 0.03411458333333333 0.10648148148148148
0 0.015885416666666666 0.2300925925925926 0.020572916666666666 0.03425925925925926
0 0.006510416666666667 0.19212962962962962 0.01328125 0.0375
0 0.04635416666666667 0.25462962962962965 0.020052083333333335 0.02962962962962963
0 0.02734375 0.2949074074074074 0.01953125 0.028703703703703703
0 0.014322916666666666 0.274537037037037 0.023697916666666666 0.03333333333333333
