0 0.0359375 0.29768518518518516 0.02734375 0.04537037037037037
0 0.05182291666666667 0.2537037037037037 0.021614583333333333 0.038425925925925926
0 0.05963541666666667 0.225 0.021614583333333333 0.028703703703703703
0 0.0765625 0.18888888888888888 0.022135416666666668 0.038425925925925926
0 0.07239583333333334 0.12407407407407407 0.02421875 0.030555555555555555
0 0.04635416666666667 0.11805555555555555 0.023177083333333334 0.032407407407407406
0 0.028125 0.1037037037037037 0.023177083333333334 0.02824074074074074
0 0.026041666666666668 0.12314814814814815 0.02421875 0.03564814814814815
0 0.04479166666666667 0.03194444444444444 0.022135416666666668 0.038425925925925926
0 0.020833333333333332 0.012962962962962963 0.023177083333333334 0.02638888888888889
0 0.012760416666666666 0.17824074074074073 0.02578125 0.09953703703703703
0 0.009375 0.18472222222222223 0.019010416666666665 0.034722222222222224
0 0.008333333333333333 0.2263888888888889 0.016927083333333332 0.02361111111111111
0 0.014583333333333334 0.24675925925925926 0.019010416666666665 0.024537037037037038
0 0.039322916666666666 0.20879629629629629 0.029947916666666668 0.03657407407407407
