0 0.11796875 0.08564814814814815 0.020572916666666666 0.038425925925925926
0 0.058333333333333334 0.1310185185185185 0.015885416666666666 0.04259259259259259
0 0.00859375 0.16944444444444445 0.017447916666666667 0.05555555555555555
0 0.15104166666666666 0.05462962962962963 0.016927083333333332 0.03148148148148148
0 0.15755208333333334 0.04027777777777778 0.015364583333333333 0.02361111111111111
0 0.17239583333333333 0.030555555555555555 0.01796875 0.02962962962962963
0 0.7799479166666666 0.2810185185185185 0.025260416666666667 0.030555555555555555
0 0.134375 0.008333333333333333 0.02734375 0.01712962962962963
0 0.10963541666666667 0.01574074074074074 0.026822916666666665 0.03148148148148148
0 0.05546875 0.014814814814814815 0.03619791666666667 0.03009259259259259
