0 0.7442708333333333 0.11157407407407408 0.021614583333333333 0.03148148148148148
0 0.12760416666666666 0.09722222222222222 0.01796875 0.027314814814814816
0 0.11145833333333334 0.12222222222222222 0.019010416666666665 0.029166666666666667
0 0.10364583333333334 0.13796296296296295 0.016927083333333332 0.03425925925925926
0 0.07864583333333333 0.17453703703703705 0.022135416666666668 0.03333333333333333
0 0.025520833333333333 0.24953703703703703 0.019010416666666665 0.041666666666666664
0 0.010416666666666666 0.10972222222222222 0.02109375 0.060648148148148145
0 0.055989583333333336 0.10185185185185185 0.023697916666666666 0.02824074074074074
0 0.06875 0.12175925925925926 0.013802083333333333 0.022685185185185187
0 0.08984375 0.09444444444444444 0.02265625 0.03333333333333333
0 0.13515625 0.033796296296296297 0.02265625 0.03287037037037037
0 0.11354166666666667 0.013425925925925926 0.022135416666666668 0.027314814814814816
0 0.06432291666666666 0.050462962962962966 0.03203125 0.10138888888888889
0 0.06458333333333334 0.058333333333333334 0.026302083333333334 0.03564814814814815
0 0.0578125 0.01574074074074074 0.02109375 0.03148148148148148
0 0.017708333333333333 0.012962962962962963 0.026302083333333334 0.02638888888888889
0 0.0359375 0.06805555555555555 0.02421875 0.03611111111111111
