0 0.7197916666666667 0.043055555555555555 0.01953125 0.03425925925925926
0 0.061197916666666664 0.24675925925925926 0.02890625 0.034722222222222224
0 0.011197916666666667 0.3347222222222222 0.02265625 0.04675925925925926
0 0.0828125 0.20925925925925926 0.01484375 0.027314814814814816
0 0.08854166666666667 0.1875 0.015885416666666666 0.02546296296296296
0 0.10520833333333333 0.15462962962962962 0.01796875 0.024537037037037038
0 0.10520833333333333 0.0912037037037037 0.022135416666666668 0.032407407407407406
0 0.08619791666666667 0.07777777777777778 0.01953125 0.02638888888888889
0 0.06927083333333334 0.05925925925925926 0.02109375 0.027314814814814816
0 0.06015625 0.06388888888888888 0.018489583333333334 0.022685185185185187
0 0.08984375 0.010185185185185186 0.01953125 0.020370370370370372
0 0.03697916666666667 0.12083333333333333 0.03359375 0.11064814814814815
0 0.029166666666666667 0.09490740740740741 0.02421875 0.030555555555555555
0 0.037760416666666664 0.13333333333333333 0.02265625 0.033796296296296297
0 0.0671875 0.1685185185185185 0.02109375 0.02962962962962963
0 0.048177083333333336 0.19305555555555556 0.017447916666666667 0.022222222222222223
0 0.03697916666666667 0.17824074074074073 0.01796875 0.027314814814814816
0 0.01171875 0.15231481481481482 0.023697916666666666 0.033796296296296297
