0 0.7755208333333333 0.625462962962963 0.02578125 0.04351851851851852
0 0.21432291666666667 0.0625 0.015364583333333333 0.02962962962962963
0 0.19088541666666667 0.07222222222222222 0.015364583333333333 0.0375
0 0.15390625 0.08842592592592592 0.02578125 0.027314814814814816
0 0.10234375 0.06435185185185185 0.018489583333333334 0.029166666666666667
0 0.04453125 0.07916666666666666 0.03828125 0.03935185185185185
0 0.12265625 0.025925925925925925 0.03203125 0.052314814814814814
0 0.14791666666666667 0.025925925925925925 0.022135416666666668 0.032407407407407406
0 0.15989583333333332 0.00787037037037037 0.019010416666666665 0.016203703703703703
0 0.18854166666666666 0.01574074074074074 0.02421875 0.02824074074074074
0 0.20026041666666666 0.04490740740740741 0.018489583333333334 0.02638888888888889
0 0.24010416666666667 0.009722222222222222 0.020052083333333335 0.019444444444444445
