0 0.73046875 0.4300925925925926 0.03463541666666667 0.14629629629629629
0 0.6583333333333333 0.475462962962963 0.03515625 0.06944444444444445
0 0.6182291666666667 0.4791666666666667 0.041666666666666664 0.10648148148148148
0 0.6833333333333333 0.2884259259259259 0.015104166666666667 0.02824074074074074
0 0.6684895833333333 0.30648148148148147 0.0140625 0.028703703703703703
0 0.6651041666666667 0.3074074074074074 0.012760416666666666 0.03287037037037037
0 0.6346354166666667 0.24074074074074073 0.020572916666666666 0.03148148148148148
0 0.6796875 0.13564814814814816 0.015885416666666666 0.034722222222222224
0 0.7052083333333333 0.12361111111111112 0.02421875 0.03518518518518519
0 0.6924479166666667 0.10185185185185185 0.017447916666666667 0.02962962962962963
0 0.6674479166666667 0.04861111111111111 0.018229166666666668 0.03425925925925926
0 0.596875 0.032407407407407406 0.0171875 0.032407407407407406
0 0.5888020833333333 0.06157407407407407 0.01875 0.03194444444444444
0 0.59296875 0.08287037037037037 0.016145833333333335 0.034722222222222224
0 0.61640625 0.1310185185185185 0.01640625 0.03287037037037037
0 0.5984375 0.15787037037037038 0.01875 0.03796296296296296
0 0.51015625 0.18564814814814815 0.022135416666666668 0.034722222222222224
0 0.5184895833333333 0.1486111111111111 0.02421875 0.03148148148148148
0 0.47369791666666666 0.25833333333333336 0.03359375 0.13287037037037036
0 0.42083333333333334 0.28425925925925927 0.01640625 0.034722222222222224
0 0.4942708333333333 0.07777777777777778 0.017708333333333333 0.02546296296296296
0 0.496875 0.04259259259259259 0.019270833333333334 0.029166666666666667
0 0.39739583333333334 0.2037037037037037 0.022395833333333334 0.03611111111111111
0 0.41328125 0.20694444444444443 0.020052083333333335 0.030555555555555555
0 0.42109375 0.17824074074074073 0.02421875 0.024074074074074074
0 0.21848958333333332 0.05277777777777778 0.0234375 0.04212962962962963
0 0.2125 0.11990740740740741 0.055989583333333336 0.09398148148148149
0 0.19427083333333334 0.0875 0.019010416666666665 0.03333333333333333
0 0.2078125 0.10972222222222222 0.020052083333333335 0.038425925925925926
0 0.22526041666666666 0.14027777777777778 0.017447916666666667 0.0375
0 0.4752604166666667 0.23194444444444445 0.021614583333333333 0.03425925925925926
0 0.4744791666666667 0.275 0.015885416666666666 0.032407407407407406
0 0.6200520833333333 0.48657407407407405 0.02109375 0.03148148148148148
0 0.7346354166666667 0.4310185185185185 0.019010416666666665 0.03611111111111111
