0 0.6359375 0.4263888888888889 0.03463541666666667 0.14629629629629629
0 0.5635416666666667 0.5050925925925925 0.039322916666666666 0.06898148148148148
0 0.5192708333333333 0.49953703703703706 0.04401041666666667 0.09675925925925925
0 0.5635416666666667 0.3416666666666667 0.013541666666666667 0.030555555555555555
0 0.57265625 0.34305555555555556 0.014322916666666666 0.028703703703703703
0 0.5908854166666667 0.3236111111111111 0.017447916666666667 0.03796296296296296
0 0.53828125 0.2763888888888889 0.016666666666666666 0.034722222222222224
0 0.5859375 0.18425925925925926 0.016666666666666666 0.03657407407407407
0 0.6088541666666667 0.16203703703703703 0.022135416666666668 0.03194444444444444
0 0.59375 0.1337962962962963 0.012760416666666666 0.02638888888888889
0 0.5755208333333334 0.08935185185185185 0.01484375 0.026851851851851852
0 0.5041666666666667 0.06851851851851852 0.013541666666666667 0.025925925925925925
0 0.5044270833333333 0.09814814814814815 0.01796875 0.030555555555555555
0 0.49505208333333334 0.12083333333333333 0.015364583333333333 0.03287037037037037
0 0.5075520833333333 0.19305555555555556 0.01640625 0.03287037037037037
0 0.521875 0.16712962962962963 0.01796875 0.03611111111111111
0 0.428125 0.19305555555555556 0.023177083333333334 0.03657407407407407
0 0.4244791666666667 0.22546296296296298 0.02421875 0.03148148148148148
0 0.3841145833333333 0.28425925925925927 0.03046875 0.12037037037037036
0 0.32786458333333335 0.3175925925925926 0.01953125 0.03935185185185185
0 0.4015625 0.12175925925925926 0.018489583333333334 0.026851851851851852
0 0.40234375 0.08657407407407407 0.018229166666666668 0.027777777777777776
0 0.41901041666666666 0.03009259259259259 0.02421875 0.04027777777777778
0 0.30364583333333334 0.26944444444444443 0.0234375 0.03009259259259259
0 0.31875 0.23981481481481481 0.019010416666666665 0.024074074074074074
0 0.3203125 0.2175925925925926 0.023177083333333334 0.023148148148148147
0 0.3046875 0.04259259259259259 0.015625 0.02962962962962963
0 0.1546875 0.03425925925925926 0.07239583333333334 0.06851851851851852
0 0.11223958333333334 0.08842592592592592 0.021354166666666667 0.038425925925925926
0 0.11848958333333333 0.1537037037037037 0.055989583333333336 0.09398148148148149
0 0.09869791666666666 0.12453703703703704 0.018489583333333334 0.03333333333333333
0 0.10963541666666667 0.14166666666666666 0.020572916666666666 0.038425925925925926
0 0.13151041666666666 0.17083333333333334 0.023697916666666666 0.038425925925925926
0 0.13151041666666666 0.027314814814814816 0.01328125 0.03148148148148148
0 0.14583333333333334 0.03333333333333333 0.02421875 0.05324074074074074
0 0.15625 0.01898148148148148 0.023177083333333334 0.028703703703703703
0 0.16666666666666666 0.038425925925925926 0.013802083333333333 0.03148148148148148
0 0.17682291666666666 0.017592592592592594 0.01640625 0.02962962962962963
0 0.38359375 0.25601851851851853 0.018489583333333334 0.028703703703703703
0 0.38229166666666664 0.30092592592592593 0.016927083333333332 0.03425925925925926
0 0.5208333333333334 0.5027777777777778 0.01640625 0.034722222222222224
0 0.63984375 0.4310185185185185 0.01796875 0.032407407407407406
