0 0.6080729166666666 0.42777777777777776 0.03307291666666667 0.13935185185185187
0 0.5333333333333333 0.513425925925926 0.039322916666666666 0.06898148148148148
0 0.48880208333333336 0.5064814814814815 0.04192708333333333 0.09212962962962963
0 0.5346354166666667 0.35833333333333334 0.017447916666666667 0.034722222222222224
0 0.5416666666666666 0.35185185185185186 0.014322916666666666 0.028703703703703703
0 0.5567708333333333 0.3365740740740741 0.017447916666666667 0.03796296296296296
0 0.5083333333333333 0.29212962962962963 0.015885416666666666 0.03287037037037037
0 0.5541666666666667 0.20277777777777778 0.016666666666666666 0.03657407407407407
0 0.5786458333333333 0.17916666666666667 0.022135416666666668 0.03194444444444444
0 0.5635416666666667 0.15046296296296297 0.012239583333333333 0.025
0 0.5447916666666667 0.10462962962962963 0.01484375 0.026851851851851852
0 0.4739583333333333 0.08518518518518518 0.013541666666666667 0.025925925925925925
0 0.47109375 0.10787037037037037 0.01796875 0.030555555555555555
0 0.465625 0.13796296296296295 0.016145833333333335 0.034722222222222224
0 0.49244791666666665 0.18564814814814815 0.01640625 0.03287037037037037
0 0.478125 0.20277777777777778 0.01796875 0.03611111111111111
0 0.3963541666666667 0.2023148148148148 0.023177083333333334 0.03657407407407407
0 0.38984375 0.23981481481481481 0.023177083333333334 0.03009259259259259
0 0.35651041666666666 0.29907407407407405 0.03046875 0.12037037037037036
0 0.29583333333333334 0.325 0.018489583333333334 0.0375
0 0.37161458333333336 0.13148148148148148 0.018489583333333334 0.026851851851851852
0 0.37473958333333335 0.09675925925925925 0.019010416666666665 0.029166666666666667
0 0.390625 0.0412037037037037 0.023177083333333334 0.038425925925925926
0 0.27317708333333335 0.2875 0.0234375 0.03009259259259259
0 0.28880208333333335 0.25462962962962965 0.019010416666666665 0.024074074074074074
0 0.28984375 0.22592592592592592 0.022135416666666668 0.022222222222222223
0 0.2765625 0.060648148148148145 0.015625 0.02962962962962963
0 0.18020833333333333 0.020833333333333332 0.023177083333333334 0.03935185185185185
0 0.12526041666666668 0.047685185185185185 0.07239583333333334 0.06851851851851852
0 0.08619791666666667 0.09814814814814815 0.021354166666666667 0.038425925925925926
0 0.08932291666666667 0.16944444444444445 0.055989583333333336 0.09398148148148149
0 0.06927083333333334 0.13518518518518519 0.01796875 0.027314814814814816
0 0.0796875 0.15787037037037038 0.020052083333333335 0.04027777777777778
0 0.10052083333333334 0.18564814814814815 0.022135416666666668 0.04027777777777778
0 0.10364583333333334 0.043055555555555555 0.019010416666666665 0.032407407407407406
0 0.11536458333333334 0.04861111111111111 0.020572916666666666 0.05740740740740741
0 0.12291666666666666 0.03888888888888889 0.013802083333333333 0.03425925925925926
0 0.13697916666666668 0.05694444444444444 0.015885416666666666 0.04259259259259259
0 0.146875 0.03564814814814815 0.01484375 0.03333333333333333
0 0.4908854166666667 0.5111111111111111 0.017447916666666667 0.0375
0 0.6088541666666667 0.43657407407407406 0.018489583333333334 0.03518518518518519
0 0.3536458333333333 0.31296296296296294 0.01796875 0.03611111111111111
0 0.3546875 0.2708333333333333 0.02109375 0.032407407407407406
