0 0.5770833333333333 0.4388888888888889 0.03307291666666667 0.13935185185185187
0 0.49947916666666664 0.5222222222222223 0.04791666666666667 0.0837962962962963
0 0.45677083333333335 0.5194444444444445 0.03984375 0.08796296296296297
0 0.49635416666666665 0.3685185185185185 0.017447916666666667 0.034722222222222224
0 0.5098958333333333 0.3685185185185185 0.014322916666666666 0.028703703703703703
0 0.52578125 0.350462962962963 0.016666666666666666 0.03611111111111111
0 0.47421875 0.3087962962962963 0.015885416666666666 0.03287037037037037
0 0.5223958333333333 0.21435185185185185 0.016666666666666666 0.03657407407407407
0 0.53984375 0.2 0.022135416666666668 0.03194444444444444
0 0.5315104166666667 0.16435185185185186 0.012239583333333333 0.025
0 0.5122395833333333 0.1162037037037037 0.01484375 0.026851851851851852
0 0.4432291666666667 0.09305555555555556 0.014322916666666666 0.027314814814814816
0 0.4393229166666667 0.12037037037037036 0.01875 0.03194444444444444
0 0.43411458333333336 0.1486111111111111 0.015364583333333333 0.03287037037037037
0 0.4479166666666667 0.21712962962962962 0.01640625 0.03287037037037037
0 0.4596354166666667 0.1935185185185185 0.01796875 0.03611111111111111
0 0.3619791666666667 0.21944444444444444 0.023177083333333334 0.03657407407407407
0 0.3614583333333333 0.25092592592592594 0.023177083333333334 0.03009259259259259
0 0.32421875 0.30833333333333335 0.03046875 0.12037037037037036
0 0.2609375 0.3402777777777778 0.01953125 0.03935185185185185
0 0.33958333333333335 0.15092592592592594 0.01953125 0.02824074074074074
0 0.3450520833333333 0.11435185185185186 0.019010416666666665 0.029166666666666667
0 0.35520833333333335 0.056018518518518516 0.023177083333333334 0.038425925925925926
0 0.234375 0.30925925925925923 0.024479166666666666 0.03148148148148148
0 0.25546875 0.2689814814814815 0.019010416666666665 0.024074074074074074
0 0.25078125 0.2462962962962963 0.022135416666666668 0.022222222222222223
0 0.24401041666666667 0.07731481481481481 0.01640625 0.031018518518518518
0 0.15130208333333334 0.041666666666666664 0.023177083333333334 0.03935185185185185
0 0.09348958333333333 0.0625 0.06901041666666667 0.06527777777777778
0 0.05130208333333333 0.10972222222222222 0.021354166666666667 0.038425925925925926
0 0.05703125 0.18101851851851852 0.055989583333333336 0.09398148148148149
0 0.5776041666666667 0.43796296296296294 0.02578125 0.03611111111111111
0 0.45807291666666666 0.5199074074074074 0.014322916666666666 0.032407407407407406
0 0.3216145833333333 0.324537037037037 0.017447916666666667 0.03148148148148148
0 0.32369791666666664 0.28194444444444444 0.020572916666666666 0.03657407407407407
0 0.047135416666666666 0.1699074074074074 0.020572916666666666 0.03657407407407407
0 0.03671875 0.14814814814814814 0.02578125 0.027314814814814816
0 0.06744791666666666 0.19907407407407407 0.018489583333333334 0.032407407407407406
0 0.06953125 0.05787037037037037 0.014322916666666666 0.030555555555555555
0 0.08541666666666667 0.06666666666666667 0.023177083333333334 0.06435185185185185
0 0.10286458333333333 0.06620370370370371 0.02265625 0.05324074074074074
0 0.115625 0.05138888888888889 0.020052083333333335 0.03333333333333333
