0 0.7486979166666666 0.4337962962962963 0.03463541666666667 0.14629629629629629
0 0.6731770833333334 0.4726851851851852 0.03515625 0.06944444444444445
0 0.6375 0.47824074074074074 0.041666666666666664 0.10648148148148148
0 0.7018229166666666 0.28194444444444444 0.015104166666666667 0.02824074074074074
0 0.6807291666666667 0.3055555555555556 0.0140625 0.028703703703703703
0 0.6895833333333333 0.2935185185185185 0.012760416666666666 0.03287037037037037
0 0.65390625 0.23472222222222222 0.021614583333333333 0.03287037037037037
0 0.72890625 0.1111111111111111 0.015885416666666666 0.034722222222222224
0 0.6973958333333333 0.12453703703703704 0.02421875 0.03518518518518519
0 0.7088541666666667 0.09444444444444444 0.017447916666666667 0.02962962962962963
0 0.6859375 0.04398148148148148 0.019270833333333334 0.03611111111111111
0 0.6143229166666667 0.02962962962962963 0.0171875 0.032407407407407406
0 0.6049479166666667 0.05694444444444444 0.01875 0.03194444444444444
0 0.6114583333333333 0.0699074074074074 0.016145833333333335 0.034722222222222224
0 0.6354166666666666 0.12638888888888888 0.01640625 0.03287037037037037
0 0.6138020833333333 0.15231481481481482 0.01875 0.03796296296296296
0 0.5317708333333333 0.17546296296296296 0.022135416666666668 0.034722222222222224
0 0.5364583333333334 0.14212962962962963 0.025520833333333333 0.03287037037037037
0 0.4908854166666667 0.2537037037037037 0.03359375 0.13287037037037036
0 0.43828125 0.27824074074074073 0.01640625 0.034722222222222224
0 0.5098958333333333 0.07083333333333333 0.017708333333333333 0.02546296296296296
0 0.5145833333333333 0.03333333333333333 0.0203125 0.030555555555555555
0 0.415625 0.19074074074074074 0.022395833333333334 0.03611111111111111
0 0.43385416666666665 0.19953703703703704 0.020052083333333335 0.030555555555555555
0 0.43645833333333334 0.1736111111111111 0.025520833333333333 0.02546296296296296
0 0.23619791666666667 0.04722222222222222 0.0234375 0.04212962962962963
0 0.23125 0.11388888888888889 0.055989583333333336 0.09398148148148149
0 0.21354166666666666 0.08194444444444444 0.01484375 0.02638888888888889
0 0.22708333333333333 0.10648148148148148 0.02109375 0.0375
0 0.24505208333333334 0.12916666666666668 0.020572916666666666 0.03564814814814815
0 0.49270833333333336 0.2263888888888889 0.01875 0.0375
0 0.49244791666666665 0.2722222222222222 0.018229166666666668 0.033796296296296297
0 0.6393229166666666 0.48194444444444445 0.02109375 0.032407407407407406
0 0.7526041666666666 0.4305555555555556 0.020572916666666666 0.03148148148148148
