0 0.6635416666666667 0.42453703703703705 0.03463541666666667 0.14629629629629629
0 0.5911458333333334 0.49583333333333335 0.039322916666666666 0.06898148148148148
0 0.5489583333333333 0.4986111111111111 0.04401041666666667 0.09675925925925925
0 0.5908854166666667 0.3314814814814815 0.014322916666666666 0.029166666666666667
0 0.5997395833333333 0.3277777777777778 0.01328125 0.027314814814814816
0 0.6182291666666667 0.30925925925925923 0.017447916666666667 0.03796296296296296
0 0.56640625 0.26851851851851855 0.016666666666666666 0.034722222222222224
0 0.6122395833333333 0.17037037037037037 0.016666666666666666 0.03657407407407407
0 0.6375 0.15555555555555556 0.022135416666666668 0.03194444444444444
0 0.62265625 0.125 0.018229166666666668 0.031018518518518518
0 0.6041666666666666 0.07916666666666666 0.018229166666666668 0.03425925925925926
0 0.5299479166666666 0.05694444444444444 0.01640625 0.031018518518518518
0 0.5299479166666666 0.08472222222222223 0.01796875 0.030555555555555555
0 0.5252604166666667 0.1125 0.016145833333333335 0.034722222222222224
0 0.5322916666666667 0.18194444444444444 0.01640625 0.03287037037037037
0 0.5494791666666666 0.16157407407407406 0.01875 0.03796296296296296
0 0.453125 0.17407407407407408 0.022135416666666668 0.034722222222222224
0 0.44921875 0.21712962962962962 0.023177083333333334 0.03009259259259259
0 0.4114583333333333 0.2777777777777778 0.03203125 0.12638888888888888
0 0.3546875 0.3037037037037037 0.015625 0.03287037037037037
0 0.42734375 0.11296296296296296 0.018489583333333334 0.026851851851851852
0 0.43072916666666666 0.07361111111111111 0.017447916666666667 0.02638888888888889
0 0.44609375 0.01990740740740741 0.025520833333333333 0.04212962962962963
0 0.328125 0.25277777777777777 0.0234375 0.03009259259259259
0 0.34765625 0.2324074074074074 0.019010416666666665 0.029166666666666667
0 0.35130208333333335 0.2050925925925926 0.023177083333333334 0.023148148148148147
0 0.33489583333333334 0.030555555555555555 0.01640625 0.031018518518518518
0 0.14557291666666666 0.07361111111111111 0.022395833333333334 0.04027777777777778
0 0.14557291666666666 0.14305555555555555 0.055989583333333336 0.09398148148148149
0 0.1796875 0.022222222222222223 0.06484375 0.04490740740740741
0 0.1265625 0.11342592592592593 0.020052083333333335 0.03148148148148148
0 0.1375 0.13240740740740742 0.023177083333333334 0.03564814814814815
0 0.159375 0.1597222222222222 0.02109375 0.03148148148148148
0 0.15911458333333334 0.01990740740740741 0.017447916666666667 0.02638888888888889
0 0.17421875 0.02638888888888889 0.02265625 0.04351851851851852
0 0.18359375 0.01574074074074074 0.01328125 0.02824074074074074
0 0.19348958333333333 0.024537037037037038 0.015364583333333333 0.03148148148148148
0 0.20338541666666668 0.010648148148148148 0.017447916666666667 0.021296296296296296
0 0.41171875 0.2518518518518518 0.01953125 0.034722222222222224
0 0.40989583333333335 0.2953703703703704 0.016927083333333332 0.03148148148148148
0 0.55 0.49583333333333335 0.01640625 0.032407407407407406
0 0.6669270833333333 0.4310185185185185 0.019010416666666665 0.03425925925925926
