0 0.7747395833333334 0.49907407407407406 0.031510416666666666 0.13287037037037036
0 0.7072916666666667 0.4773148148148148 0.03697916666666667 0.07314814814814814
0 0.6708333333333333 0.5138888888888888 0.03958333333333333 0.10138888888888889
0 0.71484375 0.31157407407407406 0.015885416666666666 0.02962962962962963
0 0.7216145833333333 0.3 0.0140625 0.028703703703703703
0 0.7223958333333333 0.2722222222222222 0.015625 0.03287037037037037
0 0.6903645833333333 0.22592592592592592 0.02265625 0.034722222222222224
0 0.765625 0.1050925925925926 0.015885416666666666 0.034722222222222224
0 0.7213541666666666 0.1162037037037037 0.025520833333333333 0.037037037037037035
0 0.74375 0.0824074074074074 0.027864583333333335 0.031018518518518518
0 0.7291666666666666 0.043055555555555555 0.017447916666666667 0.032407407407407406
0 0.6377604166666667 0.024537037037037038 0.01796875 0.03425925925925926
0 0.628125 0.04814814814814815 0.01875 0.03194444444444444
0 0.64453125 0.06342592592592593 0.016927083333333332 0.03657407407407407
0 0.6625 0.11574074074074074 0.01640625 0.03287037037037037
0 0.6388020833333333 0.14675925925925926 0.019791666666666666 0.03981481481481482
0 0.5546875 0.1648148148148148 0.023177083333333334 0.03657407407407407
0 0.56796875 0.13472222222222222 0.028125 0.03657407407407407
0 0.5171875 0.27175925925925926 0.03359375 0.13287037037037036
0 0.47161458333333334 0.26481481481481484 0.01796875 0.038425925925925926
0 0.5317708333333333 0.059722222222222225 0.018489583333333334 0.026851851851851852
0 0.53984375 0.024074074074074074 0.0203125 0.030555555555555555
0 0.4583333333333333 0.16620370370370371 0.022395833333333334 0.03611111111111111
0 0.46119791666666665 0.20694444444444443 0.020052083333333335 0.030555555555555555
0 0.48828125 0.1675925925925926 0.02421875 0.024074074074074074
0 0.27682291666666664 0.06805555555555555 0.022395833333333334 0.04027777777777778
0 0.2721354166666667 0.11481481481481481 0.05911458333333333 0.07777777777777778
0 0.25 0.09351851851851851 0.013802083333333333 0.02962962962962963
0 0.26328125 0.10787037037037037 0.02265625 0.038425925925925926
0 0.2872395833333333 0.12777777777777777 0.020572916666666666 0.034722222222222224
0 0.5166666666666667 0.24537037037037038 0.021614583333333333 0.03333333333333333
0 0.5158854166666667 0.28379629629629627 0.016927083333333332 0.04212962962962963
0 0.6721354166666667 0.5185185185185185 0.020052083333333335 0.03981481481481482
0 0.778125 0.5074074074074074 0.02265625 0.041666666666666664
0 0.016666666666666666 0.8236111111111111 0.020052083333333335 0.03657407407407407
0 0.025 0.8236111111111111 0.05026041666666667 0.053703703703703705
