0 0.7729166666666667 0.449537037037037 0.03307291666666667 0.13935185185185187
0 0.70234375 0.4708333333333333 0.03515625 0.06944444444444445
0 0.6640625 0.48333333333333334 0.041666666666666664 0.10648148148148148
0 0.7036458333333333 0.29907407407407405 0.015104166666666667 0.02824074074074074
0 0.7088541666666667 0.29768518518518516 0.01328125 0.027314814814814816
0 0.72421875 0.27361111111111114 0.015625 0.03287037037037037
0 0.68125 0.22083333333333333 0.02265625 0.034722222222222224
0 0.7552083333333334 0.09722222222222222 0.016666666666666666 0.03657407407407407
0 0.7184895833333333 0.1175925925925926 0.02421875 0.03518518518518519
0 0.7377604166666667 0.0837962962962963 0.017447916666666667 0.02962962962962963
0 0.7161458333333334 0.03981481481481482 0.019270833333333334 0.03611111111111111
0 0.6372395833333333 0.02361111111111111 0.0171875 0.032407407407407406
0 0.62734375 0.04814814814814815 0.01875 0.03194444444444444
0 0.6401041666666667 0.06018518518518518 0.016145833333333335 0.034722222222222224
0 0.6606770833333333 0.11666666666666667 0.01640625 0.03287037037037037
0 0.6372395833333333 0.14212962962962963 0.019791666666666666 0.03981481481481482
0 0.5536458333333333 0.1638888888888889 0.022135416666666668 0.034722222222222224
0 0.5630208333333333 0.1375 0.026822916666666665 0.034722222222222224
0 0.5143229166666666 0.25 0.03359375 0.13287037037037036
0 0.46328125 0.2708333333333333 0.019010416666666665 0.04027777777777778
0 0.53203125 0.05925925925925926 0.018489583333333334 0.026851851851851852
0 0.5395833333333333 0.01990740740740741 0.0203125 0.030555555555555555
0 0.44192708333333336 0.1736111111111111 0.021354166666666667 0.03425925925925926
0 0.45807291666666666 0.19768518518518519 0.020052083333333335 0.030555555555555555
0 0.4708333333333333 0.16712962962962963 0.025520833333333333 0.02546296296296296
0 0.2630208333333333 0.04398148148148148 0.0234375 0.04212962962962963
0 0.25807291666666665 0.10555555555555556 0.053385416666666664 0.08935185185185185
0 0.015885416666666666 0.825462962962963 0.03203125 0.04537037037037037
0 0.003125 0.8273148148148148 0.006510416666666667 0.027314814814814816
0 0.24166666666666667 0.07777777777777778 0.016927083333333332 0.02824074074074074
0 0.25104166666666666 0.09768518518518518 0.023177083333333334 0.038425925925925926
0 0.27369791666666665 0.12361111111111112 0.020572916666666666 0.03657407407407407
0 0.5171875 0.22361111111111112 0.020572916666666666 0.038425925925925926
0 0.5130208333333334 0.2708333333333333 0.021614583333333333 0.034722222222222224
0 0.6643229166666667 0.4861111111111111 0.02109375 0.032407407407407406
0 0.77578125 0.4486111111111111 0.02109375 0.038425925925925926
