0 0.7614583333333333 0.43796296296296294 0.03463541666666667 0.14629629629629629
0 0.6877604166666667 0.4722222222222222 0.03515625 0.06944444444444445
0 0.6510416666666666 0.4787037037037037 0.041666666666666664 0.10648148148148148
0 0.7020833333333333 0.29212962962962963 0.015104166666666667 0.02824074074074074
0 0.696875 0.29953703703703705 0.01328125 0.027314814814814816
0 0.7111979166666667 0.28055555555555556 0.015625 0.03287037037037037
0 0.6671875 0.22916666666666666 0.02265625 0.034722222222222224
0 0.7424479166666667 0.10324074074074074 0.016666666666666666 0.03657407407407407
0 0.7065104166666667 0.11990740740740741 0.02421875 0.03518518518518519
0 0.7213541666666666 0.08796296296296297 0.017447916666666667 0.02962962962962963
0 0.6997395833333333 0.0412037037037037 0.019270833333333334 0.03611111111111111
0 0.62578125 0.025925925925925925 0.0171875 0.032407407407407406
0 0.6166666666666667 0.05277777777777778 0.01875 0.03194444444444444
0 0.62421875 0.06435185185185185 0.016145833333333335 0.034722222222222224
0 0.6484375 0.12083333333333333 0.01640625 0.03287037037037037
0 0.62578125 0.14675925925925926 0.01875 0.03796296296296296
0 0.5432291666666667 0.17037037037037037 0.023177083333333334 0.03657407407407407
0 0.55 0.1388888888888889 0.025520833333333333 0.03287037037037037
0 0.5033854166666667 0.2523148148148148 0.03359375 0.13287037037037036
0 0.45 0.2759259259259259 0.0171875 0.03657407407407407
0 0.52109375 0.06527777777777778 0.017708333333333333 0.02546296296296296
0 0.5283854166666667 0.026851851851851852 0.0203125 0.030555555555555555
0 0.42630208333333336 0.18703703703703703 0.022395833333333334 0.03611111111111111
0 0.4453125 0.19675925925925927 0.020052083333333335 0.030555555555555555
0 0.45755208333333336 0.1685185185185185 0.025520833333333333 0.02546296296296296
0 0.25026041666666665 0.044444444444444446 0.0234375 0.04212962962962963
0 0.24505208333333334 0.11018518518518519 0.055989583333333336 0.09398148148148149
0 0.22916666666666666 0.07592592592592592 0.015885416666666666 0.028703703703703703
0 0.24036458333333333 0.10092592592592593 0.01953125 0.03657407407407407
0 0.2609375 0.12731481481481483 0.019010416666666665 0.03564814814814815
0 0.5067708333333333 0.22453703703703703 0.021875 0.03333333333333333
0 0.5052083333333334 0.26944444444444443 0.017708333333333333 0.03333333333333333
0 0.65 0.48009259259259257 0.018489583333333334 0.02546296296296296
0 0.7651041666666667 0.43796296296296294 0.018489583333333334 0.028703703703703703
0 0.007552083333333333 0.8300925925925926 0.015364583333333333 0.03425925925925926
