0 0.77109375 0.5287037037037037 0.029947916666666668 0.12638888888888888
0 0.7015625 0.4787037037037037 0.038802083333333334 0.0763888888888889
0 0.671875 0.5305555555555556 0.03958333333333333 0.10138888888888889
0 0.7166666666666667 0.325 0.015885416666666666 0.02962962962962963
0 0.7231770833333333 0.30185185185185187 0.0140625 0.028703703703703703
0 0.7114583333333333 0.274537037037037 0.0171875 0.03611111111111111
0 0.68984375 0.22685185185185186 0.02265625 0.034722222222222224
0 0.7682291666666666 0.10648148148148148 0.015885416666666666 0.034722222222222224
0 0.71875 0.1175925925925926 0.026822916666666665 0.03888888888888889
0 0.7450520833333333 0.0837962962962963 0.027864583333333335 0.031018518518518518
0 0.7328125 0.04675925925925926 0.017447916666666667 0.032407407407407406
0 0.6348958333333333 0.023148148148148147 0.019010416666666665 0.03564814814814815
0 0.62578125 0.04953703703703704 0.019791666666666666 0.03333333333333333
0 0.6434895833333333 0.06666666666666667 0.017708333333333333 0.038425925925925926
0 0.6588541666666666 0.11574074074074074 0.01640625 0.03287037037037037
0 0.63671875 0.14814814814814814 0.019791666666666666 0.03981481481481482
0 0.5510416666666667 0.16620370370370371 0.023177083333333334 0.03657407407407407
0 0.5669270833333333 0.1361111111111111 0.028125 0.03657407407407407
0 0.5158854166666667 0.2833333333333333 0.03203125 0.12638888888888888
0 0.47161458333333334 0.26666666666666666 0.0171875 0.03657407407407407
0 0.5286458333333334 0.06018518518518518 0.018489583333333334 0.026851851851851852
0 0.5364583333333334 0.026851851851851852 0.0203125 0.030555555555555555
0 0.4630208333333333 0.16203703703703703 0.022395833333333334 0.03611111111111111
0 0.45859375 0.20925925925925926 0.019010416666666665 0.029166666666666667
0 0.490625 0.1638888888888889 0.025520833333333333 0.02546296296296296
0 0.27890625 0.0824074074074074 0.022395833333333334 0.04027777777777778
0 0.2734375 0.11851851851851852 0.05911458333333333 0.07777777777777778
0 0.02734375 0.8199074074074074 0.054427083333333334 0.06898148148148148
0 0.01953125 0.825925925925926 0.020572916666666666 0.03425925925925926
0 0.24895833333333334 0.09861111111111111 0.013802083333333333 0.02962962962962963
0 0.2643229166666667 0.10833333333333334 0.02265625 0.03564814814814815
0 0.2903645833333333 0.13240740740740742 0.018489583333333334 0.03148148148148148
0 0.5158854166666667 0.25324074074074077 0.020052083333333335 0.033796296296296297
0 0.515625 0.3023148148148148 0.02265625 0.03148148148148148
0 0.67265625 0.537962962962963 0.019010416666666665 0.030555555555555555
0 0.7755208333333333 0.5273148148148148 0.02265625 0.033796296296296297
