0 0.7755208333333333 0.4699074074074074 0.03463541666666667 0.14629629629629629
0 0.7072916666666667 0.47453703703703703 0.03515625 0.06944444444444445
0 0.66875 0.4930555555555556 0.041666666666666664 0.10648148148148148
0 0.7111979166666667 0.29953703703703705 0.015104166666666667 0.02824074074074074
0 0.7114583333333333 0.30092592592592593 0.01328125 0.027314814814814816
0 0.7270833333333333 0.2726851851851852 0.015625 0.03287037037037037
0 0.6869791666666667 0.2222222222222222 0.02265625 0.034722222222222224
0 0.7596354166666667 0.09861111111111111 0.016666666666666666 0.03657407407407407
0 0.7213541666666666 0.11666666666666667 0.02421875 0.03518518518518519
0 0.7427083333333333 0.08055555555555556 0.018229166666666668 0.031018518518518518
0 0.7231770833333333 0.03888888888888889 0.018229166666666668 0.03425925925925926
0 0.6395833333333333 0.025 0.0171875 0.032407407407407406
0 0.6296875 0.046296296296296294 0.01875 0.03194444444444444
0 0.6466145833333333 0.062037037037037036 0.016145833333333335 0.034722222222222224
0 0.6638020833333333 0.11666666666666667 0.01640625 0.03287037037037037
0 0.63984375 0.14444444444444443 0.020572916666666666 0.041666666666666664
0 0.5557291666666667 0.1648148148148148 0.022135416666666668 0.034722222222222224
0 0.5671875 0.13564814814814816 0.028125 0.03657407407407407
0 0.51796875 0.25925925925925924 0.03203125 0.12638888888888888
0 0.46953125 0.2671296296296296 0.019010416666666665 0.04027777777777778
0 0.5338541666666666 0.0587962962962963 0.018489583333333334 0.026851851851851852
0 0.5416666666666666 0.01990740740740741 0.0203125 0.030555555555555555
0 0.4510416666666667 0.16435185185185186 0.021354166666666667 0.03425925925925926
0 0.4625 0.20324074074074075 0.020052083333333335 0.030555555555555555
0 0.48072916666666665 0.16620370370370371 0.025520833333333333 0.02546296296296296
0 0.27005208333333336 0.052314814814814814 0.022395833333333334 0.04027777777777778
0 0.26510416666666664 0.10833333333333334 0.053385416666666664 0.08935185185185185
0 0.24401041666666667 0.07777777777777778 0.014322916666666666 0.03009259259259259
0 0.25755208333333335 0.09490740740740741 0.02265625 0.032407407407407406
0 0.2791666666666667 0.12314814814814815 0.02109375 0.03564814814814815
0 0.5192708333333333 0.22870370370370371 0.017447916666666667 0.034722222222222224
0 0.5153645833333333 0.2759259259259259 0.02109375 0.032407407407407406
0 0.6684895833333333 0.4976851851851852 0.019010416666666665 0.03148148148148148
0 0.7802083333333333 0.47453703703703703 0.018489583333333334 0.03148148148148148
0 0.019791666666666666 0.825462962962963 0.03984375 0.05138888888888889
0 0.009635416666666667 0.8273148148148148 0.01953125 0.0375
