0 0.7752604166666667 0.487962962962963 0.03307291666666667 0.13935185185185187
0 0.7052083333333333 0.47685185185185186 0.03515625 0.06944444444444445
0 0.66953125 0.5050925925925925 0.03958333333333333 0.10138888888888889
0 0.7143229166666667 0.30648148148148147 0.015104166666666667 0.02824074074074074
0 0.7213541666666666 0.29814814814814816 0.01328125 0.027314814814814816
0 0.725 0.27175925925925926 0.015625 0.03287037037037037
0 0.6890625 0.225 0.02265625 0.034722222222222224
0 0.7638020833333333 0.10231481481481482 0.015885416666666666 0.034722222222222224
0 0.721875 0.1162037037037037 0.025520833333333333 0.037037037037037035
0 0.7450520833333333 0.0824074074074074 0.018229166666666668 0.031018518518518518
0 0.728125 0.0412037037037037 0.017447916666666667 0.032407407407407406
0 0.6385416666666667 0.025 0.01796875 0.03425925925925926
0 0.62890625 0.047685185185185185 0.01875 0.03194444444444444
0 0.6450520833333333 0.0625 0.016145833333333335 0.034722222222222224
0 0.66328125 0.11666666666666667 0.01640625 0.03287037037037037
0 0.6390625 0.14722222222222223 0.020572916666666666 0.041666666666666664
0 0.55546875 0.16527777777777777 0.023177083333333334 0.03657407407407407
0 0.5671875 0.13518518518518519 0.028125 0.03657407407407407
0 0.5182291666666666 0.2671296296296296 0.03203125 0.12638888888888888
0 0.47161458333333334 0.2657407407407407 0.01796875 0.038425925925925926
0 0.5325520833333334 0.059722222222222225 0.018489583333333334 0.026851851851851852
0 0.5408854166666667 0.022222222222222223 0.0203125 0.030555555555555555
0 0.4546875 0.16574074074074074 0.021354166666666667 0.03425925925925926
0 0.4625 0.2064814814814815 0.019010416666666665 0.029166666666666667
0 0.48489583333333336 0.16296296296296298 0.02421875 0.024074074074074074
0 0.27578125 0.06296296296296296 0.022395833333333334 0.04027777777777778
0 0.2682291666666667 0.11064814814814815 0.05078125 0.08518518518518518
0 0.24869791666666666 0.08842592592592592 0.014322916666666666 0.02962962962962963
0 0.26223958333333336 0.1037037037037037 0.023697916666666666 0.03657407407407407
0 0.28489583333333335 0.1287037037037037 0.016927083333333332 0.03657407407407407
0 0.51875 0.23935185185185184 0.020572916666666666 0.03148148148148148
0 0.5153645833333333 0.2847222222222222 0.022135416666666668 0.03148148148148148
0 0.671875 0.5125 0.017447916666666667 0.03333333333333333
0 0.7802083333333333 0.4962962962962963 0.02265625 0.0375
0 0.02265625 0.8226851851851852 0.045572916666666664 0.038425925925925926
0 0.012239583333333333 0.825 0.024739583333333332 0.03425925925925926
