0 0.77578125 0.4787037037037037 0.03463541666666667 0.14629629629629629
0 0.70546875 0.4740740740740741 0.03515625 0.06944444444444445
0 0.66953125 0.5 0.041666666666666664 0.10648148148148148
0 0.7125 0.30324074074074076 0.015104166666666667 0.02824074074074074
0 0.71875 0.29583333333333334 0.01328125 0.027314814814814816
0 0.7260416666666667 0.2726851851851852 0.015625 0.03287037037037037
0 0.68828125 0.22314814814814815 0.02265625 0.034722222222222224
0 0.7614583333333333 0.10092592592592593 0.015885416666666666 0.034722222222222224
0 0.721875 0.11666666666666667 0.025520833333333333 0.037037037037037035
0 0.74375 0.08055555555555556 0.018229166666666668 0.031018518518518518
0 0.7265625 0.03981481481481482 0.017447916666666667 0.032407407407407406
0 0.6390625 0.02546296296296296 0.0171875 0.032407407407407406
0 0.6294270833333333 0.04722222222222222 0.01875 0.03194444444444444
0 0.6458333333333334 0.0625 0.016145833333333335 0.034722222222222224
0 0.6643229166666667 0.11666666666666667 0.01640625 0.03287037037037037
0 0.63984375 0.14583333333333334 0.020572916666666666 0.041666666666666664
0 0.5552083333333333 0.1648148148148148 0.023177083333333334 0.03657407407407407
0 0.5674479166666667 0.1361111111111111 0.028125 0.03657407407407407
0 0.5182291666666666 0.2638888888888889 0.03203125 0.12638888888888888
0 0.47109375 0.2652777777777778 0.019010416666666665 0.04027777777777778
0 0.5338541666666666 0.05787037037037037 0.018489583333333334 0.026851851851851852
0 0.54140625 0.020833333333333332 0.0203125 0.030555555555555555
0 0.45234375 0.16435185185185186 0.021354166666666667 0.03425925925925926
0 0.4630208333333333 0.20462962962962963 0.020052083333333335 0.030555555555555555
0 0.48359375 0.1638888888888889 0.025520833333333333 0.02546296296296296
0 0.27317708333333335 0.058333333333333334 0.022395833333333334 0.04027777777777778
0 0.26588541666666665 0.10972222222222222 0.05078125 0.08518518518518518
0 0.24713541666666666 0.08148148148148149 0.012239583333333333 0.03518518518518519
0 0.26197916666666665 0.09953703703703703 0.020052083333333335 0.03518518518518519
0 0.2825520833333333 0.125 0.017447916666666667 0.03425925925925926
0 0.51875 0.23333333333333334 0.020572916666666666 0.02546296296296296
0 0.5158854166666667 0.2800925925925926 0.020052083333333335 0.030555555555555555
0 0.6700520833333333 0.5074074074074074 0.015885416666666666 0.02546296296296296
0 0.7786458333333334 0.48333333333333334 0.01953125 0.0375
0 0.0234375 0.8263888888888888 0.047135416666666666 0.05555555555555555
0 0.009635416666666667 0.825 0.01953125 0.030555555555555555
