0 0.7697916666666667 0.4439814814814815 0.03307291666666667 0.13935185185185187
0 0.696875 0.47129629629629627 0.03515625 0.06944444444444445
0 0.6596354166666667 0.4791666666666667 0.041666666666666664 0.10648148148148148
0 0.7018229166666666 0.3 0.015104166666666667 0.02824074074074074
0 0.7052083333333333 0.2986111111111111 0.01328125 0.027314814814814816
0 0.7223958333333333 0.275 0.015625 0.03287037037037037
0 0.6768229166666667 0.22407407407407406 0.02265625 0.034722222222222224
0 0.7515625 0.09722222222222222 0.016666666666666666 0.03657407407407407
0 0.7151041666666667 0.11805555555555555 0.02421875 0.03518518518518519
0 0.7333333333333333 0.08564814814814815 0.017447916666666667 0.02962962962962963
0 0.7106770833333333 0.03981481481481482 0.019270833333333334 0.03611111111111111
0 0.6341145833333334 0.02546296296296296 0.0171875 0.032407407407407406
0 0.6244791666666667 0.04953703703703704 0.01875 0.03194444444444444
0 0.6330729166666667 0.060648148148148145 0.016145833333333335 0.034722222222222224
0 0.6567708333333333 0.11851851851851852 0.01640625 0.03287037037037037
0 0.6341145833333334 0.14351851851851852 0.019791666666666666 0.03981481481481482
0 0.55078125 0.16527777777777777 0.022135416666666668 0.034722222222222224
0 0.5588541666666667 0.13657407407407407 0.026822916666666665 0.034722222222222224
0 0.5109375 0.25092592592592594 0.03359375 0.13287037037037036
0 0.45859375 0.2726851851851852 0.01796875 0.038425925925925926
0 0.52890625 0.06157407407407407 0.018489583333333334 0.026851851851851852
0 0.5361979166666667 0.022222222222222223 0.0203125 0.030555555555555555
0 0.43411458333333336 0.18009259259259258 0.022395833333333334 0.03611111111111111
0 0.45390625 0.1962962962962963 0.020052083333333335 0.030555555555555555
0 0.46536458333333336 0.16805555555555557 0.025520833333333333 0.02546296296296296
0 0.25885416666666666 0.04212962962962963 0.0234375 0.04212962962962963
0 0.25442708333333336 0.10694444444444444 0.055989583333333336 0.09398148148148149
0 0.013802083333333333 0.8263888888888888 0.027864583333333335 0.04537037037037037
0 0.23541666666666666 0.075 0.013802083333333333 0.030555555555555555
0 0.24791666666666667 0.09953703703703703 0.02109375 0.04537037037037037
0 0.26901041666666664 0.12314814814814815 0.023697916666666666 0.03564814814814815
0 0.5125 0.22407407407407406 0.021614583333333333 0.0375
0 0.5106770833333333 0.26666666666666666 0.020052083333333335 0.03657407407407407
0 0.6598958333333333 0.4824074074074074 0.01640625 0.02546296296296296
0 0.7731770833333333 0.4439814814814815 0.019010416666666665 0.038425925925925926
