0 0.7356770833333334 0.6449074074074074 0.05286458333333333 0.12083333333333333
0 0.7033854166666667 0.5277777777777778 0.029427083333333333 0.05740740740740741
0 0.66875 0.6226851851851852 0.03411458333333333 0.11481481481481481
0 0.7036458333333333 0.362962962962963 0.023958333333333335 0.03564814814814815
0 0.7098958333333333 0.30925925925925923 0.01328125 0.027314814814814816
0 0.6625 0.26157407407407407 0.020833333333333332 0.04398148148148148
0 0.66953125 0.23796296296296296 0.01953125 0.03009259259259259
0 0.7578125 0.12268518518518519 0.028645833333333332 0.034722222222222224
0 0.7010416666666667 0.13564814814814816 0.028125 0.040740740740740744
0 0.7401041666666667 0.10555555555555556 0.030208333333333334 0.02962962962962963
0 0.7208333333333333 0.06944444444444445 0.017447916666666667 0.032407407407407406
0 0.6044270833333333 0.028703703703703703 0.01796875 0.03425925925925926
0 0.6044270833333333 0.07037037037037037 0.021614583333333333 0.037037037037037035
0 0.625 0.08055555555555556 0.021614583333333333 0.04675925925925926
0 0.6388020833333333 0.13796296296296295 0.015625 0.03148148148148148
0 0.6182291666666667 0.16527777777777777 0.01875 0.03796296296296296
0 0.5299479166666666 0.1736111111111111 0.02109375 0.03287037037037037
0 0.5526041666666667 0.17175925925925925 0.028125 0.03657407407407407
0 0.5013020833333334 0.3458333333333333 0.03046875 0.12037037037037036
0 0.4822916666666667 0.2611111111111111 0.01640625 0.034722222222222224
0 0.5088541666666667 0.07777777777777778 0.017708333333333333 0.02546296296296296
0 0.51796875 0.03888888888888889 0.0203125 0.030555555555555555
0 0.46979166666666666 0.1597222222222222 0.021354166666666667 0.03425925925925926
0 0.4513020833333333 0.23287037037037037 0.020052083333333335 0.030555555555555555
0 0.49453125 0.1712962962962963 0.026822916666666665 0.026851851851851852
0 0.0390625 0.8037037037037037 0.049479166666666664 0.0625
0 0.45546875 0.049074074074074076 0.01875 0.03148148148148148
0 0.27578125 0.1476851851851852 0.06953125 0.0625
0 0.25026041666666665 0.13657407407407407 0.014322916666666666 0.02962962962962963
0 0.2630208333333333 0.14166666666666666 0.01484375 0.03657407407407407
0 0.28072916666666664 0.14074074074074075 0.020052083333333335 0.03657407407407407
0 0.2953125 0.1574074074074074 0.023177083333333334 0.03935185185185185
0 0.4981770833333333 0.31851851851851853 0.019270833333333334 0.03333333333333333
0 0.5036458333333333 0.36435185185185187 0.019791666666666666 0.03148148148148148
0 0.66875 0.6236111111111111 0.015364583333333333 0.038425925925925926
0 0.7419270833333333 0.6560185185185186 0.02109375 0.044444444444444446
0 0.033854166666666664 0.812962962962963 0.020052083333333335 0.03425925925925926
