0 0.7518229166666667 0.5893518518518519 0.047135416666666666 0.12638888888888888
0 0.7046875 0.5106481481481482 0.029427083333333333 0.05740740740740741
0 0.6640625 0.5773148148148148 0.037760416666666664 0.09675925925925925
0 0.7033854166666667 0.34444444444444444 0.023958333333333335 0.03564814814814815
0 0.7143229166666667 0.29953703703703705 0.01328125 0.027314814814814816
0 0.68359375 0.25972222222222224 0.020833333333333332 0.04398148148148148
0 0.6765625 0.22777777777777777 0.020572916666666666 0.03148148148148148
0 0.7567708333333333 0.11203703703703703 0.028645833333333332 0.034722222222222224
0 0.70390625 0.12361111111111112 0.026822916666666665 0.03888888888888889
0 0.740625 0.09351851851851851 0.03177083333333333 0.031018518518518518
0 0.725 0.06342592592592593 0.017447916666666667 0.032407407407407406
0 0.6122395833333333 0.02175925925925926 0.019791666666666666 0.0375
0 0.6125 0.056018518518518516 0.020572916666666666 0.03518518518518519
0 0.6296875 0.06851851851851852 0.021614583333333333 0.04675925925925926
0 0.6432291666666666 0.12824074074074074 0.015625 0.03148148148148148
0 0.6223958333333334 0.1537037037037037 0.01875 0.03796296296296296
0 0.5377604166666666 0.16111111111111112 0.023177083333333334 0.03657407407407407
0 0.55234375 0.15 0.028125 0.03657407407407407
0 0.503125 0.31666666666666665 0.03359375 0.13287037037037036
0 0.4734375 0.26064814814814813 0.0171875 0.03657407407407407
0 0.51328125 0.06620370370370371 0.017708333333333333 0.02546296296296296
0 0.5216145833333333 0.02962962962962963 0.0203125 0.030555555555555555
0 0.4635416666666667 0.15046296296296297 0.021354166666666667 0.03425925925925926
0 0.44505208333333335 0.21712962962962962 0.019010416666666665 0.029166666666666667
0 0.48880208333333336 0.16527777777777777 0.025520833333333333 0.02546296296296296
0 0.28046875 0.10462962962962963 0.022395833333333334 0.04027777777777778
0 0.27239583333333334 0.1287037037037037 0.05911458333333333 0.07777777777777778
0 0.03125 0.8009259259259259 0.05182291666666667 0.06574074074074074
0 0.45598958333333334 0.024537037037037038 0.017708333333333333 0.03009259259259259
0 0.024479166666666666 0.8134259259259259 0.02421875 0.03333333333333333
0 0.24453125 0.11157407407407408 0.015364583333333333 0.03148148148148148
0 0.2596354166666667 0.12638888888888888 0.017447916666666667 0.041666666666666664
0 0.28958333333333336 0.13842592592592592 0.020052083333333335 0.03148148148148148
0 0.5010416666666667 0.287962962962963 0.019791666666666666 0.03425925925925926
0 0.5026041666666666 0.3333333333333333 0.021875 0.033796296296296297
0 0.6674479166666667 0.5810185185185185 0.019010416666666665 0.03425925925925926
0 0.7546875 0.5995370370370371 0.020572916666666666 0.04351851851851852
