0 0.7697916666666667 0.5361111111111111 0.029947916666666668 0.12638888888888888
0 0.7013020833333333 0.48333333333333334 0.040625 0.08055555555555556
0 0.67109375 0.538425925925926 0.03958333333333333 0.10138888888888889
0 0.7122395833333334 0.32546296296296295 0.022916666666666665 0.033796296296296297
0 0.7234375 0.30185185185185187 0.0140625 0.028703703703703703
0 0.70625 0.2726851851851852 0.01796875 0.03796296296296296
0 0.6885416666666667 0.2263888888888889 0.02265625 0.034722222222222224
0 0.7684895833333333 0.10787037037037037 0.015885416666666666 0.034722222222222224
0 0.7177083333333333 0.11851851851851852 0.026822916666666665 0.03888888888888889
0 0.74296875 0.08564814814814815 0.03177083333333333 0.031018518518518518
0 0.7328125 0.04953703703703704 0.017447916666666667 0.032407407407407406
0 0.6322916666666667 0.023148148148148147 0.019791666666666666 0.0375
0 0.6244791666666667 0.05 0.019791666666666666 0.03333333333333333
0 0.6411458333333333 0.06712962962962964 0.017708333333333333 0.038425925925925926
0 0.65625 0.1162037037037037 0.01640625 0.03287037037037037
0 0.634375 0.15 0.019791666666666666 0.03981481481481482
0 0.5484375 0.16527777777777777 0.023177083333333334 0.03657407407407407
0 0.5653645833333333 0.13842592592592592 0.028125 0.03657407407407407
0 0.5140625 0.28888888888888886 0.03203125 0.12638888888888888
0 0.4705729166666667 0.26481481481481484 0.0171875 0.03657407407407407
0 0.5263020833333333 0.06157407407407407 0.018489583333333334 0.026851851851851852
0 0.5346354166666667 0.027777777777777776 0.0203125 0.030555555555555555
0 0.46328125 0.16064814814814815 0.021354166666666667 0.03425925925925926
0 0.4557291666666667 0.21342592592592594 0.019010416666666665 0.029166666666666667
0 0.49270833333333336 0.16574074074074074 0.026822916666666665 0.026851851851851852
0 0.27890625 0.0837962962962963 0.022395833333333334 0.04027777777777778
0 0.27395833333333336 0.11990740740740741 0.05911458333333333 0.07777777777777778
0 0.027083333333333334 0.8171296296296297 0.054427083333333334 0.06898148148148148
0 0.46197916666666666 0.014351851851851852 0.016927083333333332 0.028703703703703703
0 0.022135416666666668 0.8194444444444444 0.021614583333333333 0.0375
0 0.25026041666666665 0.10277777777777777 0.01328125 0.02824074074074074
0 0.265625 0.11527777777777778 0.01796875 0.043055555555555555
0 0.290625 0.1337962962962963 0.02109375 0.03657407407407407
0 0.5122395833333333 0.25972222222222224 0.02421875 0.034722222222222224
0 0.5127604166666667 0.3050925925925926 0.022135416666666668 0.032407407407407406
0 0.6736979166666667 0.5439814814814815 0.01796875 0.03425925925925926
0 0.7744791666666667 0.5439814814814815 0.018489583333333334 0.03611111111111111
