0 0.7627604166666667 0.5537037037037037 0.031510416666666666 0.13287037037037036
0 0.71171875 0.5032407407407408 0.030989583333333334 0.06018518518518518
0 0.66875 0.5537037037037037 0.03958333333333333 0.10138888888888889
0 0.7130208333333333 0.3365740740740741 0.022916666666666665 0.033796296296296297
0 0.72109375 0.30092592592592593 0.01328125 0.027314814814814816
0 0.6955729166666667 0.27175925925925926 0.020052083333333335 0.04212962962962963
0 0.6841145833333333 0.2263888888888889 0.02265625 0.034722222222222224
0 0.7604166666666666 0.10972222222222222 0.028645833333333332 0.034722222222222224
0 0.7127604166666667 0.12037037037037036 0.026822916666666665 0.03888888888888889
0 0.7432291666666667 0.08888888888888889 0.03177083333333333 0.031018518518518518
0 0.73046875 0.05416666666666667 0.017447916666666667 0.032407407407407406
0 0.6263020833333334 0.024537037037037038 0.019791666666666666 0.0375
0 0.6205729166666667 0.05277777777777778 0.019791666666666666 0.03333333333333333
0 0.6364583333333333 0.06759259259259259 0.01875 0.04027777777777778
0 0.6515625 0.12129629629629629 0.01640625 0.03287037037037037
0 0.63046875 0.1537037037037037 0.019791666666666666 0.03981481481481482
0 0.5434895833333333 0.16296296296296298 0.023177083333333334 0.03657407407407407
0 0.5619791666666667 0.14444444444444443 0.028125 0.03657407407407407
0 0.5104166666666666 0.29814814814814816 0.03203125 0.12638888888888888
0 0.471875 0.26481481481481484 0.0171875 0.03657407407407407
0 0.521875 0.06342592592592593 0.017708333333333333 0.02546296296296296
0 0.5296875 0.029166666666666667 0.0203125 0.030555555555555555
0 0.4627604166666667 0.15694444444444444 0.0203125 0.03287037037037037
0 0.45 0.21712962962962962 0.019010416666666665 0.029166666666666667
0 0.4908854166666667 0.16666666666666666 0.028125 0.02824074074074074
0 0.2786458333333333 0.09074074074074075 0.021354166666666667 0.038425925925925926
0 0.27317708333333335 0.12361111111111112 0.05911458333333333 0.07777777777777778
0 0.029166666666666667 0.8115740740740741 0.05182291666666667 0.06574074074074074
0 0.4627604166666667 0.016666666666666666 0.017708333333333333 0.03009259259259259
0 0.023697916666666666 0.8148148148148148 0.020572916666666666 0.032407407407407406
0 0.24713541666666666 0.10555555555555556 0.01953125 0.03518518518518519
0 0.2638020833333333 0.12037037037037036 0.021614583333333333 0.04537037037037037
0 0.28828125 0.1361111111111111 0.020572916666666666 0.03425925925925926
0 0.5080729166666667 0.2689814814814815 0.021354166666666667 0.028703703703703703
0 0.509375 0.31342592592592594 0.022916666666666665 0.03333333333333333
0 0.6708333333333333 0.5587962962962963 0.024739583333333332 0.03287037037037037
0 0.7674479166666667 0.5597222222222222 0.020052083333333335 0.04212962962962963
