0 0.7669270833333334 0.5444444444444444 0.029947916666666668 0.12638888888888888
0 0.7052083333333333 0.48703703703703705 0.038802083333333334 0.0763888888888889
0 0.6697916666666667 0.5439814814814815 0.03958333333333333 0.10138888888888889
0 0.7135416666666666 0.3314814814814815 0.022916666666666665 0.033796296296296297
0 0.7229166666666667 0.30185185185185187 0.01328125 0.027314814814814816
0 0.7020833333333333 0.2726851851851852 0.019010416666666665 0.03981481481481482
0 0.68671875 0.22685185185185186 0.02265625 0.034722222222222224
0 0.7682291666666666 0.10833333333333334 0.015885416666666666 0.034722222222222224
0 0.7153645833333333 0.11944444444444445 0.026822916666666665 0.03888888888888889
0 0.7432291666666667 0.0875 0.03177083333333333 0.031018518518518518
0 0.73203125 0.05138888888888889 0.017447916666666667 0.032407407407407406
0 0.6299479166666667 0.023148148148148147 0.019791666666666666 0.0375
0 0.6223958333333334 0.05092592592592592 0.019791666666666666 0.03333333333333333
0 0.6395833333333333 0.06712962962962964 0.017708333333333333 0.038425925925925926
0 0.6544270833333333 0.1175925925925926 0.01640625 0.03287037037037037
0 0.6330729166666667 0.15185185185185185 0.019791666666666666 0.03981481481481482
0 0.5458333333333333 0.16435185185185186 0.023177083333333334 0.03657407407407407
0 0.5640625 0.1412037037037037 0.028125 0.03657407407407407
0 0.5127604166666667 0.29398148148148145 0.03203125 0.12638888888888888
0 0.47109375 0.26342592592592595 0.0171875 0.03657407407407407
0 0.5247395833333334 0.06388888888888888 0.018489583333333334 0.026851851851851852
0 0.5325520833333334 0.027777777777777776 0.0203125 0.030555555555555555
0 0.4627604166666667 0.16018518518518518 0.0203125 0.03287037037037037
0 0.45364583333333336 0.21574074074074073 0.019010416666666665 0.029166666666666667
0 0.4921875 0.16666666666666666 0.026822916666666665 0.026851851851851852
0 0.2786458333333333 0.08657407407407407 0.022395833333333334 0.04027777777777778
0 0.2734375 0.12129629629629629 0.05911458333333333 0.07777777777777778
0 0.028385416666666666 0.8152777777777778 0.05182291666666667 0.06574074074074074
0 0.4625 0.01574074074074074 0.016927083333333332 0.028703703703703703
0 0.02265625 0.8166666666666667 0.021614583333333333 0.03333333333333333
0 0.24791666666666667 0.10231481481481482 0.010677083333333334 0.033796296296296297
0 0.2643229166666667 0.11944444444444445 0.021614583333333333 0.03935185185185185
0 0.29010416666666666 0.13518518518518519 0.020052083333333335 0.03564814814814815
0 0.5098958333333333 0.26481481481481484 0.020833333333333332 0.032407407407407406
0 0.5106770833333333 0.3101851851851852 0.02109375 0.0375
0 0.6729166666666667 0.5513888888888889 0.01640625 0.03333333333333333
0 0.7690104166666667 0.5513888888888889 0.020052083333333335 0.03935185185185185
