0 0.7427083333333333 0.6296296296296297 0.05286458333333333 0.12083333333333333
0 0.7044270833333334 0.5231481481481481 0.029427083333333333 0.05740740740740741
0 0.6692708333333334 0.6097222222222223 0.032552083333333336 0.10925925925925926
0 0.70234375 0.3560185185185185 0.023958333333333335 0.03564814814814815
0 0.7111979166666667 0.30416666666666664 0.01328125 0.027314814814814816
0 0.6658854166666667 0.2587962962962963 0.020833333333333332 0.04398148148148148
0 0.6705729166666666 0.2337962962962963 0.01953125 0.03009259259259259
0 0.7572916666666667 0.11712962962962963 0.028645833333333332 0.034722222222222224
0 0.7013020833333333 0.12962962962962962 0.028125 0.040740740740740744
0 0.7395833333333334 0.09814814814814815 0.03177083333333333 0.031018518518518518
0 0.721875 0.06435185185185185 0.017447916666666667 0.032407407407407406
0 0.6059895833333333 0.02175925925925926 0.019010416666666665 0.03564814814814815
0 0.60703125 0.0625 0.020572916666666666 0.03518518518518519
0 0.6263020833333334 0.07453703703703704 0.021614583333333333 0.04675925925925926
0 0.6395833333333333 0.13148148148148148 0.015625 0.03148148148148148
0 0.61875 0.16203703703703703 0.01875 0.03796296296296296
0 0.5317708333333333 0.16805555555555557 0.02109375 0.03287037037037037
0 0.5510416666666667 0.16342592592592592 0.026822916666666665 0.034722222222222224
0 0.5018229166666667 0.33611111111111114 0.03046875 0.12037037037037036
0 0.4786458333333333 0.25925925925925924 0.01640625 0.034722222222222224
0 0.509375 0.07222222222222222 0.017708333333333333 0.02546296296296296
0 0.51875 0.03333333333333333 0.0203125 0.030555555555555555
0 0.46927083333333336 0.15462962962962962 0.021354166666666667 0.03425925925925926
0 0.4484375 0.2263888888888889 0.019010416666666665 0.029166666666666667
0 0.49296875 0.1685185185185185 0.026822916666666665 0.026851851851851852
0 0.0359375 0.8055555555555556 0.049479166666666664 0.0625
0 0.45390625 0.040740740740740744 0.017708333333333333 0.03009259259259259
0 0.2747395833333333 0.1412037037037037 0.06953125 0.0625
0 0.24817708333333333 0.12777777777777777 0.015364583333333333 0.03287037037037037
0 0.26119791666666664 0.13425925925925927 0.014322916666666666 0.03564814814814815
0 0.27838541666666666 0.13194444444444445 0.015364583333333333 0.03425925925925926
0 0.2953125 0.14583333333333334 0.020052083333333335 0.034722222222222224
0 0.0296875 0.8101851851851852 0.020052083333333335 0.03935185185185185
0 0.6682291666666667 0.6074074074074074 0.01640625 0.03935185185185185
0 0.7434895833333334 0.6333333333333333 0.022135416666666668 0.03935185185185185
0 0.5036458333333333 0.3537037037037037 0.020833333333333332 0.038425925925925926
0 0.49557291666666664 0.3050925925925926 0.024479166666666666 0.0375
