0 0.7565104166666666 0.5745370370370371 0.031510416666666666 0.13287037037037036
0 0.7059895833333333 0.5074074074074074 0.030989583333333334 0.06018518518518518
0 0.6651041666666667 0.5680555555555555 0.03958333333333333 0.10138888888888889
0 0.7065104166666667 0.3421296296296296 0.023958333333333335 0.03564814814814815
0 0.7158854166666667 0.30092592592592593 0.01328125 0.027314814814814816
0 0.6875 0.26064814814814813 0.020833333333333332 0.04398148148148148
0 0.67890625 0.2273148148148148 0.020572916666666666 0.03148148148148148
0 0.7572916666666667 0.1111111111111111 0.028645833333333332 0.034722222222222224
0 0.7065104166666667 0.12314814814814815 0.026822916666666665 0.03888888888888889
0 0.7408854166666666 0.09259259259259259 0.03177083333333333 0.031018518518518518
0 0.72578125 0.0625 0.017447916666666667 0.032407407407407406
0 0.6145833333333334 0.02175925925925926 0.019791666666666666 0.0375
0 0.6153645833333333 0.05462962962962963 0.020572916666666666 0.03518518518518519
0 0.6317708333333333 0.06712962962962964 0.020572916666666666 0.044444444444444446
0 0.64453125 0.1259259259259259 0.01640625 0.03287037037037037
0 0.6239583333333333 0.1537037037037037 0.01875 0.03796296296296296
0 0.5393229166666667 0.16111111111111112 0.023177083333333334 0.03657407407407407
0 0.5541666666666667 0.1486111111111111 0.028125 0.03657407407407407
0 0.5049479166666667 0.3106481481481482 0.03203125 0.12638888888888888
0 0.47265625 0.26296296296296295 0.0171875 0.03657407407407407
0 0.5151041666666667 0.06527777777777778 0.017708333333333333 0.02546296296296296
0 0.5236979166666667 0.029166666666666667 0.0203125 0.030555555555555555
0 0.46380208333333334 0.15046296296296297 0.021354166666666667 0.03425925925925926
0 0.44557291666666665 0.21666666666666667 0.019010416666666665 0.029166666666666667
0 0.48854166666666665 0.16574074074074074 0.026822916666666665 0.026851851851851852
0 0.27838541666666666 0.09861111111111111 0.021354166666666667 0.038425925925925926
0 0.2716145833333333 0.12731481481481483 0.05911458333333333 0.07777777777777778
0 0.0296875 0.8064814814814815 0.05182291666666667 0.06574074074074074
0 0.45807291666666666 0.021296296296296296 0.017708333333333333 0.03009259259259259
0 0.024479166666666666 0.8143518518518519 0.016927083333333332 0.03564814814814815
0 0.24661458333333333 0.10972222222222222 0.012239583333333333 0.02824074074074074
0 0.26197916666666665 0.12638888888888888 0.01796875 0.04537037037037037
0 0.28984375 0.1361111111111111 0.01640625 0.0375
0 0.503125 0.2828703703703704 0.01875 0.02824074074074074
0 0.5020833333333333 0.32592592592592595 0.025 0.03425925925925926
0 0.6703125 0.5712962962962963 0.021614583333333333 0.03148148148148148
0 0.75625 0.5861111111111111 0.018489583333333334 0.03935185185185185
