0 0.746875 0.5990740740740741 0.047135416666666666 0.12638888888888888
0 0.7049479166666667 0.512962962962963 0.029427083333333333 0.05740740740740741
0 0.6645833333333333 0.5833333333333334 0.037760416666666664 0.09675925925925925
0 0.7015625 0.3453703703703704 0.023958333333333335 0.03564814814814815
0 0.71328125 0.3 0.01328125 0.027314814814814816
0 0.6776041666666667 0.2574074074074074 0.020052083333333335 0.04212962962962963
0 0.675 0.2273148148148148 0.020572916666666666 0.03148148148148148
0 0.7567708333333333 0.11203703703703703 0.028645833333333332 0.034722222222222224
0 0.7026041666666667 0.12361111111111112 0.026822916666666665 0.03888888888888889
0 0.7401041666666667 0.09305555555555556 0.03177083333333333 0.031018518518518518
0 0.7239583333333334 0.062037037037037036 0.017447916666666667 0.032407407407407406
0 0.6104166666666667 0.021296296296296296 0.019010416666666665 0.03564814814814815
0 0.6106770833333334 0.05648148148148148 0.020572916666666666 0.03518518518518519
0 0.6283854166666667 0.07083333333333333 0.021614583333333333 0.04675925925925926
0 0.64140625 0.12685185185185185 0.015625 0.03148148148148148
0 0.62109375 0.1537037037037037 0.01875 0.03796296296296296
0 0.5359375 0.16157407407407406 0.023177083333333334 0.03657407407407407
0 0.5518229166666667 0.15231481481481482 0.026822916666666665 0.034722222222222224
0 0.5028645833333333 0.32037037037037036 0.03359375 0.13287037037037036
0 0.4747395833333333 0.25833333333333336 0.01640625 0.034722222222222224
0 0.5122395833333333 0.06574074074074074 0.017708333333333333 0.02546296296296296
0 0.5200520833333333 0.03009259259259259 0.0203125 0.030555555555555555
0 0.4635416666666667 0.14814814814814814 0.021354166666666667 0.03425925925925926
0 0.44505208333333335 0.21805555555555556 0.019010416666666665 0.029166666666666667
0 0.4901041666666667 0.16527777777777777 0.025520833333333333 0.02546296296296296
0 0.28098958333333335 0.10648148148148148 0.022395833333333334 0.04027777777777778
0 0.27317708333333335 0.1300925925925926 0.05911458333333333 0.07777777777777778
0 0.03333333333333333 0.799074074074074 0.049479166666666664 0.0625
0 0.4546875 0.02824074074074074 0.017708333333333333 0.03009259259259259
0 0.025260416666666667 0.8097222222222222 0.01953125 0.034722222222222224
0 0.246875 0.1175925925925926 0.01796875 0.03148148148148148
0 0.2596354166666667 0.12777777777777777 0.01640625 0.04027777777777778
0 0.2890625 0.13796296296296295 0.015885416666666666 0.032407407407407406
0 0.49947916666666664 0.2912037037037037 0.020833333333333332 0.0375
0 0.503125 0.337037037037037 0.020833333333333332 0.030555555555555555
0 0.66796875 0.5833333333333334 0.019010416666666665 0.0375
0 0.7520833333333333 0.6064814814814815 0.017447916666666667 0.03518518518518519
