0 0.7208333333333333 0.7361111111111112 0.06145833333333333 0.10555555555555556
0 0.7010416666666667 0.575 0.026822916666666665 0.05185185185185185
0 0.66875 0.7027777777777777 0.032552083333333336 0.10925925925925926
0 0.69921875 0.38472222222222224 0.022916666666666665 0.033796296296296297
0 0.7052083333333333 0.3574074074074074 0.01328125 0.027314814814814816
0 0.6453125 0.300462962962963 0.020833333333333332 0.04398148148148148
0 0.6645833333333333 0.274537037037037 0.01953125 0.03009259259259259
0 0.75859375 0.1648148148148148 0.031510416666666666 0.038425925925925926
0 0.696875 0.18472222222222223 0.032552083333333336 0.04722222222222222
0 0.73828125 0.15092592592592594 0.03515625 0.03425925925925926
0 0.7169270833333333 0.12037037037037036 0.017447916666666667 0.032407407407407406
0 0.5940104166666667 0.0712962962962963 0.01796875 0.03425925925925926
0 0.5966145833333333 0.1287037037037037 0.021614583333333333 0.037037037037037035
0 0.6231770833333333 0.125 0.023958333333333335 0.05138888888888889
0 0.6356770833333333 0.18101851851851852 0.015625 0.03148148148148148
0 0.615625 0.2152777777777778 0.019791666666666666 0.03981481481481482
0 0.5309895833333333 0.22407407407407406 0.022135416666666668 0.034722222222222224
0 0.5635416666666667 0.24305555555555555 0.029427083333333333 0.038425925925925926
0 0.5013020833333334 0.41944444444444445 0.03046875 0.12037037037037036
0 0.49192708333333335 0.29953703703703705 0.0171875 0.03657407407407407
0 0.5044270833333333 0.1259259259259259 0.017708333333333333 0.02546296296296296
0 0.5119791666666667 0.09398148148148149 0.0203125 0.030555555555555555
0 0.4786458333333333 0.19768518518518519 0.021354166666666667 0.03425925925925926
0 0.46328125 0.2824074074074074 0.020052083333333335 0.030555555555555555
0 0.5065104166666666 0.21342592592592594 0.02421875 0.024074074074074074
0 0.04869791666666667 0.8347222222222223 0.05130208333333333 0.07546296296296297
0 0.4549479166666667 0.10601851851851851 0.01875 0.03148148148148148
0 0.28359375 0.20046296296296295 0.07291666666666667 0.06574074074074074
0 0.5450520833333333 0.05 0.01953125 0.03657407407407407
0 0.20911458333333333 0.06296296296296296 0.030989583333333334 0.03657407407407407
0 0.2635416666666667 0.01898148148148148 0.06692708333333333 0.038425925925925926
0 0.24348958333333334 0.01898148148148148 0.023697916666666666 0.028703703703703703
0 0.25859375 0.19444444444444445 0.015364583333333333 0.0375
0 0.271875 0.19768518518518519 0.015885416666666666 0.03148148148148148
0 0.28828125 0.19537037037037036 0.011197916666666667 0.0412037037037037
0 0.3026041666666667 0.2074074074074074 0.015885416666666666 0.03148148148148148
0 0.4981770833333333 0.4 0.019270833333333334 0.028703703703703703
0 0.5026041666666666 0.43842592592592594 0.025 0.03518518518518519
0 0.6713541666666667 0.700925925925926 0.021614583333333333 0.032407407407407406
0 0.72578125 0.7444444444444445 0.022135416666666668 0.04351851851851852
0 0.04635416666666667 0.8458333333333333 0.022135416666666668 0.03657407407407407
