0 0.73046875 0.674074074074074 0.05286458333333333 0.12083333333333333
0 0.7028645833333333 0.5439814814814815 0.028125 0.05462962962962963
0 0.6682291666666667 0.6486111111111111 0.03411458333333333 0.11481481481481481
0 0.7013020833333333 0.3726851851851852 0.022916666666666665 0.033796296296296297
0 0.7080729166666667 0.32314814814814813 0.01328125 0.027314814814814816
0 0.6575520833333334 0.27361111111111114 0.020833333333333332 0.04398148148148148
0 0.6674479166666667 0.2513888888888889 0.01953125 0.03009259259259259
0 0.7572916666666667 0.13472222222222222 0.028645833333333332 0.034722222222222224
0 0.6994791666666667 0.15046296296296297 0.028125 0.040740740740740744
0 0.7385416666666667 0.11851851851851852 0.03177083333333333 0.031018518518518518
0 0.71875 0.0824074074074074 0.017447916666666667 0.032407407407407406
0 0.5994791666666667 0.040740740740740744 0.019010416666666665 0.03564814814814815
0 0.6013020833333333 0.08611111111111111 0.021614583333333333 0.037037037037037035
0 0.6239583333333333 0.09305555555555556 0.021614583333333333 0.04675925925925926
0 0.6375 0.15138888888888888 0.015625 0.03148148148148148
0 0.6169270833333333 0.1814814814814815 0.01875 0.03796296296296296
0 0.5296875 0.18888888888888888 0.020052083333333335 0.03148148148148148
0 0.5580729166666667 0.19722222222222222 0.028125 0.03657407407407407
0 0.5018229166666667 0.3699074074074074 0.03203125 0.12638888888888888
0 0.4861979166666667 0.2726851851851852 0.0171875 0.03657407407407407
0 0.5072916666666667 0.09305555555555556 0.017708333333333333 0.02546296296296296
0 0.51640625 0.056018518518518516 0.0203125 0.030555555555555555
0 0.4747395833333333 0.17083333333333334 0.021354166666666667 0.03425925925925926
0 0.45651041666666664 0.24814814814814815 0.020052083333333335 0.030555555555555555
0 0.5 0.18194444444444444 0.025520833333333333 0.02546296296296296
0 0.04244791666666667 0.8199074074074074 0.049479166666666664 0.0625
0 0.45703125 0.06712962962962964 0.01875 0.03148148148148148
0 0.2794270833333333 0.1648148148148148 0.07291666666666667 0.06574074074074074
0 0.25442708333333336 0.15462962962962962 0.012239583333333333 0.02962962962962963
0 0.2674479166666667 0.16111111111111112 0.014322916666666666 0.030555555555555555
0 0.2833333333333333 0.16111111111111112 0.01484375 0.03425925925925926
0 0.2984375 0.17037037037037037 0.019010416666666665 0.02962962962962963
0 0.496875 0.3458333333333333 0.01875 0.03657407407407407
0 0.5 0.3888888888888889 0.025 0.030555555555555555
0 0.66953125 0.6481481481481481 0.01796875 0.04259259259259259
0 0.7359375 0.6814814814814815 0.023697916666666666 0.04722222222222222
0 0.54296875 0.013425925925925926 0.01484375 0.027314814814814816
0 0.038802083333333334 0.8222222222222222 0.02578125 0.0375
