0 0.7028645833333333 0.8425925925925926 0.06640625 0.09305555555555556
0 0.6919270833333333 0.6212962962962963 0.029427083333333333 0.05740740740740741
0 0.6736979166666667 0.8027777777777778 0.030989583333333334 0.10416666666666667
0 0.6921875 0.425462962962963 0.020833333333333332 0.030555555555555555
0 0.6997395833333333 0.4101851851851852 0.01328125 0.027314814814814816
0 0.6364583333333333 0.3509259259259259 0.021875 0.046296296296296294
0 0.6643229166666667 0.32592592592592595 0.01953125 0.03009259259259259
0 0.76640625 0.22268518518518518 0.024479166666666666 0.038425925925925926
0 0.6934895833333333 0.24722222222222223 0.03411458333333333 0.04953703703703704
0 0.7416666666666667 0.20925925925925926 0.024479166666666666 0.03425925925925926
0 0.7140625 0.1875 0.017447916666666667 0.032407407407407406
0 0.5875 0.13564814814814816 0.01796875 0.03425925925925926
0 0.58828125 0.19398148148148148 0.020572916666666666 0.03518518518518519
0 0.6216145833333333 0.1865740740740741 0.026302083333333334 0.05648148148148148
0 0.63125 0.25462962962962965 0.0171875 0.034722222222222224
0 0.6111979166666667 0.27870370370370373 0.019791666666666666 0.03981481481481482
0 0.53203125 0.2810185185185185 0.023177083333333334 0.03657407407407407
0 0.56328125 0.29953703703703705 0.03697916666666667 0.06666666666666667
0 0.5046875 0.5111111111111111 0.027604166666666666 0.10925925925925926
0 0.5049479166666667 0.35648148148148145 0.01796875 0.038425925925925926
0 0.50390625 0.18703703703703703 0.017708333333333333 0.02546296296296296
0 0.5106770833333333 0.1587962962962963 0.0203125 0.030555555555555555
0 0.48802083333333335 0.25092592592592594 0.021354166666666667 0.03425925925925926
0 0.47421875 0.3476851851851852 0.020052083333333335 0.030555555555555555
0 0.5151041666666667 0.2759259259259259 0.022135416666666668 0.022222222222222223
0 0.05963541666666667 0.8773148148148148 0.05130208333333333 0.07546296296296297
0 0.4510416666666667 0.1712962962962963 0.01953125 0.03333333333333333
0 0.28880208333333335 0.2671296296296296 0.06953125 0.0625
0 0.5458333333333333 0.1125 0.01953125 0.03657407407407407
0 0.21927083333333333 0.16018518518518518 0.032552083333333336 0.038425925925925926
0 0.25885416666666666 0.07685185185185185 0.07083333333333333 0.06111111111111111
0 0.18229166666666666 0.05416666666666667 0.023697916666666666 0.0375
0 0.24453125 0.040740740740740744 0.02109375 0.033796296296296297
0 0.27109375 0.03518518518518519 0.023177083333333334 0.03564814814814815
0 0.2630208333333333 0.26157407407407407 0.015885416666666666 0.02962962962962963
0 0.2765625 0.2652777777777778 0.015885416666666666 0.031018518518518518
0 0.29401041666666666 0.2652777777777778 0.014322916666666666 0.0375
0 0.30859375 0.2708333333333333 0.018489583333333334 0.034722222222222224
0 0.05911458333333333 0.8870370370370371 0.023697916666666666 0.03425925925925926
0 0.6755208333333333 0.8074074074074075 0.012239583333333333 0.03333333333333333
0 0.7088541666666667 0.8541666666666666 0.021614583333333333 0.03564814814814815
0 0.23984375 0.07777777777777778 0.011197916666666667 0.02824074074074074
0 0.25 0.08009259259259259 0.01796875 0.028703703703703703
0 0.26223958333333336 0.0699074074074074 0.017447916666666667 0.030555555555555555
0 0.27890625 0.07268518518518519 0.012239583333333333 0.038425925925925926
