0 0.7145833333333333 0.7787037037037037 0.06145833333333333 0.10555555555555556
0 0.6984375 0.5930555555555556 0.028125 0.05462962962962963
0 0.6708333333333333 0.7393518518518518 0.032552083333333336 0.10925925925925926
0 0.6989583333333333 0.4009259259259259 0.022916666666666665 0.033796296296296297
0 0.7033854166666667 0.37777777777777777 0.01328125 0.027314814814814816
0 0.6401041666666667 0.3226851851851852 0.020833333333333332 0.04398148148148148
0 0.6645833333333333 0.29259259259259257 0.01953125 0.03009259259259259
0 0.7598958333333333 0.18564814814814815 0.024479166666666666 0.038425925925925926
0 0.6955729166666667 0.2074074074074074 0.032552083333333336 0.04722222222222222
0 0.7421875 0.1712962962962963 0.024479166666666666 0.03425925925925926
0 0.7171875 0.14629629629629629 0.017447916666666667 0.032407407407407406
0 0.5908854166666667 0.09074074074074075 0.01796875 0.03425925925925926
0 0.5932291666666667 0.15648148148148147 0.020572916666666666 0.03518518518518519
0 0.6223958333333334 0.14814814814814814 0.025 0.053703703703703705
0 0.6338541666666667 0.20555555555555555 0.0171875 0.034722222222222224
0 0.6143229166666667 0.23796296296296296 0.019791666666666666 0.03981481481481482
0 0.5322916666666667 0.24675925925925926 0.022135416666666668 0.034722222222222224
0 0.5622395833333333 0.25555555555555554 0.03697916666666667 0.06666666666666667
0 0.5020833333333333 0.4532407407407407 0.029166666666666667 0.11481481481481481
0 0.49557291666666664 0.31805555555555554 0.0171875 0.03657407407407407
0 0.5033854166666667 0.14814814814814814 0.017708333333333333 0.02546296296296296
0 0.5104166666666666 0.11851851851851852 0.0203125 0.030555555555555555
0 0.48489583333333336 0.2152777777777778 0.021354166666666667 0.03425925925925926
0 0.4674479166666667 0.30416666666666664 0.02109375 0.03194444444444444
0 0.5083333333333333 0.2337962962962963 0.023177083333333334 0.023148148148148147
0 0.05390625 0.8421296296296297 0.05130208333333333 0.07546296296296297
0 0.45286458333333335 0.13055555555555556 0.01953125 0.03333333333333333
0 0.28515625 0.22314814814814815 0.06953125 0.0625
0 0.5463541666666667 0.07222222222222222 0.01953125 0.03657407407407407
0 0.21223958333333334 0.09490740740740741 0.032552083333333336 0.038425925925925926
0 0.25833333333333336 0.03796296296296296 0.06432291666666666 0.05555555555555555
0 0.04973958333333333 0.8611111111111112 0.021614583333333333 0.04259259259259259
0 0.2598958333333333 0.21712962962962962 0.012760416666666666 0.027314814814814816
0 0.27369791666666665 0.22361111111111112 0.01953125 0.03148148148148148
0 0.28958333333333336 0.22314814814814815 0.01171875 0.03935185185185185
0 0.3046875 0.22962962962962963 0.019010416666666665 0.03333333333333333
0 0.49635416666666665 0.4310185185185185 0.019791666666666666 0.03611111111111111
0 0.5057291666666667 0.47453703703703703 0.022916666666666665 0.03148148148148148
0 0.67109375 0.7402777777777778 0.016927083333333332 0.033796296296296297
0 0.72109375 0.7875 0.02421875 0.03148148148148148
0 0.17786458333333333 0.011574074074074073 0.018489583333333334 0.023148148148148147
