0 0.728125 0.6935185185185185 0.05286458333333333 0.12083333333333333
0 0.7036458333333333 0.5546296296296296 0.028125 0.05462962962962963
0 0.66875 0.6662037037037037 0.03411458333333333 0.11481481481481481
0 0.7002604166666667 0.37916666666666665 0.021875 0.032407407407407406
0 0.70703125 0.33287037037037037 0.01328125 0.027314814814814816
0 0.6515625 0.2800925925925926 0.020833333333333332 0.04398148148148148
0 0.6671875 0.26064814814814813 0.01953125 0.03009259259259259
0 0.7575520833333333 0.14351851851851852 0.028645833333333332 0.034722222222222224
0 0.6984375 0.16064814814814815 0.029427083333333333 0.04259259259259259
0 0.7390625 0.12962962962962962 0.03177083333333333 0.031018518518518518
0 0.7177083333333333 0.09398148148148149 0.017447916666666667 0.032407407407407406
0 0.596875 0.04675925925925926 0.019010416666666665 0.03564814814814815
0 0.6 0.09861111111111111 0.021614583333333333 0.037037037037037035
0 0.6239583333333333 0.10231481481481482 0.021614583333333333 0.04675925925925926
0 0.6369791666666667 0.16064814814814815 0.015625 0.03148148148148148
0 0.6161458333333333 0.1912037037037037 0.01875 0.03796296296296296
0 0.5302083333333333 0.2 0.020052083333333335 0.03148148148148148
0 0.56015625 0.21342592592592594 0.029427083333333333 0.038425925925925926
0 0.5018229166666667 0.38657407407407407 0.03046875 0.12037037037037036
0 0.48854166666666665 0.2810185185185185 0.0171875 0.03657407407407407
0 0.50625 0.10277777777777777 0.017708333333333333 0.02546296296296296
0 0.5153645833333333 0.06574074074074074 0.0203125 0.030555555555555555
0 0.47708333333333336 0.17777777777777778 0.021354166666666667 0.03425925925925926
0 0.4583333333333333 0.25925925925925924 0.020052083333333335 0.030555555555555555
0 0.5015625 0.1925925925925926 0.025520833333333333 0.02546296296296296
0 0.045572916666666664 0.8226851851851852 0.049479166666666664 0.0625
0 0.45677083333333335 0.0787037037037037 0.01875 0.03148148148148148
0 0.28098958333333335 0.17453703703703705 0.07291666666666667 0.06574074074074074
0 0.25625 0.1648148148148148 0.013802083333333333 0.034722222222222224
0 0.26927083333333335 0.1712962962962963 0.013802083333333333 0.0375
0 0.28541666666666665 0.17175925925925925 0.012760416666666666 0.03657407407407407
0 0.3 0.18194444444444444 0.015885416666666666 0.030555555555555555
0 0.49505208333333334 0.36342592592592593 0.022395833333333334 0.03518518518518519
0 0.5015625 0.40555555555555556 0.023958333333333335 0.03333333333333333
0 0.67265625 0.6638888888888889 0.02109375 0.03425925925925926
0 0.73203125 0.6995370370370371 0.015885416666666666 0.04722222222222222
0 0.04114583333333333 0.8287037037037037 0.023177083333333334 0.038425925925925926
0 0.2046875 0.014814814814814815 0.019010416666666665 0.03009259259259259
0 0.5453125 0.020833333333333332 0.01953125 0.030555555555555555
