0 0.7328125 0.6611111111111111 0.05286458333333333 0.12083333333333333
0 0.703125 0.5356481481481481 0.029427083333333333 0.05740740740740741
0 0.6682291666666667 0.6351851851851852 0.03411458333333333 0.11481481481481481
0 0.70234375 0.36898148148148147 0.023958333333333335 0.03564814814814815
0 0.70859375 0.3162037037037037 0.01328125 0.027314814814814816
0 0.6606770833333333 0.26851851851851855 0.021875 0.046296296296296294
0 0.66875 0.24444444444444444 0.01953125 0.03009259259259259
0 0.7572916666666667 0.1287037037037037 0.028645833333333332 0.034722222222222224
0 0.7 0.1425925925925926 0.028125 0.040740740740740744
0 0.7390625 0.11203703703703703 0.03177083333333333 0.031018518518518518
0 0.7192708333333333 0.075 0.017447916666666667 0.032407407407407406
0 0.6026041666666667 0.03518518518518519 0.019010416666666665 0.03564814814814815
0 0.60234375 0.07824074074074074 0.021614583333333333 0.037037037037037035
0 0.6247395833333333 0.08611111111111111 0.021614583333333333 0.04675925925925926
0 0.6380208333333334 0.14444444444444443 0.015625 0.03148148148148148
0 0.61796875 0.17453703703703705 0.01875 0.03796296296296296
0 0.5296875 0.1824074074074074 0.02109375 0.03287037037037037
0 0.5549479166666667 0.18425925925925926 0.028125 0.03657407407407407
0 0.5013020833333334 0.35833333333333334 0.03203125 0.12638888888888888
0 0.48489583333333336 0.2652777777777778 0.0171875 0.03657407407407407
0 0.5078125 0.08518518518518518 0.017708333333333333 0.02546296296296296
0 0.5169270833333334 0.04722222222222222 0.0203125 0.030555555555555555
0 0.47239583333333335 0.16527777777777777 0.021354166666666667 0.03425925925925926
0 0.45364583333333336 0.24027777777777778 0.020052083333333335 0.030555555555555555
0 0.49947916666666664 0.17453703703703705 0.026822916666666665 0.026851851851851852
0 0.04140625 0.8157407407407408 0.049479166666666664 0.0625
0 0.45703125 0.058333333333333334 0.01875 0.03148148148148148
0 0.27708333333333335 0.15648148148148147 0.06953125 0.0625
0 0.2518229166666667 0.14722222222222223 0.01328125 0.029166666666666667
0 0.26458333333333334 0.15324074074074073 0.012760416666666666 0.029166666666666667
0 0.28151041666666665 0.15185185185185185 0.01328125 0.034722222222222224
0 0.29713541666666665 0.16435185185185186 0.01640625 0.027314814814814816
0 0.4973958333333333 0.33564814814814814 0.01875 0.02638888888888889
0 0.5028645833333333 0.3773148148148148 0.021354166666666667 0.033796296296296297
0 0.6692708333333334 0.6337962962962963 0.01640625 0.034722222222222224
0 0.7385416666666667 0.6675925925925926 0.020572916666666666 0.038425925925925926
0 0.03515625 0.8185185185185185 0.01953125 0.03518518518518519
