0 0.70859375 0.8004629629629629 0.06145833333333333 0.10555555555555556
0 0.6963541666666667 0.6032407407407407 0.028125 0.05462962962962963
0 0.6716145833333333 0.7592592592592593 0.032552083333333336 0.10925925925925926
0 0.696875 0.4078703703703704 0.021875 0.032407407407407406
0 0.70234375 0.3888888888888889 0.01328125 0.027314814814814816
0 0.6377604166666667 0.3300925925925926 0.020833333333333332 0.04398148148148148
0 0.6643229166666667 0.30324074074074076 0.01953125 0.03009259259259259
0 0.7591145833333334 0.19768518518518519 0.024479166666666666 0.038425925925925926
0 0.69453125 0.2212962962962963 0.032552083333333336 0.04722222222222222
0 0.7416666666666667 0.1837962962962963 0.024479166666666666 0.03425925925925926
0 0.7161458333333334 0.16111111111111112 0.017447916666666667 0.032407407407407406
0 0.5895833333333333 0.10416666666666667 0.01796875 0.03425925925925926
0 0.5921875 0.17037037037037037 0.020572916666666666 0.03518518518518519
0 0.621875 0.16018518518518518 0.026302083333333334 0.05648148148148148
0 0.6330729166666667 0.22175925925925927 0.0171875 0.034722222222222224
0 0.6138020833333333 0.25046296296296294 0.019791666666666666 0.03981481481481482
0 0.53203125 0.25833333333333336 0.022135416666666668 0.034722222222222224
0 0.5625 0.27037037037037037 0.03697916666666667 0.06666666666666667
0 0.503125 0.4726851851851852 0.029166666666666667 0.11481481481481481
0 0.49921875 0.3296296296296296 0.01796875 0.038425925925925926
0 0.5028645833333333 0.1597222222222222 0.017708333333333333 0.02546296296296296
0 0.5106770833333333 0.13240740740740742 0.0203125 0.030555555555555555
0 0.48515625 0.22962962962962963 0.021354166666666667 0.03425925925925926
0 0.46901041666666665 0.31805555555555554 0.02109375 0.03194444444444444
0 0.5096354166666667 0.24444444444444444 0.023177083333333334 0.023148148148148147
0 0.055989583333333336 0.8550925925925926 0.05130208333333333 0.08518518518518518
0 0.45208333333333334 0.14444444444444443 0.01953125 0.03333333333333333
0 0.2859375 0.2375 0.07291666666666667 0.06574074074074074
0 0.54609375 0.08518518518518518 0.01953125 0.03657407407407407
0 0.21614583333333334 0.10416666666666667 0.032552083333333336 0.038425925925925926
0 0.25859375 0.05138888888888889 0.06432291666666666 0.05555555555555555
0 0.24166666666666667 0.05555555555555555 0.019010416666666665 0.03148148148148148
0 0.26145833333333335 0.03981481481481482 0.01484375 0.02638888888888889
0 0.28020833333333334 0.046296296296296294 0.016927083333333332 0.03564814814814815
0 0.18151041666666667 0.02175925925925926 0.024739583333333332 0.038425925925925926
0 0.24296875 0.0125 0.018489583333333334 0.02546296296296296
0 0.2604166666666667 0.2310185185185185 0.01484375 0.030555555555555555
0 0.27447916666666666 0.24027777777777778 0.020052083333333335 0.0375
0 0.29010416666666666 0.23796296296296296 0.013802083333333333 0.040740740740740744
0 0.30546875 0.24675925925925926 0.02265625 0.03009259259259259
0 0.49661458333333336 0.45185185185185184 0.019270833333333334 0.030555555555555555
0 0.5080729166666667 0.4925925925925926 0.019270833333333334 0.03333333333333333
0 0.6721354166666667 0.7597222222222222 0.020052083333333335 0.03148148148148148
0 0.7161458333333334 0.8083333333333333 0.021614583333333333 0.03564814814814815
0 0.052083333333333336 0.8671296296296296 0.020052083333333335 0.0375
