0 0.6661458333333333 0.6513888888888889 0.026822916666666665 0.05185185185185185
0 0.67265625 0.9277777777777778 0.030989583333333334 0.10416666666666667
0 0.675 0.48148148148148145 0.019791666666666666 0.029166666666666667
0 0.6953125 0.4773148148148148 0.01328125 0.027314814814814816
0 0.6276041666666666 0.4337962962962963 0.02421875 0.05092592592592592
0 0.6604166666666667 0.3912037037037037 0.020572916666666666 0.03148148148148148
0 0.7651041666666667 0.3087962962962963 0.024479166666666666 0.038425925925925926
0 0.6953125 0.3365740740740741 0.025520833333333333 0.04953703703703704
0 0.7416666666666667 0.300462962962963 0.027083333333333334 0.03796296296296296
0 0.7114583333333333 0.2759259259259259 0.018229166666666668 0.03425925925925926
0 0.5828125 0.24305555555555555 0.01796875 0.03425925925925926
0 0.5875 0.30833333333333335 0.021614583333333333 0.037037037037037035
0 0.6135416666666667 0.28564814814814815 0.026302083333333334 0.04259259259259259
0 0.6325520833333333 0.3453703703703704 0.0171875 0.034722222222222224
0 0.6109375 0.36527777777777776 0.01875 0.03796296296296296
0 0.5278645833333333 0.3773148148148148 0.025520833333333333 0.04027777777777778
0 0.56484375 0.3921296296296296 0.03515625 0.06342592592592593
0 0.5088541666666667 0.6296296296296297 0.036458333333333336 0.11481481481481481
0 0.5192708333333333 0.44074074074074077 0.019010416666666665 0.04027777777777778
0 0.5018229166666667 0.27314814814814814 0.017708333333333333 0.02546296296296296
0 0.5088541666666667 0.24861111111111112 0.0203125 0.030555555555555555
0 0.49557291666666664 0.3347222222222222 0.021354166666666667 0.03425925925925926
0 0.49114583333333334 0.43148148148148147 0.023177083333333334 0.03518518518518519
0 0.5151041666666667 0.3597222222222222 0.02109375 0.020833333333333332
0 0.08020833333333334 0.9277777777777778 0.05130208333333333 0.07546296296296297
0 0.44869791666666664 0.25833333333333336 0.01875 0.03148148148148148
0 0.30078125 0.3638888888888889 0.07291666666666667 0.06574074074074074
0 0.5434895833333333 0.1986111111111111 0.020572916666666666 0.038425925925925926
0 0.25052083333333336 0.29259259259259257 0.03411458333333333 0.04027777777777778
0 0.2630208333333333 0.17175925925925925 0.078125 0.06759259259259259
0 0.18515625 0.16018518518518518 0.02265625 0.03564814814814815
0 0.24453125 0.1398148148148148 0.02109375 0.033796296296296297
0 0.27369791666666665 0.1310185185185185 0.023177083333333334 0.03564814814814815
0 0.5236979166666667 0.125 0.023177083333333334 0.05277777777777778
0 0.68515625 0.9861111111111112 0.06875 0.09537037037037037
0 0.29296875 0.13796296296296295 0.017447916666666667 0.028703703703703703
0 0.2799479166666667 0.16944444444444445 0.01640625 0.03148148148148148
0 0.26484375 0.16712962962962963 0.01328125 0.027314814814814816
0 0.25 0.17037037037037037 0.01484375 0.0375
0 0.2755208333333333 0.3611111111111111 0.013802083333333333 0.032407407407407406
0 0.28984375 0.362962962962963 0.01953125 0.03611111111111111
0 0.30625 0.36342592592592593 0.013802083333333333 0.041666666666666664
0 0.31875 0.3675925925925926 0.019010416666666665 0.03333333333333333
0 0.0734375 0.9439814814814815 0.026302083333333334 0.03611111111111111
0 0.50390625 0.6106481481481482 0.016145833333333335 0.03148148148148148
0 0.5169270833333334 0.6518518518518519 0.02109375 0.038425925925925926
0 0.675 0.9365740740740741 0.021614583333333333 0.038425925925925926
0 0.6846354166666667 0.9879629629629629 0.026302083333333334 0.024074074074074074
