0 0.6703125 0.649537037037037 0.028125 0.05462962962962963
0 0.67265625 0.9087962962962963 0.030989583333333334 0.10416666666666667
0 0.6770833333333334 0.4722222222222222 0.019791666666666666 0.029166666666666667
0 0.6950520833333333 0.46944444444444444 0.01328125 0.027314814814814816
0 0.63125 0.425462962962963 0.02421875 0.05092592592592592
0 0.6609375 0.38472222222222224 0.020572916666666666 0.03148148148148148
0 0.7645833333333333 0.2986111111111111 0.0234375 0.03657407407407407
0 0.6950520833333333 0.32546296296296295 0.025520833333333333 0.04953703703703704
0 0.7419270833333333 0.28935185185185186 0.027083333333333334 0.03796296296296296
0 0.71171875 0.2671296296296296 0.017447916666666667 0.032407407407407406
0 0.5833333333333334 0.22916666666666666 0.019010416666666665 0.03564814814814815
0 0.5861979166666667 0.2962962962962963 0.021614583333333333 0.037037037037037035
0 0.6140625 0.275 0.026302083333333334 0.04259259259259259
0 0.6322916666666667 0.3402777777777778 0.0171875 0.034722222222222224
0 0.6111979166666667 0.3537037037037037 0.01796875 0.03611111111111111
0 0.5296875 0.36666666666666664 0.025520833333333333 0.04027777777777778
0 0.5643229166666667 0.3814814814814815 0.03515625 0.06342592592592593
0 0.5080729166666667 0.6162037037037037 0.036458333333333336 0.11481481481481481
0 0.5184895833333333 0.43194444444444446 0.019010416666666665 0.04027777777777778
0 0.5083333333333333 0.23472222222222222 0.017708333333333333 0.02546296296296296
0 0.5091145833333334 0.2388888888888889 0.0203125 0.030555555555555555
0 0.4940104166666667 0.324537037037037 0.021354166666666667 0.03425925925925926
0 0.4890625 0.42083333333333334 0.023177083333333334 0.03518518518518519
0 0.5151041666666667 0.35 0.02109375 0.020833333333333332
0 0.0765625 0.9226851851851852 0.05130208333333333 0.07546296296296297
0 0.44921875 0.24814814814814815 0.01953125 0.03333333333333333
0 0.2986979166666667 0.35324074074074074 0.07291666666666667 0.06574074074074074
0 0.5432291666666667 0.1837962962962963 0.01953125 0.03657407407407407
0 0.24895833333333334 0.2810185185185185 0.032552083333333336 0.038425925925925926
0 0.26197916666666665 0.16203703703703703 0.078125 0.06759259259259259
0 0.18515625 0.1476851851851852 0.02265625 0.03564814814814815
0 0.24348958333333334 0.12824074074074074 0.02109375 0.033796296296296297
0 0.27057291666666666 0.11527777777777778 0.023177083333333334 0.03564814814814815
0 0.52265625 0.11296296296296296 0.023177083333333334 0.05277777777777778
0 0.6856770833333333 0.9708333333333333 0.06536458333333334 0.09074074074074075
0 0.24947916666666667 0.1597222222222222 0.016927083333333332 0.03148148148148148
0 0.26484375 0.1587962962962963 0.01640625 0.034722222222222224
0 0.2791666666666667 0.16203703703703703 0.016927083333333332 0.04259259259259259
0 0.2916666666666667 0.12962962962962962 0.016927083333333332 0.024537037037037038
0 0.275 0.350462962962963 0.012760416666666666 0.027777777777777776
0 0.28880208333333335 0.34953703703703703 0.01953125 0.03981481481481482
0 0.30390625 0.3490740740740741 0.011197916666666667 0.05462962962962963
0 0.3190104166666667 0.35694444444444445 0.021614583333333333 0.032407407407407406
0 0.07161458333333333 0.9337962962962963 0.020572916666666666 0.038425925925925926
0 0.5026041666666666 0.5972222222222222 0.017708333333333333 0.0375
0 0.5138020833333333 0.6356481481481482 0.019010416666666665 0.03333333333333333
0 0.6736979166666667 0.9148148148148149 0.019010416666666665 0.03657407407407407
0 0.6875 0.9773148148148149 0.01953125 0.03564814814814815
