0 0.6984375 0.8638888888888889 0.06640625 0.09305555555555556
0 0.6888020833333334 0.6305555555555555 0.029427083333333333 0.05740740740740741
0 0.67421875 0.8231481481481482 0.030989583333333334 0.10416666666666667
0 0.6888020833333334 0.43287037037037035 0.020833333333333332 0.030555555555555555
0 0.6989583333333333 0.4199074074074074 0.01328125 0.027314814814814816
0 0.6356770833333333 0.3638888888888889 0.023177083333333334 0.04861111111111111
0 0.6635416666666667 0.3375 0.020572916666666666 0.03148148148148148
0 0.76328125 0.23564814814814813 0.024479166666666666 0.038425925925925926
0 0.6924479166666667 0.262037037037037 0.03411458333333333 0.04953703703703704
0 0.73359375 0.21388888888888888 0.02578125 0.03611111111111111
0 0.7135416666666666 0.20046296296296295 0.017447916666666667 0.032407407407407406
0 0.5864583333333333 0.1537037037037037 0.019010416666666665 0.03564814814814815
0 0.5880208333333333 0.20787037037037037 0.021614583333333333 0.037037037037037035
0 0.6203125 0.2 0.026302083333333334 0.05648148148148148
0 0.63125 0.26944444444444443 0.01796875 0.03611111111111111
0 0.6122395833333333 0.2916666666666667 0.019791666666666666 0.03981481481481482
0 0.5322916666666667 0.29583333333333334 0.023177083333333334 0.03657407407407407
0 0.5638020833333334 0.3143518518518518 0.03697916666666667 0.06666666666666667
0 0.5049479166666667 0.5291666666666667 0.029166666666666667 0.11481481481481481
0 0.5075520833333333 0.3712962962962963 0.01796875 0.038425925925925926
0 0.503125 0.2 0.017708333333333333 0.02546296296296296
0 0.5106770833333333 0.1726851851851852 0.0203125 0.030555555555555555
0 0.4890625 0.262037037037037 0.021354166666666667 0.03425925925925926
0 0.478125 0.3597222222222222 0.02109375 0.03194444444444444
0 0.51328125 0.28379629629629627 0.022135416666666668 0.022222222222222223
0 0.06145833333333333 0.8842592592592593 0.05130208333333333 0.07546296296296297
0 0.45078125 0.18472222222222223 0.01953125 0.03333333333333333
0 0.2903645833333333 0.2814814814814815 0.06953125 0.0625
0 0.5453125 0.12546296296296297 0.01953125 0.03657407407407407
0 0.22369791666666666 0.1865740740740741 0.030989583333333334 0.03657407407407407
0 0.2596354166666667 0.09027777777777778 0.07447916666666667 0.06435185185185185
0 0.18307291666666667 0.06851851851851852 0.023697916666666666 0.0375
0 0.24479166666666666 0.05462962962962963 0.02109375 0.033796296296296297
0 0.27317708333333335 0.05092592592592592 0.02421875 0.0375
0 0.28046875 0.08935185185185185 0.01328125 0.03935185185185185
0 0.2635416666666667 0.08564814814814815 0.013802083333333333 0.02962962962962963
0 0.25104166666666666 0.09166666666666666 0.016927083333333332 0.022685185185185187
0 0.24088541666666666 0.09675925925925925 0.017447916666666667 0.03009259259259259
0 0.2669270833333333 0.2828703703703704 0.014322916666666666 0.03657407407407407
0 0.28125 0.27824074074074073 0.01484375 0.027314814814814816
0 0.29583333333333334 0.28564814814814815 0.015885416666666666 0.04861111111111111
0 0.31197916666666664 0.2875 0.019010416666666665 0.03518518518518519
0 0.059895833333333336 0.8912037037037037 0.02421875 0.0375
0 0.6736979166666667 0.8245370370370371 0.013802083333333333 0.03981481481481482
0 0.7036458333333333 0.874537037037037 0.020572916666666666 0.03981481481481482
0 0.5114583333333333 0.5476851851851852 0.01953125 0.03657407407407407
0 0.4986979166666667 0.5092592592592593 0.016145833333333335 0.03935185185185185
0 0.5197916666666667 0.032407407407407406 0.020572916666666666 0.033796296296296297
