0 0.6760416666666667 0.6504629629629629 0.028125 0.05462962962962963
0 0.6739583333333333 0.8898148148148148 0.030989583333333334 0.10416666666666667
0 0.6794270833333333 0.4652777777777778 0.019791666666666666 0.029166666666666667
0 0.69609375 0.46064814814814814 0.0140625 0.028703703703703703
0 0.63125 0.4162037037037037 0.023177083333333334 0.04861111111111111
0 0.66171875 0.375 0.020572916666666666 0.03148148148148148
0 0.76484375 0.2861111111111111 0.0234375 0.03657407407407407
0 0.6953125 0.3125 0.025520833333333333 0.04953703703703704
0 0.7419270833333333 0.2759259259259259 0.02578125 0.03611111111111111
0 0.7122395833333334 0.2523148148148148 0.017447916666666667 0.032407407407407406
0 0.5841145833333333 0.21388888888888888 0.019791666666666666 0.0375
0 0.57265625 0.2569444444444444 0.020572916666666666 0.03518518518518519
0 0.61640625 0.26296296296296295 0.026302083333333334 0.04259259259259259
0 0.6317708333333333 0.32314814814814813 0.01796875 0.03611111111111111
0 0.6098958333333333 0.34305555555555556 0.01875 0.03796296296296296
0 0.53125 0.35462962962962963 0.024479166666666666 0.038425925925925926
0 0.5640625 0.36898148148148147 0.03697916666666667 0.06666666666666667
0 0.5075520833333333 0.5981481481481481 0.036458333333333336 0.11481481481481481
0 0.5166666666666667 0.41759259259259257 0.020052083333333335 0.04212962962962963
0 0.50859375 0.2222222222222222 0.017708333333333333 0.02546296296296296
0 0.5088541666666667 0.22685185185185186 0.0203125 0.030555555555555555
0 0.49192708333333335 0.30833333333333335 0.021354166666666667 0.03425925925925926
0 0.4864583333333333 0.40879629629629627 0.023177083333333334 0.03518518518518519
0 0.5138020833333333 0.33564814814814814 0.020052083333333335 0.01990740740740741
0 0.071875 0.9148148148148149 0.05130208333333333 0.07546296296296297
0 0.44921875 0.2351851851851852 0.01953125 0.03333333333333333
0 0.29661458333333335 0.33935185185185185 0.07291666666666667 0.06574074074074074
0 0.5432291666666667 0.17037037037037037 0.01953125 0.03657407407407407
0 0.24036458333333333 0.25925925925925924 0.032552083333333336 0.038425925925925926
0 0.26197916666666665 0.14814814814814814 0.078125 0.06759259259259259
0 0.18619791666666666 0.13287037037037036 0.02265625 0.03564814814814815
0 0.24296875 0.1125 0.02109375 0.033796296296296297
0 0.2703125 0.09814814814814815 0.023177083333333334 0.03564814814814815
0 0.521875 0.09907407407407408 0.023177083333333334 0.05277777777777778
0 0.6880208333333333 0.9518518518518518 0.06536458333333334 0.09074074074074075
0 0.24817708333333333 0.1476851851851852 0.01328125 0.03148148148148148
0 0.2630208333333333 0.1388888888888889 0.016927083333333332 0.02824074074074074
0 0.27760416666666665 0.14351851851851852 0.01484375 0.04351851851851852
0 0.27265625 0.3365740740740741 0.012239583333333333 0.02962962962962963
0 0.2869791666666667 0.3365740740740741 0.016927083333333332 0.041666666666666664
0 0.3026041666666667 0.34120370370370373 0.013802083333333333 0.0412037037037037
0 0.31744791666666666 0.34074074074074073 0.018489583333333334 0.03657407407407407
0 0.07057291666666667 0.9287037037037037 0.020572916666666666 0.02824074074074074
0 0.5010416666666667 0.5810185185185185 0.020833333333333332 0.03611111111111111
0 0.51328125 0.6212962962962963 0.019010416666666665 0.0375
0 0.6747395833333333 0.899074074074074 0.01796875 0.03425925925925926
0 0.6901041666666666 0.9574074074074074 0.023697916666666666 0.04351851851851852
