0 0.65703125 0.6652777777777777 0.025520833333333333 0.04953703703703704
0 0.6721354166666667 0.9810185185185185 0.030989583333333334 0.10416666666666667
0 0.6690104166666667 0.5023148148148148 0.021875 0.032407407407407406
0 0.6932291666666667 0.5027777777777778 0.0140625 0.028703703703703703
0 0.6247395833333333 0.46435185185185185 0.023177083333333334 0.04861111111111111
0 0.65859375 0.4185185185185185 0.020572916666666666 0.03148148148148148
0 0.7638020833333333 0.34444444444444444 0.024479166666666666 0.038425925925925926
0 0.6958333333333333 0.3768518518518518 0.02421875 0.04722222222222222
0 0.7377604166666667 0.3384259259259259 0.028385416666666666 0.03981481481481482
0 0.7109375 0.3143518518518518 0.019270833333333334 0.03611111111111111
0 0.5817708333333333 0.27685185185185185 0.01796875 0.03425925925925926
0 0.5859375 0.3509259259259259 0.020572916666666666 0.03518518518518519
0 0.60859375 0.33101851851851855 0.027604166666666666 0.04490740740740741
0 0.63046875 0.3824074074074074 0.0171875 0.034722222222222224
0 0.6104166666666667 0.40324074074074073 0.016927083333333332 0.03425925925925926
0 0.5296875 0.4097222222222222 0.025520833333333333 0.04027777777777778
0 0.5666666666666667 0.43333333333333335 0.03697916666666667 0.06666666666666667
0 0.5109375 0.6805555555555556 0.036458333333333336 0.11481481481481481
0 0.5276041666666667 0.4842592592592593 0.020052083333333335 0.04212962962962963
0 0.5020833333333333 0.3111111111111111 0.017708333333333333 0.02546296296296296
0 0.5109375 0.2824074074074074 0.019270833333333334 0.029166666666666667
0 0.503125 0.37175925925925923 0.021354166666666667 0.03425925925925926
0 0.49947916666666664 0.46574074074074073 0.024479166666666666 0.037037037037037035
0 0.5166666666666667 0.42314814814814816 0.020052083333333335 0.01990740740740741
0 0.09010416666666667 0.9541666666666667 0.05130208333333333 0.07546296296296297
0 0.44817708333333334 0.2953703703703704 0.01953125 0.03333333333333333
0 0.3065104166666667 0.4027777777777778 0.07291666666666667 0.06574074074074074
0 0.5442708333333334 0.2388888888888889 0.021614583333333333 0.04027777777777778
0 0.26119791666666664 0.3351851851851852 0.0359375 0.04212962962962963
0 0.26536458333333335 0.21342592592592594 0.078125 0.06759259259259259
0 0.18229166666666666 0.20416666666666666 0.026302083333333334 0.0412037037037037
0 0.24166666666666667 0.17916666666666667 0.02109375 0.033796296296296297
0 0.2830729166666667 0.18194444444444444 0.023177083333333334 0.03564814814814815
0 0.5276041666666667 0.16898148148148148 0.022135416666666668 0.050462962962962966
0 0.30625 0.17731481481481481 0.018489583333333334 0.034722222222222224
0 0.2518229166666667 0.21342592592592594 0.017447916666666667 0.02962962962962963
0 0.26640625 0.20833333333333334 0.015364583333333333 0.03564814814814815
0 0.28203125 0.2050925925925926 0.01953125 0.02546296296296296
0 0.28151041666666665 0.4 0.01640625 0.026851851851851852
0 0.29609375 0.40324074074074073 0.015364583333333333 0.027314814814814816
0 0.30885416666666665 0.4023148148148148 0.016927083333333332 0.03935185185185185
0 0.32578125 0.4074074074074074 0.018489583333333334 0.03333333333333333
0 0.08567708333333333 0.9689814814814814 0.020572916666666666 0.026851851851851852
0 0.6721354166666667 0.9875 0.019010416666666665 0.025
0 0.50859375 0.6666666666666666 0.021354166666666667 0.03148148148148148
0 0.5197916666666667 0.7027777777777777 0.017447916666666667 0.03009259259259259
