0 0.6596354166666667 0.6583333333333333 0.025520833333333333 0.04953703703703704
0 0.6721354166666667 0.9606481481481481 0.030989583333333334 0.10416666666666667
0 0.67265625 0.4935185185185185 0.020833333333333332 0.030555555555555555
0 0.69453125 0.4935185185185185 0.01328125 0.027314814814814816
0 0.625 0.4546296296296296 0.023177083333333334 0.04861111111111111
0 0.66015625 0.4064814814814815 0.020572916666666666 0.03148148148148148
0 0.7653645833333333 0.3333333333333333 0.024479166666666666 0.038425925925925926
0 0.69453125 0.3625 0.025520833333333333 0.04953703703703704
0 0.73828125 0.32592592592592595 0.028385416666666666 0.03981481481481482
0 0.7114583333333333 0.30185185185185187 0.019270833333333334 0.03611111111111111
0 0.5822916666666667 0.27314814814814814 0.01796875 0.03425925925925926
0 0.58671875 0.337037037037037 0.020572916666666666 0.03518518518518519
0 0.6088541666666667 0.31666666666666665 0.027604166666666666 0.04490740740740741
0 0.6307291666666667 0.3726851851851852 0.01640625 0.03287037037037037
0 0.6106770833333334 0.38935185185185184 0.016927083333333332 0.03425925925925926
0 0.52890625 0.4050925925925926 0.025520833333333333 0.04027777777777778
0 0.5658854166666667 0.41805555555555557 0.03697916666666667 0.06666666666666667
0 0.51015625 0.6643518518518519 0.036458333333333336 0.11481481481481481
0 0.5247395833333334 0.4675925925925926 0.020052083333333335 0.04212962962962963
0 0.5013020833333334 0.29907407407407405 0.017708333333333333 0.02546296296296296
0 0.51015625 0.2708333333333333 0.0203125 0.030555555555555555
0 0.5005208333333333 0.3587962962962963 0.021354166666666667 0.03425925925925926
0 0.496875 0.4564814814814815 0.024479166666666666 0.037037037037037035
0 0.5184895833333333 0.4203703703703704 0.020052083333333335 0.01990740740740741
0 0.08723958333333333 0.9444444444444444 0.05130208333333333 0.07546296296296297
0 0.44817708333333334 0.2828703703703704 0.01953125 0.03333333333333333
0 0.3046875 0.3902777777777778 0.07291666666666667 0.06574074074074074
0 0.54453125 0.22962962962962963 0.020572916666666666 0.038425925925925926
0 0.25833333333333336 0.32685185185185184 0.0359375 0.04212962962962963
0 0.26484375 0.19814814814814816 0.078125 0.06759259259259259
0 0.18307291666666667 0.1875 0.025 0.03935185185185185
0 0.24322916666666666 0.16574074074074074 0.02109375 0.033796296296296297
0 0.2828125 0.16898148148148148 0.023177083333333334 0.03564814814814815
0 0.5270833333333333 0.15231481481481482 0.022135416666666668 0.050462962962962966
0 0.30130208333333336 0.1648148148148148 0.018489583333333334 0.034722222222222224
0 0.25 0.19583333333333333 0.01484375 0.02638888888888889
0 0.2638020833333333 0.1962962962962963 0.017447916666666667 0.03148148148148148
0 0.28020833333333334 0.19444444444444445 0.019010416666666665 0.021296296296296296
0 0.27786458333333336 0.38472222222222224 0.015364583333333333 0.02638888888888889
0 0.2947916666666667 0.3912037037037037 0.01796875 0.032407407407407406
0 0.30885416666666665 0.3912037037037037 0.01171875 0.0375
0 0.32369791666666664 0.39490740740740743 0.021614583333333333 0.03657407407407407
0 0.08229166666666667 0.9574074074074074 0.026302083333333334 0.03564814814814815
0 0.5057291666666667 0.6467592592592593 0.01875 0.03009259259259259
0 0.5174479166666667 0.6884259259259259 0.020052083333333335 0.03518518518518519
0 0.6723958333333333 0.9703703703703703 0.018489583333333334 0.03564814814814815
