0 0.6458333333333334 0.7157407407407408 0.036458333333333336 0.06388888888888888
0 0.6536458333333334 0.5476851851851852 0.027864583333333335 0.0412037037037037
0 0.6786458333333333 0.5560185185185185 0.01328125 0.027314814814814816
0 0.6268229166666667 0.5365740740740741 0.023177083333333334 0.04861111111111111
0 0.64921875 0.48333333333333334 0.017708333333333333 0.027314814814814816
0 0.7630208333333334 0.4185185185185185 0.027083333333333334 0.04259259259259259
0 0.6950520833333333 0.44722222222222224 0.025520833333333333 0.04953703703703704
0 0.73671875 0.4125 0.028385416666666666 0.03981481481481482
0 0.7166666666666667 0.3768518518518518 0.019270833333333334 0.03611111111111111
0 0.5716145833333334 0.35138888888888886 0.015625 0.029166666666666667
0 0.5799479166666667 0.42685185185185187 0.020572916666666666 0.03518518518518519
0 0.6020833333333333 0.4203703703703704 0.026302083333333334 0.04259259259259259
0 0.6265625 0.45787037037037037 0.01640625 0.03287037037037037
0 0.6106770833333334 0.47314814814814815 0.015364583333333333 0.031018518518518518
0 0.5346354166666667 0.48935185185185187 0.025520833333333333 0.04027777777777778
0 0.5703125 0.5120370370370371 0.03515625 0.06342592592592593
0 0.51875 0.7824074074074074 0.036458333333333336 0.11481481481481481
0 0.5216145833333333 0.5305555555555556 0.020052083333333335 0.07777777777777778
0 0.5091145833333334 0.38564814814814813 0.017708333333333333 0.02546296296296296
0 0.5135416666666667 0.3625 0.0203125 0.030555555555555555
0 0.5080729166666667 0.4449074074074074 0.019270833333333334 0.031018518518518518
0 0.5041666666666667 0.5435185185185185 0.022135416666666668 0.033796296296296297
0 0.5348958333333333 0.5837962962962963 0.020052083333333335 0.026851851851851852
0 0.4505208333333333 0.3541666666666667 0.016927083333333332 0.028703703703703703
0 0.3184895833333333 0.4837962962962963 0.07291666666666667 0.06574074074074074
0 0.5440104166666667 0.30462962962962964 0.01953125 0.03657407407407407
0 0.28567708333333336 0.42916666666666664 0.032552083333333336 0.038425925925925926
0 0.27239583333333334 0.29768518518518516 0.06484375 0.060648148148148145
0 0.18463541666666666 0.29444444444444445 0.027604166666666666 0.04351851851851852
0 0.24166666666666667 0.2657407407407407 0.023177083333333334 0.037037037037037035
0 0.5255208333333333 0.2518518518518518 0.023177083333333334 0.05277777777777778
0 0.32890625 0.24212962962962964 0.018489583333333334 0.034722222222222224
0 0.12083333333333333 0.9916666666666667 0.031510416666666666 0.016203703703703703
0 0.5140625 0.7648148148148148 0.017447916666666667 0.034722222222222224
0 0.5234375 0.8092592592592592 0.021614583333333333 0.033796296296296297
0 0.29296875 0.4759259259259259 0.015364583333333333 0.03425925925925926
0 0.30807291666666664 0.48009259259259257 0.017447916666666667 0.04259259259259259
0 0.3221354166666667 0.487962962962963 0.015364583333333333 0.03611111111111111
0 0.33645833333333336 0.4912037037037037 0.016927083333333332 0.032407407407407406
0 0.26171875 0.29212962962962963 0.012239583333333333 0.027314814814814816
0 0.27395833333333336 0.3023148148148148 0.01484375 0.03935185185185185
0 0.28567708333333336 0.30416666666666664 0.017447916666666667 0.02546296296296296
