0 0.64375 0.7231481481481481 0.036458333333333336 0.06388888888888888
0 0.6505208333333333 0.5555555555555556 0.027864583333333335 0.0412037037037037
0 0.675 0.5652777777777778 0.01328125 0.027314814814814816
0 0.6276041666666666 0.5449074074074074 0.02421875 0.05092592592592592
0 0.6481770833333333 0.48935185185185187 0.017708333333333333 0.027314814814814816
0 0.7627604166666667 0.42962962962962964 0.027083333333333334 0.04259259259259259
0 0.6953125 0.4583333333333333 0.025520833333333333 0.04953703703703704
0 0.7354166666666667 0.4222222222222222 0.028385416666666666 0.03981481481481482
0 0.71640625 0.3912037037037037 0.020052083333333335 0.03796296296296296
0 0.5731770833333333 0.3819444444444444 0.015625 0.029166666666666667
0 0.5796875 0.43657407407407406 0.01953125 0.033796296296296297
0 0.6002604166666666 0.43194444444444446 0.027604166666666666 0.04490740740740741
0 0.6260416666666667 0.4736111111111111 0.01640625 0.03287037037037037
0 0.6098958333333333 0.48333333333333334 0.015364583333333333 0.031018518518518518
0 0.5356770833333333 0.500462962962963 0.025520833333333333 0.04027777777777778
0 0.5705729166666667 0.5222222222222223 0.03515625 0.06342592592592593
0 0.5205729166666667 0.7976851851851852 0.036458333333333336 0.11481481481481481
0 0.521875 0.5416666666666666 0.020052083333333335 0.07777777777777778
0 0.5096354166666667 0.39444444444444443 0.017708333333333333 0.02546296296296296
0 0.5145833333333333 0.3731481481481482 0.0203125 0.030555555555555555
0 0.5083333333333333 0.46805555555555556 0.019270833333333334 0.031018518518518518
0 0.50546875 0.5560185185185185 0.023177083333333334 0.03564814814814815
0 0.53828125 0.5967592592592592 0.020052083333333335 0.026851851851851852
0 0.45078125 0.36574074074074076 0.016145833333333335 0.027314814814814816
0 0.31979166666666664 0.49537037037037035 0.06953125 0.0625
0 0.5473958333333333 0.3212962962962963 0.01953125 0.03657407407407407
0 0.290625 0.43796296296296294 0.032552083333333336 0.038425925925925926
0 0.27317708333333335 0.30925925925925923 0.06171875 0.05787037037037037
0 0.18489583333333334 0.30833333333333335 0.027604166666666666 0.04351851851851852
0 0.24140625 0.28194444444444444 0.023177083333333334 0.037037037037037035
0 0.5265625 0.262037037037037 0.023177083333333334 0.05277777777777778
0 0.32916666666666666 0.24861111111111112 0.018489583333333334 0.034722222222222224
0 0.46770833333333334 0.033796296296296297 0.020052083333333335 0.03611111111111111
0 0.5171875 0.7782407407407408 0.017447916666666667 0.03564814814814815
0 0.52734375 0.8162037037037037 0.019010416666666665 0.029166666666666667
0 0.2953125 0.48935185185185187 0.013802083333333333 0.027314814814814816
0 0.31145833333333334 0.4898148148148148 0.01484375 0.044444444444444446
0 0.32447916666666665 0.4949074074074074 0.012760416666666666 0.04027777777777778
0 0.33880208333333334 0.5009259259259259 0.018489583333333334 0.038425925925925926
0 0.26484375 0.30833333333333335 0.01953125 0.027314814814814816
0 0.27890625 0.3138888888888889 0.017447916666666667 0.04027777777777778
0 0.28828125 0.3175925925925926 0.01640625 0.03148148148148148
