0 0.6421875 0.7430555555555556 0.03463541666666667 0.060648148148148145
0 0.6432291666666666 0.5777777777777777 0.027864583333333335 0.0412037037037037
0 0.6674479166666667 0.5902777777777778 0.012760416666666666 0.025925925925925925
0 0.63203125 0.5768518518518518 0.02421875 0.05092592592592592
0 0.6450520833333333 0.5152777777777777 0.016927083333333332 0.025925925925925925
0 0.7653645833333333 0.4587962962962963 0.022395833333333334 0.034722222222222224
0 0.6940104166666666 0.4824074074074074 0.025520833333333333 0.04953703703703704
0 0.7356770833333334 0.45092592592592595 0.02421875 0.031018518518518518
0 0.71640625 0.41759259259259257 0.02109375 0.03981481481481482
0 0.5692708333333333 0.41388888888888886 0.01640625 0.030555555555555555
0 0.5807291666666666 0.4634259259259259 0.01953125 0.033796296296296297
0 0.5986979166666667 0.4634259259259259 0.025 0.040740740740740744
0 0.6229166666666667 0.5046296296296297 0.01640625 0.04675925925925926
0 0.6096354166666667 0.5106481481481482 0.0140625 0.02824074074074074
0 0.5375 0.5166666666666667 0.025520833333333333 0.04027777777777778
0 0.571875 0.5513888888888889 0.03697916666666667 0.06666666666666667
0 0.52265625 0.8324074074074074 0.03463541666666667 0.10925925925925926
0 0.5234375 0.562037037037037 0.020052083333333335 0.07777777777777778
0 0.5119791666666667 0.4134259259259259 0.017708333333333333 0.02546296296296296
0 0.515625 0.3972222222222222 0.021354166666666667 0.03194444444444444
0 0.5125 0.5055555555555555 0.019270833333333334 0.031018518518518518
0 0.5078125 0.5824074074074074 0.023177083333333334 0.03564814814814815
0 0.5424479166666667 0.6263888888888889 0.02109375 0.02824074074074074
0 0.45260416666666664 0.3962962962962963 0.017708333333333333 0.03009259259259259
0 0.32421875 0.525 0.06614583333333333 0.059722222222222225
0 0.5447916666666667 0.3425925925925926 0.035416666666666666 0.03657407407407407
0 0.3015625 0.46064814814814814 0.032552083333333336 0.038425925925925926
0 0.2760416666666667 0.33935185185185185 0.06484375 0.060648148148148145
0 0.18177083333333333 0.3421296296296296 0.027604166666666666 0.04351851851851852
0 0.24270833333333333 0.30972222222222223 0.024479166666666666 0.03935185185185185
0 0.5263020833333333 0.28888888888888886 0.022135416666666668 0.050462962962962966
0 0.3375 0.2763888888888889 0.018489583333333334 0.034722222222222224
0 0.47161458333333334 0.07268518518518519 0.02109375 0.03796296296296296
0 0.27369791666666665 0.3490740740740741 0.02890625 0.044444444444444446
0 0.27239583333333334 0.32592592592592595 0.025260416666666667 0.022222222222222223
0 0.28671875 0.3490740740740741 0.020572916666666666 0.028703703703703703
0 0.2989583333333333 0.5189814814814815 0.013802083333333333 0.028703703703703703
0 0.31223958333333335 0.5148148148148148 0.01640625 0.044444444444444446
0 0.3268229166666667 0.5259259259259259 0.01640625 0.04861111111111111
0 0.34479166666666666 0.5319444444444444 0.019010416666666665 0.03657407407407407
0 0.5182291666666666 0.8111111111111111 0.01640625 0.04259259259259259
0 0.5260416666666666 0.8532407407407407 0.023697916666666666 0.03564814814814815
