0 0.6544270833333333 0.6722222222222223 0.036458333333333336 0.06388888888888888
0 0.6721354166666667 1.0004629629629629 0.030989583333333334 0.10416666666666667
0 0.6630208333333333 0.5125 0.022916666666666665 0.033796296296296297
0 0.6908854166666667 0.5115740740740741 0.0140625 0.028703703703703703
0 0.6244791666666667 0.4777777777777778 0.023177083333333334 0.04861111111111111
0 0.6575520833333334 0.42824074074074076 0.020572916666666666 0.03148148148148148
0 0.7635416666666667 0.3574074074074074 0.024479166666666666 0.038425925925925926
0 0.6953125 0.38796296296296295 0.02421875 0.04722222222222222
0 0.7375 0.35185185185185186 0.027083333333333334 0.03796296296296296
0 0.7111979166666667 0.32546296296296295 0.019270833333333334 0.03611111111111111
0 0.5825520833333333 0.29444444444444445 0.01796875 0.03425925925925926
0 0.58515625 0.36342592592592593 0.020572916666666666 0.03518518518518519
0 0.6088541666666667 0.3476851851851852 0.02890625 0.04675925925925926
0 0.63125 0.3962962962962963 0.0171875 0.034722222222222224
0 0.6098958333333333 0.412962962962963 0.016145833333333335 0.03287037037037037
0 0.52890625 0.42777777777777776 0.025520833333333333 0.04027777777777778
0 0.5666666666666667 0.44675925925925924 0.03697916666666667 0.06666666666666667
0 0.5114583333333333 0.6976851851851852 0.036458333333333336 0.11481481481481481
0 0.5252604166666667 0.48842592592592593 0.020052083333333335 0.04212962962962963
0 0.5026041666666666 0.3236111111111111 0.017708333333333333 0.02546296296296296
0 0.5114583333333333 0.2953703703703704 0.019270833333333334 0.029166666666666667
0 0.5033854166666667 0.38287037037037036 0.021354166666666667 0.03425925925925926
0 0.5033854166666667 0.47638888888888886 0.023177083333333334 0.03518518518518519
0 0.5171875 0.4398148148148148 0.020052083333333335 0.01990740740740741
0 0.09140625 0.9717592592592592 0.05390625 0.07916666666666666
0 0.44895833333333335 0.3013888888888889 0.01875 0.03148148148148148
0 0.30807291666666664 0.4166666666666667 0.07291666666666667 0.06574074074074074
0 0.54296875 0.2462962962962963 0.021614583333333333 0.04027777777777778
0 0.26328125 0.3490740740740741 0.03411458333333333 0.04027777777777778
0 0.26640625 0.22777777777777777 0.078125 0.06759259259259259
0 0.1796875 0.21944444444444444 0.026302083333333334 0.0412037037037037
0 0.240625 0.19166666666666668 0.02109375 0.033796296296296297
0 0.2833333333333333 0.19490740740740742 0.023177083333333334 0.03564814814814815
0 0.528125 0.18101851851851852 0.022135416666666668 0.050462962962962966
0 0.3111979166666667 0.18796296296296297 0.017708333333333333 0.03287037037037037
0 0.2557291666666667 0.22592592592592592 0.01484375 0.032407407407407406
0 0.26875 0.22824074074074074 0.015885416666666666 0.03564814814814815
0 0.2825520833333333 0.2263888888888889 0.017447916666666667 0.027314814814814816
0 0.2830729166666667 0.41203703703703703 0.012239583333333333 0.026851851851851852
0 0.29765625 0.4162037037037037 0.018489583333333334 0.032407407407407406
0 0.3138020833333333 0.4125 0.014322916666666666 0.04351851851851852
0 0.32838541666666665 0.4222222222222222 0.018489583333333334 0.027314814814814816
0 0.08854166666666667 0.975462962962963 0.02421875 0.0375
