0 0.64921875 0.6972222222222222 0.036458333333333336 0.06388888888888888
0 0.6583333333333333 0.5305555555555556 0.025260416666666667 0.037037037037037035
0 0.6848958333333334 0.537962962962963 0.012760416666666666 0.025925925925925925
0 0.6231770833333333 0.5092592592592593 0.023177083333333334 0.04861111111111111
0 0.65234375 0.4615740740740741 0.017708333333333333 0.027314814814814816
0 0.7635416666666667 0.39351851851851855 0.024479166666666666 0.038425925925925926
0 0.6947916666666667 0.4222222222222222 0.02421875 0.04722222222222222
0 0.7375 0.3875 0.028385416666666666 0.03981481481481482
0 0.715625 0.35694444444444445 0.019270833333333334 0.03611111111111111
0 0.5765625 0.32592592592592595 0.0171875 0.032407407407407406
0 0.58046875 0.399537037037037 0.020572916666666666 0.03518518518518519
0 0.6072916666666667 0.3907407407407407 0.026302083333333334 0.04259259259259259
0 0.6302083333333334 0.4324074074074074 0.0171875 0.034722222222222224
0 0.6104166666666667 0.4476851851851852 0.015364583333333333 0.031018518518518518
0 0.5296875 0.46574074074074073 0.025520833333333333 0.04027777777777778
0 0.56875 0.4842592592592593 0.03697916666666667 0.06666666666666667
0 0.5145833333333333 0.7453703703703703 0.036458333333333336 0.11481481481481481
0 0.52109375 0.4981481481481482 0.019010416666666665 0.07407407407407407
0 0.5075520833333333 0.36157407407407405 0.017708333333333333 0.02546296296296296
0 0.5125 0.3375 0.0203125 0.030555555555555555
0 0.5072916666666667 0.4203703703703704 0.0203125 0.03287037037037037
0 0.5015625 0.5152777777777777 0.022135416666666668 0.033796296296296297
0 0.5296875 0.5509259259259259 0.020052083333333335 0.026851851851851852
0 0.44973958333333336 0.33194444444444443 0.017708333333333333 0.03009259259259259
0 0.3145833333333333 0.4550925925925926 0.07291666666666667 0.06574074074074074
0 0.5427083333333333 0.2796296296296296 0.021614583333333333 0.04027777777777778
0 0.27734375 0.40370370370370373 0.032552083333333336 0.038425925925925926
0 0.2713541666666667 0.26851851851851855 0.06484375 0.060648148148148145
0 0.17682291666666666 0.25833333333333336 0.027604166666666666 0.04351851851851852
0 0.24244791666666668 0.23194444444444445 0.023177083333333334 0.037037037037037035
0 0.5265625 0.2222222222222222 0.023177083333333334 0.05277777777777778
0 0.32135416666666666 0.2162037037037037 0.018489583333333334 0.034722222222222224
0 0.10234375 0.9819444444444444 0.05182291666666667 0.03611111111111111
0 0.5111979166666667 0.7263888888888889 0.02109375 0.0375
0 0.52265625 0.7717592592592593 0.020052083333333335 0.02638888888888889
0 0.2890625 0.45046296296296295 0.013802083333333333 0.02962962962962963
0 0.30416666666666664 0.45092592592592595 0.020052083333333335 0.03657407407407407
0 0.3182291666666667 0.4532407407407407 0.01484375 0.047685185185185185
0 0.33307291666666666 0.462037037037037 0.021614583333333333 0.040740740740740744
0 0.26197916666666665 0.2671296296296296 0.019010416666666665 0.032407407407407406
0 0.27265625 0.2675925925925926 0.014322916666666666 0.038425925925925926
0 0.28489583333333335 0.274537037037037 0.016927083333333332 0.03148148148148148
