0 0.64453125 0.7342592592592593 0.036458333333333336 0.06388888888888888
0 0.64453125 0.5666666666666667 0.027864583333333335 0.0412037037037037
0 0.6692708333333334 0.5787037037037037 0.012760416666666666 0.025925925925925925
0 0.6299479166666667 0.5615740740740741 0.02421875 0.05092592592592592
0 0.64609375 0.5013888888888889 0.016927083333333332 0.025925925925925925
0 0.7622395833333333 0.44166666666666665 0.028385416666666666 0.044444444444444446
0 0.6940104166666666 0.4708333333333333 0.025520833333333333 0.04953703703703704
0 0.7361979166666667 0.43472222222222223 0.029947916666666668 0.041666666666666664
0 0.71640625 0.40324074074074073 0.02109375 0.03981481481481482
0 0.5713541666666667 0.39814814814814814 0.01640625 0.030555555555555555
0 0.5802083333333333 0.45046296296296295 0.01953125 0.033796296296296297
0 0.5984375 0.4462962962962963 0.026302083333333334 0.04259259259259259
0 0.6236979166666666 0.4810185185185185 0.01640625 0.03287037037037037
0 0.6098958333333333 0.4962962962962963 0.014583333333333334 0.02962962962962963
0 0.5361979166666667 0.5078703703703704 0.025520833333333333 0.04027777777777778
0 0.5703125 0.5365740740740741 0.03515625 0.06342592592592593
0 0.5216145833333333 0.8152777777777778 0.036458333333333336 0.11481481481481481
0 0.52265625 0.5523148148148148 0.020052083333333335 0.07777777777777778
0 0.5106770833333333 0.4050925925925926 0.017708333333333333 0.02546296296296296
0 0.515625 0.3851851851851852 0.0203125 0.030555555555555555
0 0.51015625 0.4875 0.019270833333333334 0.031018518518518518
0 0.5067708333333333 0.5694444444444444 0.023177083333333334 0.03564814814814815
0 0.5380208333333333 0.6106481481481482 0.02109375 0.02824074074074074
0 0.4515625 0.37824074074074077 0.016927083333333332 0.028703703703703703
0 0.321875 0.5097222222222222 0.06953125 0.0625
0 0.5442708333333334 0.3282407407407407 0.018489583333333334 0.034722222222222224
0 0.29401041666666666 0.45 0.032552083333333336 0.038425925925925926
0 0.275 0.32407407407407407 0.06171875 0.05787037037037037
0 0.18333333333333332 0.32731481481481484 0.027604166666666666 0.04351851851851852
0 0.24166666666666667 0.29444444444444445 0.024479166666666666 0.03935185185185185
0 0.5265625 0.2740740740740741 0.022135416666666668 0.050462962962962966
0 0.33515625 0.2611111111111111 0.018489583333333334 0.034722222222222224
0 0.46848958333333335 0.05324074074074074 0.02109375 0.03796296296296296
0 0.29713541666666665 0.5060185185185185 0.011197916666666667 0.028703703703703703
0 0.3098958333333333 0.5027777777777778 0.01484375 0.04490740740740741
0 0.325 0.5074074074074074 0.01484375 0.041666666666666664
0 0.34010416666666665 0.5175925925925926 0.020052083333333335 0.038425925925925926
0 0.5161458333333333 0.7976851851851852 0.01640625 0.03657407407407407
0 0.52578125 0.8351851851851851 0.02109375 0.030555555555555555
0 0.26588541666666665 0.3194444444444444 0.01953125 0.03518518518518519
0 0.28072916666666664 0.33194444444444443 0.02109375 0.040740740740740744
0 0.2908854166666667 0.33425925925925926 0.018489583333333334 0.033796296296296297
