0 0.6510416666666666 0.6884259259259259 0.036458333333333336 0.06388888888888888
0 0.6606770833333333 0.5263888888888889 0.025260416666666667 0.037037037037037035
0 0.6869791666666667 0.5291666666666667 0.012760416666666666 0.025925925925925925
0 0.6231770833333333 0.49907407407407406 0.022135416666666668 0.046296296296296294
0 0.6541666666666667 0.44907407407407407 0.01875 0.028703703703703703
0 0.7635416666666667 0.38055555555555554 0.024479166666666666 0.038425925925925926
0 0.6953125 0.4097222222222222 0.025520833333333333 0.04953703703703704
0 0.7372395833333333 0.37546296296296294 0.028385416666666666 0.03981481481481482
0 0.7143229166666667 0.3453703703703704 0.019270833333333334 0.03611111111111111
0 0.5778645833333333 0.32731481481481484 0.0171875 0.032407407407407406
0 0.5809895833333333 0.387037037037037 0.020572916666666666 0.03518518518518519
0 0.6080729166666666 0.37546296296296294 0.026302083333333334 0.04259259259259259
0 0.6302083333333334 0.4236111111111111 0.0171875 0.034722222222222224
0 0.6096354166666667 0.4351851851851852 0.015364583333333333 0.031018518518518518
0 0.52734375 0.45231481481481484 0.025520833333333333 0.04027777777777778
0 0.56796875 0.4699074074074074 0.03697916666666667 0.06666666666666667
0 0.5125 0.7277777777777777 0.036458333333333336 0.11481481481481481
0 0.5283854166666667 0.5259259259259259 0.019010416666666665 0.04027777777777778
0 0.5065104166666666 0.34814814814814815 0.017708333333333333 0.02546296296296296
0 0.51171875 0.32314814814814813 0.0203125 0.030555555555555555
0 0.5078125 0.40694444444444444 0.021354166666666667 0.03425925925925926
0 0.5174479166666667 0.4685185185185185 0.022135416666666668 0.033796296296296297
0 0.5174479166666667 0.45787037037037037 0.020052083333333335 0.01990740740740741
0 0.09765625 0.9902777777777778 0.05390625 0.07916666666666666
0 0.45 0.3138888888888889 0.01875 0.03148148148148148
0 0.3125 0.4412037037037037 0.07291666666666667 0.06574074074074074
0 0.5427083333333333 0.2712962962962963 0.021614583333333333 0.04027777777777778
0 0.271875 0.38981481481481484 0.03411458333333333 0.04027777777777778
0 0.26927083333333335 0.25416666666666665 0.06484375 0.060648148148148145
0 0.178125 0.24444444444444444 0.027604166666666666 0.04351851851851852
0 0.24088541666666666 0.21666666666666667 0.022135416666666668 0.03564814814814815
0 0.5278645833333333 0.20694444444444443 0.022135416666666668 0.050462962962962966
0 0.3171875 0.20601851851851852 0.017708333333333333 0.03287037037037037
0 0.25807291666666665 0.2518518518518518 0.01640625 0.034722222222222224
0 0.27109375 0.25416666666666665 0.01640625 0.044444444444444446
0 0.2833333333333333 0.25 0.020052083333333335 0.03425925925925926
0 0.2869791666666667 0.43703703703703706 0.015885416666666666 0.030555555555555555
0 0.30052083333333335 0.4388888888888889 0.01796875 0.04027777777777778
0 0.31796875 0.44166666666666665 0.014322916666666666 0.04537037037037037
0 0.32916666666666666 0.449537037037037 0.01796875 0.03148148148148148
0 0.09557291666666666 0.9851851851851852 0.021614583333333333 0.029166666666666667
0 0.5111979166666667 0.7125 0.015885416666666666 0.03518518518518519
0 0.5208333333333334 0.7569444444444444 0.018489583333333334 0.04259259259259259
