0 0.6528645833333333 0.6824074074074075 0.036458333333333336 0.06388888888888888
0 0.6625 0.5171296296296296 0.023958333333333335 0.03564814814814815
0 0.6893229166666667 0.5185185185185185 0.01328125 0.027314814814814816
0 0.6236979166666666 0.4875 0.023177083333333334 0.04861111111111111
0 0.65625 0.43796296296296294 0.01953125 0.03009259259259259
0 0.7638020833333333 0.3675925925925926 0.024479166666666666 0.038425925925925926
0 0.6950520833333333 0.39814814814814814 0.02421875 0.04722222222222222
0 0.7390625 0.3625 0.028385416666666666 0.03981481481481482
0 0.7122395833333334 0.3337962962962963 0.019270833333333334 0.03611111111111111
0 0.5838541666666667 0.31296296296296294 0.01796875 0.03425925925925926
0 0.5828125 0.37407407407407406 0.020572916666666666 0.03518518518518519
0 0.6083333333333333 0.36064814814814816 0.027604166666666666 0.04490740740740741
0 0.6307291666666667 0.40879629629629627 0.0171875 0.034722222222222224
0 0.609375 0.42314814814814816 0.015364583333333333 0.031018518518518518
0 0.52734375 0.44027777777777777 0.025520833333333333 0.04027777777777778
0 0.5671875 0.45601851851851855 0.03697916666666667 0.06666666666666667
0 0.5119791666666667 0.7111111111111111 0.036458333333333336 0.11481481481481481
0 0.52734375 0.5060185185185185 0.020052083333333335 0.04212962962962963
0 0.5036458333333333 0.3347222222222222 0.017708333333333333 0.02546296296296296
0 0.51171875 0.3074074074074074 0.019270833333333334 0.029166666666666667
0 0.5057291666666667 0.39305555555555555 0.021354166666666667 0.03425925925925926
0 0.5049479166666667 0.48564814814814816 0.022135416666666668 0.033796296296296297
0 0.5190104166666667 0.4513888888888889 0.020052083333333335 0.01990740740740741
0 0.09322916666666667 0.9824074074074074 0.05390625 0.07916666666666666
0 0.44869791666666664 0.3106481481481482 0.01875 0.03148148148148148
0 0.3098958333333333 0.4273148148148148 0.07291666666666667 0.06574074074074074
0 0.5432291666666667 0.2587962962962963 0.021614583333333333 0.04027777777777778
0 0.26536458333333335 0.37175925925925923 0.03411458333333333 0.04027777777777778
0 0.2671875 0.23981481481481481 0.08203125 0.07083333333333333
0 0.17890625 0.2310185185185185 0.026302083333333334 0.0412037037037037
0 0.24114583333333334 0.20092592592592592 0.022135416666666668 0.03564814814814815
0 0.28411458333333334 0.20833333333333334 0.023177083333333334 0.03564814814814815
0 0.528125 0.19212962962962962 0.022135416666666668 0.050462962962962966
0 0.31276041666666665 0.19675925925925927 0.017708333333333333 0.03287037037037037
0 0.0921875 0.9800925925925926 0.022135416666666668 0.03935185185185185
0 0.25494791666666666 0.23564814814814813 0.01640625 0.03148148148148148
0 0.2708333333333333 0.23564814814814813 0.013802083333333333 0.03657407407407407
0 0.2828125 0.23472222222222222 0.019010416666666665 0.024537037037037038
0 0.28567708333333336 0.42453703703703705 0.01328125 0.03148148148148148
0 0.3 0.42314814814814816 0.01171875 0.04259259259259259
0 0.31484375 0.4273148148148148 0.014322916666666666 0.0412037037037037
0 0.32864583333333336 0.43472222222222223 0.01796875 0.034722222222222224
0 0.5091145833333334 0.6972222222222222 0.01484375 0.029166666666666667
0 0.5208333333333334 0.736574074074074 0.01640625 0.03333333333333333
