0 0.63984375 0.7726851851851851 0.03307291666666667 0.05787037037037037
0 0.6528645833333333 0.6476851851851851 0.0265625 0.03935185185185185
0 0.6447916666666667 0.611574074074074 0.01328125 0.027314814814814816
0 0.6346354166666667 0.6125 0.02421875 0.05092592592592592
0 0.6385416666666667 0.5662037037037037 0.016927083333333332 0.034722222222222224
0 0.76328125 0.49722222222222223 0.022395833333333334 0.034722222222222224
0 0.69375 0.5203703703703704 0.02421875 0.04722222222222222
0 0.73515625 0.4875 0.02421875 0.031018518518518518
0 0.71640625 0.4546296296296296 0.020052083333333335 0.03796296296296296
0 0.5627604166666667 0.4564814814814815 0.01640625 0.030555555555555555
0 0.5802083333333333 0.5009259259259259 0.01953125 0.033796296296296297
0 0.5963541666666666 0.5013888888888889 0.023958333333333335 0.038425925925925926
0 0.6184895833333334 0.5444444444444444 0.0171875 0.049074074074074076
0 0.6041666666666666 0.5194444444444445 0.01328125 0.026851851851851852
0 0.5380208333333333 0.5587962962962963 0.025520833333333333 0.04027777777777778
0 0.5747395833333333 0.5925925925925926 0.03697916666666667 0.06666666666666667
0 0.5276041666666667 0.8851851851851852 0.036458333333333336 0.11481481481481481
0 0.5260416666666666 0.6032407407407407 0.020833333333333332 0.08148148148148149
0 0.5130208333333334 0.4476851851851852 0.016927083333333332 0.024074074074074074
0 0.5138020833333333 0.42916666666666664 0.0203125 0.030555555555555555
0 0.5158854166666667 0.549537037037037 0.018489583333333334 0.02962962962962963
0 0.51171875 0.6236111111111111 0.023177083333333334 0.03564814814814815
0 0.54375 0.6689814814814815 0.023177083333333334 0.031018518518518518
0 0.453125 0.43333333333333335 0.01875 0.03148148148148148
0 0.33177083333333335 0.5666666666666667 0.06953125 0.0625
0 0.5421875 0.37777777777777777 0.035416666666666666 0.03657407407407407
0 0.3229166666666667 0.4837962962962963 0.030989583333333334 0.03657407407407407
0 0.28072916666666664 0.38055555555555554 0.06796875 0.06388888888888888
0 0.18723958333333332 0.39166666666666666 0.027604166666666666 0.04351851851851852
0 0.24817708333333333 0.35185185185185186 0.024479166666666666 0.03935185185185185
0 0.5268229166666667 0.324537037037037 0.022135416666666668 0.050462962962962966
0 0.340625 0.31666666666666665 0.018489583333333334 0.034722222222222224
0 0.47630208333333335 0.1162037037037037 0.02109375 0.03796296296296296
0 0.2734375 0.37916666666666665 0.02421875 0.03564814814814815
0 0.2911458333333333 0.38935185185185184 0.02421875 0.0375
0 0.3046875 0.5625 0.012760416666666666 0.03148148148148148
0 0.32005208333333335 0.5638888888888889 0.01953125 0.04027777777777778
0 0.3346354166666667 0.5703703703703704 0.015364583333333333 0.0412037037037037
0 0.3494791666666667 0.5722222222222222 0.020052083333333335 0.03564814814814815
0 0.5216145833333333 0.8638888888888889 0.02421875 0.03425925925925926
0 0.5328125 0.9046296296296297 0.020572916666666666 0.038425925925925926
