0 0.6328125 0.7916666666666666 0.03307291666666667 0.05787037037037037
0 0.64765625 0.6782407407407407 0.0265625 0.03935185185185185
0 0.6440104166666667 0.6370370370370371 0.012760416666666666 0.025925925925925925
0 0.6359375 0.6393518518518518 0.026822916666666665 0.05648148148148148
0 0.6377604166666667 0.5921296296296297 0.016927083333333332 0.034722222222222224
0 0.7606770833333333 0.5263888888888889 0.024739583333333332 0.038425925925925926
0 0.69296875 0.5467592592592593 0.023177083333333334 0.04490740740740741
0 0.734375 0.512962962962963 0.023177083333333334 0.02962962962962963
0 0.7161458333333334 0.47453703703703703 0.020052083333333335 0.03796296296296296
0 0.5630208333333333 0.4875 0.0171875 0.03194444444444444
0 0.5791666666666667 0.5254629629629629 0.01953125 0.033796296296296297
0 0.6184895833333334 0.5726851851851852 0.019010416666666665 0.05416666666666667
0 0.5986979166666667 0.5444444444444444 0.011979166666666667 0.024537037037037038
0 0.5427083333333333 0.5768518518518518 0.023177083333333334 0.03657407407407407
0 0.5770833333333333 0.6199074074074075 0.03697916666666667 0.06666666666666667
0 0.5299479166666666 0.9171296296296296 0.03828125 0.12037037037037036
0 0.5268229166666667 0.6328703703703704 0.020833333333333332 0.08148148148148149
0 0.51015625 0.4708333333333333 0.016927083333333332 0.024074074074074074
0 0.5122395833333333 0.44722222222222224 0.0203125 0.030555555555555555
0 0.51640625 0.5787037037037037 0.017447916666666667 0.02824074074074074
0 0.51484375 0.6569444444444444 0.024479166666666666 0.037037037037037035
0 0.5479166666666667 0.6972222222222222 0.023177083333333334 0.031018518518518518
0 0.4484375 0.4546296296296296 0.01875 0.03148148148148148
0 0.33515625 0.5944444444444444 0.07291666666666667 0.06574074074074074
0 0.5421875 0.4027777777777778 0.035416666666666666 0.03657407407407407
0 0.34010416666666665 0.49953703703703706 0.029427083333333333 0.034722222222222224
0 0.2838541666666667 0.40925925925925927 0.06796875 0.06388888888888888
0 0.19166666666666668 0.42083333333333334 0.026302083333333334 0.0412037037037037
0 0.2520833333333333 0.3824074074074074 0.025520833333333333 0.0412037037037037
0 0.525 0.35 0.022135416666666668 0.050462962962962966
0 0.34375 0.350462962962963 0.018489583333333334 0.034722222222222224
0 0.48098958333333336 0.14212962962962963 0.02109375 0.03796296296296296
0 0.2799479166666667 0.4101851851851852 0.026822916666666665 0.032407407407407406
0 0.2981770833333333 0.41574074074074074 0.023697916666666666 0.034722222222222224
0 0.30963541666666666 0.5893518518518519 0.012239583333333333 0.03148148148148148
0 0.32395833333333335 0.5879629629629629 0.01796875 0.03611111111111111
0 0.3375 0.5962962962962963 0.01796875 0.03935185185185185
0 0.3528645833333333 0.600462962962963 0.018489583333333334 0.041666666666666664
0 0.5239583333333333 0.8949074074074074 0.018489583333333334 0.046296296296296294
0 0.534375 0.9393518518518519 0.01953125 0.03333333333333333
