0 0.6244791666666667 0.8305555555555556 0.03307291666666667 0.05787037037037037
0 0.6395833333333333 0.7541666666666667 0.0265625 0.03935185185185185
0 0.6309895833333333 0.7064814814814815 0.026822916666666665 0.05648148148148148
0 0.6359375 0.6574074074074074 0.01875 0.038425925925925926
0 0.7549479166666667 0.5884259259259259 0.024739583333333332 0.038425925925925926
0 0.69375 0.6050925925925926 0.023177083333333334 0.04490740740740741
0 0.7354166666666667 0.5712962962962963 0.023177083333333334 0.02962962962962963
0 0.7135416666666666 0.5277777777777778 0.019270833333333334 0.03611111111111111
0 0.5588541666666667 0.5444444444444444 0.0171875 0.03194444444444444
0 0.5822916666666667 0.5731481481481482 0.01875 0.03194444444444444
0 0.61796875 0.6347222222222222 0.01796875 0.05138888888888889
0 0.5924479166666666 0.6069444444444444 0.011979166666666667 0.024537037037037038
0 0.5559895833333334 0.6268518518518519 0.023177083333333334 0.03657407407407407
0 0.58203125 0.687962962962963 0.038802083333333334 0.0699074074074074
0 0.5346354166666667 0.9949074074074075 0.036458333333333336 0.11481481481481481
0 0.5291666666666667 0.7013888888888888 0.02421875 0.09444444444444444
0 0.5151041666666667 0.5287037037037037 0.016927083333333332 0.024074074074074074
0 0.5127604166666667 0.5120370370370371 0.019270833333333334 0.029166666666666667
0 0.51328125 0.6763888888888889 0.019270833333333334 0.047685185185185185
0 0.5239583333333333 0.7273148148148149 0.028125 0.043055555555555555
0 0.5502604166666667 0.763425925925926 0.022135416666666668 0.02962962962962963
0 0.4479166666666667 0.5069444444444444 0.01875 0.03148148148148148
0 0.34401041666666665 0.6597222222222222 0.0765625 0.06898148148148148
0 0.54296875 0.462037037037037 0.033854166666666664 0.034722222222222224
0 0.38229166666666664 0.5328703703703703 0.029427083333333333 0.034722222222222224
0 0.29765625 0.4791666666666667 0.06484375 0.060648148148148145
0 0.203125 0.4828703703703704 0.03046875 0.047685185185185185
0 0.26510416666666664 0.45416666666666666 0.024479166666666666 0.03935185185185185
0 0.5244791666666667 0.40925925925925927 0.020052083333333335 0.04537037037037037
0 0.34348958333333335 0.41712962962962963 0.01953125 0.03657407407407407
0 0.4864583333333333 0.21898148148148147 0.02109375 0.03796296296296296
0 0.6455729166666667 0.6898148148148148 0.016145833333333335 0.03981481481481482
0 0.53359375 0.9777777777777777 0.01796875 0.038425925925925926
0 0.31927083333333334 0.6615740740740741 0.012760416666666666 0.03518518518518519
0 0.33125 0.6615740740740741 0.01796875 0.02962962962962963
0 0.3463541666666667 0.6652777777777777 0.01484375 0.03564814814814815
0 0.3619791666666667 0.6703703703703704 0.020052083333333335 0.03333333333333333
0 0.2953125 0.4824074074074074 0.025260416666666667 0.03148148148148148
0 0.3111979166666667 0.48657407407407405 0.01015625 0.03148148148148148
0 0.3229166666666667 0.4930555555555556 0.013802083333333333 0.03425925925925926
