0 0.6315104166666666 0.8013888888888889 0.03307291666666667 0.05787037037037037
0 0.64609375 0.6949074074074074 0.0265625 0.03935185185185185
0 0.64609375 0.6486111111111111 0.01328125 0.027314814814814816
0 0.63671875 0.6550925925925926 0.025520833333333333 0.053703703703703705
0 0.6377604166666667 0.6069444444444444 0.016927083333333332 0.034722222222222224
0 0.75859375 0.5398148148148149 0.024739583333333332 0.038425925925925926
0 0.69296875 0.5587962962962963 0.022135416666666668 0.04259259259259259
0 0.7333333333333333 0.5254629629629629 0.023177083333333334 0.02962962962962963
0 0.7158854166666667 0.487962962962963 0.019270833333333334 0.03611111111111111
0 0.5611979166666666 0.5023148148148148 0.0171875 0.03194444444444444
0 0.58046875 0.5388888888888889 0.01953125 0.033796296296296297
0 0.61796875 0.5879629629629629 0.019010416666666665 0.05416666666666667
0 0.59453125 0.5592592592592592 0.011979166666666667 0.024537037037037038
0 0.5484375 0.5912037037037037 0.023177083333333334 0.03657407407407407
0 0.5783854166666667 0.6337962962962963 0.03697916666666667 0.06666666666666667
0 0.5309895833333333 0.9361111111111111 0.04010416666666667 0.12638888888888888
0 0.5270833333333333 0.6472222222222223 0.022135416666666668 0.08564814814814815
0 0.5122395833333333 0.4810185185185185 0.016927083333333332 0.024074074074074074
0 0.5119791666666667 0.4527777777777778 0.019270833333333334 0.029166666666666667
0 0.5171875 0.5925925925925926 0.017447916666666667 0.02824074074074074
0 0.5169270833333334 0.6717592592592593 0.025520833333333333 0.03935185185185185
0 0.5513020833333333 0.7097222222222223 0.023177083333333334 0.031018518518518518
0 0.44765625 0.4671296296296296 0.01875 0.03148148148148148
0 0.3372395833333333 0.6087962962962963 0.07291666666666667 0.06574074074074074
0 0.54296875 0.41574074074074074 0.035416666666666666 0.03657407407407407
0 0.34661458333333334 0.5069444444444444 0.029427083333333333 0.034722222222222224
0 0.28671875 0.4236111111111111 0.06796875 0.06388888888888888
0 0.19401041666666666 0.43472222222222223 0.027604166666666666 0.04351851851851852
0 0.2546875 0.3976851851851852 0.025520833333333333 0.0412037037037037
0 0.52421875 0.3625 0.02109375 0.047685185185185185
0 0.34348958333333335 0.36574074074074076 0.01953125 0.03657407407407407
0 0.4825520833333333 0.1574074074074074 0.02109375 0.03796296296296296
0 0.5354166666666667 0.9574074074074074 0.021614583333333333 0.03564814814814815
0 0.5255208333333333 0.9171296296296296 0.01953125 0.03935185185185185
0 0.31223958333333335 0.6037037037037037 0.017447916666666667 0.02824074074074074
0 0.32473958333333336 0.6060185185185185 0.017447916666666667 0.040740740740740744
0 0.33932291666666664 0.6134259259259259 0.021614583333333333 0.04722222222222222
0 0.35598958333333336 0.6148148148148148 0.01953125 0.038425925925925926
0 0.28411458333333334 0.4217592592592593 0.023697916666666666 0.034722222222222224
0 0.30130208333333336 0.43333333333333335 0.02265625 0.03935185185185185
