0 0.6380208333333334 0.7828703703703703 0.03307291666666667 0.05787037037037037
0 0.64921875 0.6620370370370371 0.0265625 0.03935185185185185
0 0.64453125 0.6236111111111111 0.01328125 0.027314814814814816
0 0.6356770833333333 0.625462962962963 0.025520833333333333 0.053703703703703705
0 0.63828125 0.5787037037037037 0.016927083333333332 0.034722222222222224
0 0.76171875 0.5106481481481482 0.0234375 0.03657407407407407
0 0.6927083333333334 0.5333333333333333 0.023177083333333334 0.04490740740740741
0 0.7346354166666667 0.5 0.023177083333333334 0.02962962962962963
0 0.7158854166666667 0.4675925925925926 0.020052083333333335 0.03796296296296296
0 0.5611979166666666 0.4722222222222222 0.01640625 0.030555555555555555
0 0.5794270833333334 0.5115740740740741 0.01953125 0.033796296296296297
0 0.61875 0.5601851851851852 0.01796875 0.05138888888888889
0 0.6018229166666667 0.5300925925925926 0.012760416666666666 0.025925925925925925
0 0.5361979166666667 0.562037037037037 0.024479166666666666 0.038425925925925926
0 0.5752604166666667 0.6050925925925926 0.03697916666666667 0.06666666666666667
0 0.52890625 0.9009259259259259 0.036458333333333336 0.11481481481481481
0 0.5260416666666666 0.6171296296296296 0.020833333333333332 0.08148148148148149
0 0.5122395833333333 0.4587962962962963 0.016927083333333332 0.024074074074074074
0 0.51640625 0.44351851851851853 0.0203125 0.030555555555555555
0 0.5158854166666667 0.5675925925925925 0.017447916666666667 0.02824074074074074
0 0.5140625 0.638425925925926 0.024479166666666666 0.037037037037037035
0 0.5458333333333333 0.6861111111111111 0.023177083333333334 0.031018518518518518
0 0.44973958333333336 0.4439814814814815 0.01875 0.03148148148148148
0 0.33307291666666666 0.5810185185185185 0.06953125 0.0625
0 0.54296875 0.3907407407407407 0.035416666666666666 0.03657407407407407
0 0.3265625 0.49212962962962964 0.029427083333333333 0.034722222222222224
0 0.28098958333333335 0.39490740740740743 0.06796875 0.06388888888888888
0 0.18854166666666666 0.4064814814814815 0.027604166666666666 0.04351851851851852
0 0.25 0.3680555555555556 0.024479166666666666 0.03935185185185185
0 0.5252604166666667 0.337037037037037 0.022135416666666668 0.050462962962962966
0 0.3421875 0.3333333333333333 0.018489583333333334 0.034722222222222224
0 0.47942708333333334 0.12962962962962962 0.02109375 0.03796296296296296
0 0.5252604166666667 0.8800925925925925 0.022135416666666668 0.03425925925925926
0 0.5341145833333333 0.9259259259259259 0.020052083333333335 0.040740740740740744
0 0.3072916666666667 0.575925925925926 0.013802083333333333 0.032407407407407406
0 0.3203125 0.5782407407407407 0.019010416666666665 0.05138888888888889
0 0.33645833333333336 0.5824074074074074 0.012760416666666666 0.04722222222222222
0 0.35104166666666664 0.5888888888888889 0.01796875 0.038425925925925926
0 0.27708333333333335 0.39444444444444443 0.026302083333333334 0.03518518518518519
0 0.2953125 0.4013888888888889 0.023177083333333334 0.03935185185185185
