0 0.6294270833333333 0.8078703703703703 0.03307291666666667 0.05787037037037037
0 0.6447916666666667 0.7087962962962963 0.027864583333333335 0.0412037037037037
0 0.62734375 0.6671296296296296 0.026822916666666665 0.05648148148148148
0 0.63671875 0.6180555555555556 0.017708333333333333 0.03657407407407407
0 0.7580729166666667 0.5504629629629629 0.024739583333333332 0.038425925925925926
0 0.69296875 0.5694444444444444 0.022135416666666668 0.04259259259259259
0 0.7346354166666667 0.5347222222222222 0.023177083333333334 0.02962962962962963
0 0.7158854166666667 0.4986111111111111 0.019270833333333334 0.03611111111111111
0 0.5611979166666666 0.5125 0.0171875 0.03194444444444444
0 0.5799479166666667 0.5513888888888889 0.01953125 0.033796296296296297
0 0.61796875 0.5986111111111111 0.01796875 0.05138888888888889
0 0.5924479166666666 0.5722222222222222 0.011979166666666667 0.024537037037037038
0 0.5494791666666666 0.5990740740740741 0.023177083333333334 0.03657407407407407
0 0.5786458333333333 0.6453703703703704 0.03697916666666667 0.06666666666666667
0 0.5322916666666667 0.9481481481481482 0.03828125 0.12037037037037036
0 0.5291666666666667 0.6578703703703703 0.023177083333333334 0.08981481481481482
0 0.5125 0.4976851851851852 0.016927083333333332 0.024074074074074074
0 0.5119791666666667 0.47175925925925927 0.019270833333333334 0.029166666666666667
0 0.5138020833333333 0.6189814814814815 0.017447916666666667 0.043055555555555555
0 0.5171875 0.6842592592592592 0.026822916666666665 0.0412037037037037
0 0.5505208333333333 0.7212962962962963 0.023177083333333334 0.031018518518518518
0 0.44765625 0.4777777777777778 0.01953125 0.03333333333333333
0 0.33880208333333334 0.6189814814814815 0.0765625 0.06898148148148148
0 0.54375 0.42592592592592593 0.035416666666666666 0.03657407407407407
0 0.35598958333333336 0.5138888888888888 0.028125 0.03287037037037037
0 0.28880208333333335 0.4361111111111111 0.06796875 0.06388888888888888
0 0.19583333333333333 0.44583333333333336 0.027604166666666666 0.04351851851851852
0 0.25703125 0.4078703703703704 0.025520833333333333 0.0412037037037037
0 0.5247395833333334 0.3726851851851852 0.020052083333333335 0.04537037037037037
0 0.34296875 0.3773148148148148 0.01953125 0.03657407407407407
0 0.48385416666666664 0.1699074074074074 0.02109375 0.03796296296296296
0 0.6447916666666667 0.6527777777777778 0.015364583333333333 0.03796296296296296
0 0.2859375 0.43287037037037035 0.025260416666666667 0.032407407407407406
0 0.30703125 0.44537037037037036 0.024739583333333332 0.03564814814814815
0 0.31276041666666665 0.6157407407407407 0.011197916666666667 0.02638888888888889
0 0.3265625 0.6217592592592592 0.022135416666666668 0.034722222222222224
0 0.33932291666666664 0.625462962962963 0.01640625 0.03518518518518519
0 0.3546875 0.6319444444444444 0.02109375 0.030555555555555555
0 0.5265625 0.9282407407407407 0.018489583333333334 0.03935185185185185
0 0.5348958333333333 0.9694444444444444 0.02578125 0.03935185185185185
