0 0.6393229166666666 0.7601851851851852 0.03307291666666667 0.05787037037037037
0 0.6403645833333333 0.600462962962963 0.0265625 0.03935185185185185
0 0.659375 0.625 0.01328125 0.027314814814814816
0 0.63359375 0.5995370370370371 0.02421875 0.05092592592592592
0 0.64140625 0.512962962962963 0.016927083333333332 0.025925925925925925
0 0.7638020833333333 0.48333333333333334 0.022395833333333334 0.034722222222222224
0 0.6940104166666666 0.5083333333333333 0.02421875 0.04722222222222222
0 0.7354166666666667 0.4740740740740741 0.02421875 0.031018518518518518
0 0.7169270833333333 0.4337962962962963 0.02109375 0.03981481481481482
0 0.56640625 0.44166666666666665 0.01640625 0.030555555555555555
0 0.58046875 0.4875 0.01953125 0.033796296296296297
0 0.5997395833333333 0.4912037037037037 0.025 0.040740740740740744
0 0.6192708333333333 0.5310185185185186 0.0171875 0.049074074074074076
0 0.6098958333333333 0.5342592592592592 0.01328125 0.026851851851851852
0 0.53828125 0.5421296296296296 0.025520833333333333 0.04027777777777778
0 0.5736979166666667 0.5768518518518518 0.03697916666666667 0.06666666666666667
0 0.5263020833333333 0.8685185185185185 0.036458333333333336 0.11481481481481481
0 0.525 0.5884259259259259 0.020833333333333332 0.08148148148148149
0 0.5127604166666667 0.43425925925925923 0.017708333333333333 0.02546296296296296
0 0.5145833333333333 0.42083333333333334 0.0203125 0.030555555555555555
0 0.51484375 0.524074074074074 0.018489583333333334 0.02962962962962963
0 0.5119791666666667 0.6083333333333333 0.023177083333333334 0.03564814814814815
0 0.54375 0.6560185185185186 0.023177083333333334 0.031018518518518518
0 0.4518229166666667 0.4148148148148148 0.01875 0.03148148148148148
0 0.32916666666666666 0.5513888888888889 0.06614583333333333 0.059722222222222225
0 0.5432291666666667 0.36574074074074076 0.035416666666666666 0.03657407407407407
0 0.3111979166666667 0.47453703703703703 0.032552083333333336 0.038425925925925926
0 0.27890625 0.3662037037037037 0.06796875 0.06388888888888888
0 0.18515625 0.37546296296296294 0.027604166666666666 0.04351851851851852
0 0.24609375 0.3375 0.025520833333333333 0.0412037037037037
0 0.5263020833333333 0.3101851851851852 0.022135416666666668 0.050462962962962966
0 0.33984375 0.30092592592592593 0.018489583333333334 0.034722222222222224
0 0.4744791666666667 0.10231481481481482 0.02109375 0.03796296296296296
0 0.2708333333333333 0.3587962962962963 0.023177083333333334 0.034722222222222224
0 0.2859375 0.36944444444444446 0.026302083333333334 0.03518518518518519
0 0.3033854166666667 0.549537037037037 0.01328125 0.03148148148148148
0 0.3184895833333333 0.5458333333333333 0.018489583333333334 0.04027777777777778
0 0.33255208333333336 0.5509259259259259 0.01640625 0.040740740740740744
0 0.34739583333333335 0.5578703703703703 0.019010416666666665 0.04027777777777778
0 0.5208333333333334 0.8458333333333333 0.020572916666666666 0.034722222222222224
0 0.53203125 0.8898148148148148 0.015885416666666666 0.04212962962962963
