0 0.6263020833333334 0.825462962962963 0.031510416666666666 0.055092592592592596
0 0.6416666666666667 0.7398148148148148 0.0265625 0.03935185185185185
0 0.6283854166666667 0.6958333333333333 0.026822916666666665 0.05648148148148148
0 0.6361979166666667 0.6439814814814815 0.017708333333333333 0.03657407407407407
0 0.7559895833333333 0.5745370370370371 0.024739583333333332 0.038425925925925926
0 0.6934895833333333 0.5930555555555556 0.022135416666666668 0.04259259259259259
0 0.7348958333333333 0.5601851851851852 0.023177083333333334 0.02962962962962963
0 0.7153645833333333 0.5212962962962963 0.019270833333333334 0.03611111111111111
0 0.5598958333333334 0.5347222222222222 0.0171875 0.03194444444444444
0 0.58125 0.5722222222222222 0.01875 0.03194444444444444
0 0.6171875 0.6231481481481481 0.01796875 0.05138888888888889
0 0.5921875 0.5953703703703703 0.011979166666666667 0.024537037037037038
0 0.5552083333333333 0.6180555555555556 0.023177083333333334 0.03657407407407407
0 0.5807291666666666 0.674074074074074 0.038802083333333334 0.0699074074074074
0 0.5341145833333333 0.9791666666666666 0.03828125 0.12037037037037036
0 0.5283854166666667 0.6875 0.023177083333333334 0.08981481481481482
0 0.5145833333333333 0.5180555555555556 0.016927083333333332 0.024074074074074074
0 0.5125 0.49907407407407406 0.019270833333333334 0.029166666666666667
0 0.51171875 0.6569444444444444 0.019270833333333334 0.047685185185185185
0 0.5213541666666667 0.712037037037037 0.028125 0.043055555555555555
0 0.5486979166666667 0.7486111111111111 0.022135416666666668 0.02962962962962963
0 0.4473958333333333 0.49444444444444446 0.01953125 0.03333333333333333
0 0.34270833333333334 0.6453703703703704 0.0765625 0.06898148148148148
0 0.5427083333333333 0.449537037037037 0.033854166666666664 0.034722222222222224
0 0.37083333333333335 0.5273148148148148 0.028125 0.03287037037037037
0 0.29453125 0.4638888888888889 0.06171875 0.05787037037037037
0 0.2015625 0.47175925925925927 0.03046875 0.047685185185185185
0 0.2625 0.4398148148148148 0.024479166666666666 0.03935185185185185
0 0.5244791666666667 0.39675925925925926 0.020052083333333335 0.04537037037037037
0 0.34270833333333334 0.4023148148148148 0.01953125 0.03657407407407407
0 0.48489583333333336 0.20416666666666666 0.02109375 0.03796296296296296
0 0.6455729166666667 0.6782407407407407 0.015364583333333333 0.03796296296296296
0 0.5309895833333333 0.9592592592592593 0.015885416666666666 0.0375
0 0.31666666666666665 0.6435185185185185 0.012760416666666666 0.03148148148148148
0 0.33151041666666664 0.6439814814814815 0.01640625 0.040740740740740744
0 0.3453125 0.6518518518518519 0.01484375 0.03657407407407407
0 0.35911458333333335 0.6541666666666667 0.01953125 0.03935185185185185
0 0.29270833333333335 0.4675925925925926 0.02734375 0.03333333333333333
0 0.30963541666666666 0.4722222222222222 0.027864583333333335 0.0412037037037037
