0 0.6231770833333333 0.8939814814814815 0.031510416666666666 0.055092592592592596
0 0.63828125 0.8638888888888889 0.025260416666666667 0.0375
0 0.63515625 0.8111111111111111 0.028125 0.05925925925925926
0 0.6348958333333333 0.7574074074074074 0.016927083333333332 0.034722222222222224
0 0.7505208333333333 0.7041666666666667 0.024739583333333332 0.038425925925925926
0 0.6919270833333333 0.7037037037037037 0.022135416666666668 0.04259259259259259
0 0.7359375 0.674074074074074 0.023177083333333334 0.02962962962962963
0 0.7122395833333334 0.6365740740740741 0.018229166666666668 0.03425925925925926
0 0.5565104166666667 0.638425925925926 0.019010416666666665 0.03564814814814815
0 0.5872395833333334 0.6736111111111112 0.01796875 0.03287037037037037
0 0.6216145833333333 0.7379629629629629 0.019010416666666665 0.05416666666666667
0 0.59453125 0.7060185185185185 0.011979166666666667 0.024537037037037038
0 0.5682291666666667 0.7157407407407408 0.022135416666666668 0.034722222222222224
0 0.5911458333333334 0.8055555555555556 0.03359375 0.060648148148148145
0 0.5322916666666667 0.8203703703703704 0.026822916666666665 0.10416666666666667
0 0.5140625 0.6319444444444444 0.016927083333333332 0.024074074074074074
0 0.5125 0.6236111111111111 0.019270833333333334 0.029166666666666667
0 0.5098958333333333 0.8194444444444444 0.02109375 0.052314814814814814
0 0.5346354166666667 0.8537037037037037 0.025520833333333333 0.03935185185185185
0 0.5609375 0.8773148148148148 0.024479166666666666 0.03287037037037037
0 0.4505208333333333 0.6300925925925925 0.022135416666666668 0.05462962962962963
0 0.3606770833333333 0.7805555555555556 0.0765625 0.06898148148148148
0 0.5447916666666667 0.5671296296296297 0.03229166666666667 0.04212962962962963
0 0.43203125 0.6143518518518518 0.030989583333333334 0.03657407407407407
0 0.33098958333333334 0.5995370370370371 0.06484375 0.060648148148148145
0 0.22083333333333333 0.587037037037037 0.03515625 0.055092592592592596
0 0.29348958333333336 0.5842592592592593 0.029947916666666668 0.034722222222222224
0 0.5234375 0.5115740740740741 0.02109375 0.047685185185185185
0 0.34791666666666665 0.5523148148148148 0.016666666666666666 0.03148148148148148
0 0.49505208333333334 0.3592592592592593 0.02109375 0.03796296296296296
0 0.6473958333333333 0.7949074074074074 0.017708333333333333 0.04398148148148148
0 0.16875 0.06666666666666667 0.02734375 0.044444444444444446
0 0.32109375 0.6027777777777777 0.009114583333333334 0.020833333333333332
0 0.33098958333333334 0.6055555555555555 0.017447916666666667 0.03518518518518519
0 0.34453125 0.612037037037037 0.015364583333333333 0.024074074074074074
0 0.35494791666666664 0.6180555555555556 0.01328125 0.032407407407407406
0 0.33619791666666665 0.7796296296296297 0.012239583333333333 0.02962962962962963
0 0.3497395833333333 0.7805555555555556 0.014322916666666666 0.03981481481481482
0 0.3645833333333333 0.7847222222222222 0.012760416666666666 0.03657407407407407
0 0.38125 0.7930555555555555 0.020052083333333335 0.028703703703703703
