0 0.6216145833333333 0.8805555555555555 0.031510416666666666 0.055092592592592596
0 0.6377604166666667 0.8393518518518519 0.0265625 0.03935185185185185
0 0.6346354166666667 0.7842592592592592 0.028125 0.05925925925925926
0 0.6348958333333333 0.7319444444444444 0.017708333333333333 0.03657407407407407
0 0.7505208333333333 0.6796296296296296 0.024739583333333332 0.038425925925925926
0 0.6921875 0.6787037037037037 0.022135416666666668 0.04259259259259259
0 0.7354166666666667 0.6504629629629629 0.023177083333333334 0.02962962962962963
0 0.7122395833333334 0.6134259259259259 0.018229166666666668 0.03425925925925926
0 0.5572916666666666 0.6106481481481482 0.019010416666666665 0.03564814814814815
0 0.5854166666666667 0.6509259259259259 0.01796875 0.03287037037037037
0 0.6205729166666667 0.7129629629629629 0.01796875 0.05138888888888889
0 0.5934895833333333 0.6865740740740741 0.012760416666666666 0.025925925925925925
0 0.56484375 0.6962962962962963 0.022135416666666668 0.034722222222222224
0 0.5888020833333333 0.7787037037037037 0.03515625 0.06342592592592593
0 0.53046875 0.7935185185185185 0.026822916666666665 0.10416666666666667
0 0.5145833333333333 0.6083333333333333 0.016927083333333332 0.024074074074074074
0 0.5125 0.5990740740740741 0.019270833333333334 0.029166666666666667
0 0.51171875 0.7925925925925926 0.02109375 0.052314814814814814
0 0.53203125 0.8287037037037037 0.026822916666666665 0.0412037037037037
0 0.5606770833333333 0.8476851851851852 0.023177083333333334 0.031018518518518518
0 0.4518229166666667 0.6111111111111112 0.02109375 0.05185185185185185
0 0.35598958333333336 0.7532407407407408 0.07291666666666667 0.06574074074074074
0 0.5440104166666667 0.5444444444444444 0.03229166666666667 0.04212962962962963
0 0.42083333333333334 0.5930555555555556 0.030989583333333334 0.03657407407407407
0 0.3229166666666667 0.5712962962962963 0.06484375 0.060648148148148145
0 0.21666666666666667 0.5597222222222222 0.03359375 0.05277777777777778
0 0.28359375 0.5518518518518518 0.026822916666666665 0.043055555555555555
0 0.5239583333333333 0.487962962962963 0.02109375 0.047685185185185185
0 0.3489583333333333 0.5194444444444445 0.017708333333333333 0.03287037037037037
0 0.49322916666666666 0.3263888888888889 0.022135416666666668 0.03981481481481482
0 0.6471354166666666 0.7703703703703704 0.016927083333333332 0.041666666666666664
0 0.16875 0.04583333333333333 0.02734375 0.044444444444444446
0 0.3307291666666667 0.750462962962963 0.012760416666666666 0.03333333333333333
0 0.34427083333333336 0.7462962962962963 0.019010416666666665 0.0375
0 0.3575520833333333 0.7606481481481482 0.01640625 0.03148148148148148
0 0.3729166666666667 0.7620370370370371 0.02109375 0.03425925925925926
0 0.32005208333333335 0.5768518518518518 0.026822916666666665 0.038425925925925926
0 0.33671875 0.5824074074074074 0.01640625 0.03148148148148148
0 0.34869791666666666 0.586574074074074 0.01328125 0.038425925925925926
