0 0.6223958333333334 0.8629629629629629 0.03307291666666667 0.05787037037037037
0 0.63359375 0.8143518518518519 0.027864583333333335 0.0412037037037037
0 0.6317708333333333 0.7657407407407407 0.026822916666666665 0.05648148148148148
0 0.6354166666666666 0.711574074074074 0.01875 0.038425925925925926
0 0.74921875 0.6537037037037037 0.024739583333333332 0.038425925925925926
0 0.69296875 0.6592592592592592 0.022135416666666668 0.04259259259259259
0 0.7372395833333333 0.6291666666666667 0.023177083333333334 0.02962962962962963
0 0.7111979166666667 0.5888888888888889 0.018229166666666668 0.03425925925925926
0 0.5604166666666667 0.5888888888888889 0.019010416666666665 0.03564814814814815
0 0.5848958333333333 0.6222222222222222 0.015364583333333333 0.02638888888888889
0 0.6174479166666667 0.6884259259259259 0.0171875 0.049074074074074076
0 0.5942708333333333 0.662962962962963 0.012760416666666666 0.025925925925925925
0 0.5627604166666667 0.6773148148148148 0.022135416666666668 0.034722222222222224
0 0.5880208333333333 0.7537037037037037 0.03515625 0.06342592592592593
0 0.5302083333333333 0.7685185185185185 0.026822916666666665 0.10416666666666667
0 0.51484375 0.586574074074074 0.016927083333333332 0.024074074074074074
0 0.5190104166666667 0.5773148148148148 0.018229166666666668 0.027777777777777776
0 0.5122395833333333 0.7587962962962963 0.02109375 0.052314814814814814
0 0.5299479166666666 0.799074074074074 0.025520833333333333 0.03935185185185185
0 0.5572916666666666 0.8245370370370371 0.022135416666666668 0.02962962962962963
0 0.4515625 0.5888888888888889 0.02109375 0.05185185185185185
0 0.353125 0.7277777777777777 0.06953125 0.0625
0 0.5434895833333333 0.524074074074074 0.03229166666666667 0.04212962962962963
0 0.4158854166666667 0.5712962962962963 0.029427083333333333 0.034722222222222224
0 0.31484375 0.5462962962962963 0.06796875 0.06388888888888888
0 0.21536458333333333 0.5365740740740741 0.03177083333333333 0.05
0 0.27447916666666666 0.5189814814814815 0.024479166666666666 0.03935185185185185
0 0.5244791666666667 0.4685185185185185 0.02109375 0.047685185185185185
0 0.346875 0.49212962962962964 0.018489583333333334 0.034722222222222224
0 0.49322916666666666 0.2986111111111111 0.02109375 0.03796296296296296
0 0.64765625 0.7467592592592592 0.016145833333333335 0.03981481481481482
0 0.16953125 0.022222222222222223 0.024739583333333332 0.04259259259259259
0 0.3111979166666667 0.5518518518518518 0.023697916666666666 0.024537037037037038
0 0.32916666666666666 0.5560185185185185 0.013802083333333333 0.020370370370370372
0 0.3411458333333333 0.5597222222222222 0.010677083333333334 0.03148148148148148
0 0.3268229166666667 0.725 0.01328125 0.026851851851851852
0 0.33932291666666664 0.7240740740740741 0.015364583333333333 0.032407407407407406
0 0.3546875 0.7305555555555555 0.01796875 0.03333333333333333
0 0.3731770833333333 0.7347222222222223 0.014322916666666666 0.03148148148148148
