0 0.6208333333333333 0.8722222222222222 0.03307291666666667 0.05787037037037037
0 0.6346354166666667 0.8273148148148148 0.027864583333333335 0.0412037037037037
0 0.6328125 0.7773148148148148 0.028125 0.05925925925925926
0 0.6338541666666667 0.7226851851851852 0.01875 0.038425925925925926
0 0.7502604166666667 0.6685185185185185 0.024739583333333332 0.038425925925925926
0 0.6919270833333333 0.6694444444444444 0.022135416666666668 0.04259259259259259
0 0.7364583333333333 0.6407407407407407 0.021875 0.02824074074074074
0 0.7114583333333333 0.6037037037037037 0.018229166666666668 0.03425925925925926
0 0.559375 0.600462962962963 0.019010416666666665 0.03564814814814815
0 0.5859375 0.6319444444444444 0.014583333333333334 0.025
0 0.6200520833333333 0.7018518518518518 0.0171875 0.049074074074074076
0 0.5934895833333333 0.6726851851851852 0.012760416666666666 0.025925925925925925
0 0.56328125 0.6875 0.023177083333333334 0.03657407407407407
0 0.58828125 0.7685185185185185 0.03515625 0.06342592592592593
0 0.5291666666666667 0.7824074074074074 0.026822916666666665 0.10416666666666667
0 0.5145833333333333 0.5986111111111111 0.016927083333333332 0.024074074074074074
0 0.5127604166666667 0.5893518518518519 0.019270833333333334 0.029166666666666667
0 0.5127604166666667 0.7777777777777778 0.02109375 0.052314814814814814
0 0.5325520833333334 0.8115740740740741 0.026822916666666665 0.0412037037037037
0 0.5588541666666667 0.8379629629629629 0.023177083333333334 0.031018518518518518
0 0.4515625 0.6023148148148149 0.02109375 0.05185185185185185
0 0.3546875 0.7421296296296296 0.07291666666666667 0.06574074074074074
0 0.54375 0.5361111111111111 0.03229166666666667 0.04212962962962963
0 0.4158854166666667 0.5828703703703704 0.029427083333333333 0.034722222222222224
0 0.3184895833333333 0.5606481481481481 0.06796875 0.06388888888888888
0 0.215625 0.5472222222222223 0.03359375 0.05277777777777778
0 0.2791666666666667 0.5407407407407407 0.025520833333333333 0.0412037037037037
0 0.52421875 0.47962962962962963 0.02109375 0.047685185185185185
0 0.34817708333333336 0.5074074074074074 0.017708333333333333 0.03287037037037037
0 0.49375 0.3138888888888889 0.022135416666666668 0.03981481481481482
0 0.646875 0.7583333333333333 0.016927083333333332 0.041666666666666664
0 0.31744791666666666 0.5662037037037037 0.02265625 0.0375
0 0.33229166666666665 0.5717592592592593 0.016927083333333332 0.02824074074074074
0 0.34270833333333334 0.5768518518518518 0.012760416666666666 0.038425925925925926
0 0.32916666666666666 0.7398148148148148 0.012760416666666666 0.02824074074074074
0 0.34479166666666666 0.7388888888888889 0.019010416666666665 0.032407407407407406
0 0.3575520833333333 0.7462962962962963 0.015364583333333333 0.03564814814814815
0 0.3729166666666667 0.7523148148148148 0.02109375 0.02546296296296296
0 0.16953125 0.03287037037037037 0.021614583333333333 0.04675925925925926
