0 0.625 0.9101851851851852 0.029947916666666668 0.052314814814814814
0 0.6427083333333333 0.8546296296296296 0.025260416666666667 0.0375
0 0.63515625 0.8328703703703704 0.0296875 0.0625
0 0.6359375 0.7805555555555556 0.016145833333333335 0.03287037037037037
0 0.75 0.7273148148148149 0.0234375 0.03657407407407407
0 0.6924479166666667 0.725925925925926 0.023177083333333334 0.04490740740740741
0 0.7375 0.6958333333333333 0.023177083333333334 0.02962962962962963
0 0.7127604166666667 0.6587962962962963 0.019270833333333334 0.03611111111111111
0 0.5541666666666667 0.6648148148148149 0.020052083333333335 0.037037037037037035
0 0.5869791666666667 0.6949074074074074 0.01796875 0.03287037037037037
0 0.61640625 0.7518518518518519 0.019010416666666665 0.05416666666666667
0 0.5942708333333333 0.7226851851851852 0.011979166666666667 0.024537037037037038
0 0.5677083333333334 0.7416666666666667 0.023958333333333335 0.044444444444444446
0 0.59296875 0.8342592592592593 0.03359375 0.060648148148148145
0 0.534375 0.8472222222222222 0.025520833333333333 0.09907407407407408
0 0.5145833333333333 0.6546296296296297 0.016927083333333332 0.024074074074074074
0 0.5125 0.6472222222222223 0.019270833333333334 0.029166666666666667
0 0.5096354166666667 0.8550925925925926 0.022395833333333334 0.055092592592592596
0 0.53984375 0.875462962962963 0.028125 0.043055555555555555
0 0.5625 0.9013888888888889 0.024479166666666666 0.03287037037037037
0 0.4510416666666667 0.6537037037037037 0.023177083333333334 0.05694444444444444
0 0.3653645833333333 0.8092592592592592 0.07291666666666667 0.06574074074074074
0 0.54453125 0.5893518518518519 0.03229166666666667 0.04212962962962963
0 0.446875 0.6296296296296297 0.032552083333333336 0.038425925925925926
0 0.34010416666666665 0.6291666666666667 0.06484375 0.060648148148148145
0 0.22578125 0.6125 0.03697916666666667 0.05787037037037037
0 0.30078125 0.6129629629629629 0.022395833333333334 0.020833333333333332
0 0.5234375 0.5347222222222222 0.020052083333333335 0.04537037037037037
0 0.34348958333333335 0.5875 0.016666666666666666 0.03148148148148148
0 0.496875 0.3925925925925926 0.022135416666666668 0.03981481481481482
0 0.6486979166666667 0.8231481481481482 0.01875 0.046296296296296294
0 0.16796875 0.08796296296296297 0.02734375 0.044444444444444446
0 0.3302083333333333 0.6324074074074074 0.01484375 0.02962962962962963
0 0.34427083333333336 0.6333333333333333 0.01484375 0.033796296296296297
0 0.3575520833333333 0.638425925925926 0.009114583333333334 0.027314814814814816
0 0.36666666666666664 0.649074074074074 0.009635416666666667 0.030555555555555555
0 0.340625 0.8037037037037037 0.013802083333333333 0.024537037037037038
0 0.3533854166666667 0.8027777777777778 0.018489583333333334 0.038425925925925926
0 0.36822916666666666 0.8143518518518519 0.013802083333333333 0.03148148148148148
0 0.3859375 0.8189814814814815 0.020052083333333335 0.032407407407407406
