0 0.6231770833333333 0.9023148148148148 0.029947916666666668 0.052314814814814814
0 0.6393229166666666 0.875462962962963 0.025260416666666667 0.0375
0 0.6361979166666667 0.8222222222222222 0.0296875 0.0625
0 0.6354166666666666 0.7680555555555556 0.016927083333333332 0.034722222222222224
0 0.75 0.7148148148148148 0.0234375 0.03657407407407407
0 0.6916666666666667 0.7129629629629629 0.022135416666666668 0.04259259259259259
0 0.7369791666666666 0.687037037037037 0.023177083333333334 0.02962962962962963
0 0.7127604166666667 0.649537037037037 0.018229166666666668 0.03425925925925926
0 0.5559895833333334 0.65 0.020052083333333335 0.037037037037037035
0 0.5861979166666667 0.6833333333333333 0.01796875 0.03287037037037037
0 0.6208333333333333 0.7462962962962963 0.01796875 0.05138888888888889
0 0.59453125 0.7134259259259259 0.011979166666666667 0.024537037037037038
0 0.56875 0.725925925925926 0.022135416666666668 0.034722222222222224
0 0.5921875 0.8203703703703704 0.03515625 0.06342592592592593
0 0.5341145833333333 0.8337962962962963 0.026822916666666665 0.10416666666666667
0 0.5145833333333333 0.6449074074074074 0.016927083333333332 0.024074074074074074
0 0.5122395833333333 0.6347222222222222 0.019270833333333334 0.029166666666666667
0 0.5109375 0.8356481481481481 0.02109375 0.052314814814814814
0 0.5348958333333333 0.8675925925925926 0.026822916666666665 0.0412037037037037
0 0.5625 0.8898148148148148 0.024479166666666666 0.03287037037037037
0 0.45208333333333334 0.6425925925925926 0.022135416666666668 0.05462962962962963
0 0.36276041666666664 0.7953703703703704 0.07291666666666667 0.06574074074074074
0 0.5450520833333333 0.5782407407407407 0.03229166666666667 0.04212962962962963
0 0.43671875 0.6240740740740741 0.030989583333333334 0.03657407407407407
0 0.33541666666666664 0.6143518518518518 0.06484375 0.060648148148148145
0 0.22291666666666668 0.5995370370370371 0.03515625 0.055092592592592596
0 0.29791666666666666 0.5995370370370371 0.027864583333333335 0.031018518518518518
0 0.5234375 0.5226851851851851 0.02109375 0.047685185185185185
0 0.34479166666666666 0.5731481481481482 0.016666666666666666 0.03148148148148148
0 0.49635416666666665 0.3768518518518518 0.022135416666666668 0.03981481481481482
0 0.6484375 0.8097222222222222 0.017708333333333333 0.04398148148148148
0 0.16822916666666668 0.07731481481481481 0.02734375 0.044444444444444446
0 0.32447916666666665 0.6157407407407407 0.015885416666666666 0.024537037037037038
0 0.3421875 0.6231481481481481 0.019010416666666665 0.044444444444444446
0 0.3494791666666667 0.6296296296296297 0.01171875 0.02638888888888889
0 0.35989583333333336 0.6324074074074074 0.013802083333333333 0.03564814814814815
0 0.3380208333333333 0.7967592592592593 0.010677083333333334 0.03009259259259259
0 0.3533854166666667 0.7916666666666666 0.014322916666666666 0.03657407407407407
0 0.3658854166666667 0.7981481481481482 0.01328125 0.04259259259259259
0 0.38255208333333335 0.8069444444444445 0.01640625 0.032407407407407406
