0 0.6260416666666667 0.8384259259259259 0.031510416666666666 0.055092592592592596
0 0.6372395833333333 0.7763888888888889 0.027864583333333335 0.0412037037037037
0 0.63203125 0.7268518518518519 0.026822916666666665 0.05648148148148148
0 0.6364583333333333 0.6782407407407407 0.01875 0.038425925925925926
0 0.7502604166666667 0.6134259259259259 0.024739583333333332 0.038425925925925926
0 0.69296875 0.6268518518518519 0.023177083333333334 0.04490740740740741
0 0.7356770833333334 0.5907407407407408 0.023177083333333334 0.02962962962962963
0 0.7145833333333333 0.5606481481481481 0.018229166666666668 0.03425925925925926
0 0.5598958333333334 0.5583333333333333 0.0171875 0.03194444444444444
0 0.5828125 0.5916666666666667 0.017708333333333333 0.030555555555555555
0 0.6182291666666667 0.6537037037037037 0.0171875 0.049074074074074076
0 0.5942708333333333 0.6277777777777778 0.011979166666666667 0.024537037037037038
0 0.5583333333333333 0.6421296296296296 0.023177083333333334 0.03657407407407407
0 0.5838541666666667 0.7129629629629629 0.03515625 0.06342592592592593
0 0.5283854166666667 0.725925925925926 0.026822916666666665 0.10416666666666667
0 0.5158854166666667 0.549074074074074 0.016927083333333332 0.024074074074074074
0 0.5174479166666667 0.5398148148148149 0.018229166666666668 0.027777777777777776
0 0.5125 0.700462962962963 0.0203125 0.05
0 0.5276041666666667 0.7518518518518519 0.026822916666666665 0.0412037037037037
0 0.5520833333333334 0.787962962962963 0.022135416666666668 0.02962962962962963
0 0.45260416666666664 0.549074074074074 0.02109375 0.05185185185185185
0 0.34739583333333335 0.6856481481481481 0.06953125 0.0625
0 0.5421875 0.4875 0.03229166666666667 0.04212962962962963
0 0.39739583333333334 0.5444444444444444 0.029427083333333333 0.034722222222222224
0 0.3033854166666667 0.5037037037037037 0.06796875 0.06388888888888888
0 0.20833333333333334 0.5032407407407408 0.03177083333333333 0.05
0 0.26953125 0.47962962962962963 0.025520833333333333 0.0412037037037037
0 0.5244791666666667 0.43194444444444446 0.020052083333333335 0.04537037037037037
0 0.34453125 0.4476851851851852 0.018489583333333334 0.034722222222222224
0 0.48802083333333335 0.24722222222222223 0.022135416666666668 0.03981481481481482
0 0.6458333333333334 0.712037037037037 0.016145833333333335 0.03981481481481482
0 0.5309895833333333 0.986574074074074 0.026302083333333334 0.02638888888888889
0 0.3216145833333333 0.6824074074074075 0.01640625 0.02962962962962963
0 0.33307291666666666 0.6828703703703703 0.018489583333333334 0.038425925925925926
0 0.35104166666666664 0.6912037037037037 0.02109375 0.03935185185185185
0 0.36640625 0.6930555555555555 0.017447916666666667 0.028703703703703703
0 0.3026041666666667 0.5092592592592593 0.022135416666666668 0.03564814814814815
0 0.3182291666666667 0.5143518518518518 0.012760416666666666 0.03333333333333333
0 0.32864583333333336 0.5185185185185185 0.013802083333333333 0.03518518518518519
