0 0.6247395833333333 0.8550925925925926 0.031510416666666666 0.055092592592592596
0 0.6356770833333333 0.8037037037037037 0.027864583333333335 0.0412037037037037
0 0.6309895833333333 0.7546296296296297 0.026822916666666665 0.05648148148148148
0 0.6348958333333333 0.700462962962963 0.01875 0.038425925925925926
0 0.7484375 0.6407407407407407 0.024739583333333332 0.038425925925925926
0 0.6927083333333334 0.6486111111111111 0.023177083333333334 0.04490740740740741
0 0.7359375 0.6175925925925926 0.02421875 0.031018518518518518
0 0.7119791666666667 0.5814814814814815 0.018229166666666668 0.03425925925925926
0 0.5606770833333333 0.5782407407407407 0.01796875 0.033796296296296297
0 0.5838541666666667 0.6097222222222223 0.016145833333333335 0.027777777777777776
0 0.61875 0.6782407407407407 0.0171875 0.049074074074074076
0 0.5942708333333333 0.6513888888888889 0.012760416666666666 0.025925925925925925
0 0.56171875 0.6657407407407407 0.023177083333333334 0.03657407407407407
0 0.5864583333333333 0.7412037037037037 0.03697916666666667 0.06666666666666667
0 0.52890625 0.7537037037037037 0.026822916666666665 0.10416666666666667
0 0.5151041666666667 0.5740740740740741 0.016927083333333332 0.024074074074074074
0 0.5166666666666667 0.5615740740740741 0.018229166666666668 0.027777777777777776
0 0.5122395833333333 0.7416666666666667 0.02109375 0.052314814814814814
0 0.5294270833333333 0.7824074074074074 0.025520833333333333 0.03935185185185185
0 0.55546875 0.8115740740740741 0.02109375 0.02824074074074074
0 0.45208333333333334 0.5768518518518518 0.02109375 0.05185185185185185
0 0.35130208333333335 0.7125 0.06953125 0.0625
0 0.5427083333333333 0.5115740740740741 0.03229166666666667 0.04212962962962963
0 0.4078125 0.562037037037037 0.029427083333333333 0.034722222222222224
0 0.31145833333333334 0.5324074074074074 0.06796875 0.06388888888888888
0 0.21328125 0.5236111111111111 0.03177083333333333 0.05
0 0.27317708333333335 0.5050925925925925 0.024479166666666666 0.03935185185185185
0 0.52421875 0.45555555555555555 0.02109375 0.047685185185185185
0 0.34609375 0.4787037037037037 0.018489583333333334 0.034722222222222224
0 0.49244791666666665 0.2824074074074074 0.022135416666666668 0.03981481481481482
0 0.64609375 0.737037037037037 0.016145833333333335 0.03981481481481482
0 0.31015625 0.5361111111111111 0.029947916666666668 0.03425925925925926
0 0.32864583333333336 0.5402777777777777 0.012760416666666666 0.029166666666666667
0 0.33697916666666666 0.5462962962962963 0.012760416666666666 0.03148148148148148
0 0.325 0.7092592592592593 0.009635416666666667 0.027314814814814816
0 0.3372395833333333 0.7074074074074074 0.01640625 0.0375
0 0.35130208333333335 0.7157407407407408 0.014322916666666666 0.04027777777777778
0 0.36770833333333336 0.7199074074074074 0.02109375 0.03657407407407407
