0 0.6255208333333333 0.8472222222222222 0.031510416666666666 0.055092592592592596
0 0.6361979166666667 0.7893518518518519 0.027864583333333335 0.0412037037037037
0 0.63046875 0.7425925925925926 0.026822916666666665 0.05648148148148148
0 0.6359375 0.6888888888888889 0.01875 0.038425925925925926
0 0.74921875 0.6277777777777778 0.024739583333333332 0.038425925925925926
0 0.69296875 0.638425925925926 0.022135416666666668 0.04259259259259259
0 0.7359375 0.6041666666666666 0.02421875 0.031018518518518518
0 0.7135416666666666 0.5712962962962963 0.018229166666666668 0.03425925925925926
0 0.5606770833333333 0.5662037037037037 0.0171875 0.03194444444444444
0 0.5828125 0.5972222222222222 0.016927083333333332 0.029166666666666667
0 0.6192708333333333 0.6652777777777777 0.0171875 0.049074074074074076
0 0.5942708333333333 0.6416666666666667 0.012760416666666666 0.025925925925925925
0 0.5591145833333333 0.6550925925925926 0.023177083333333334 0.03657407407407407
0 0.58515625 0.7263888888888889 0.03515625 0.06342592592592593
0 0.528125 0.7398148148148148 0.026822916666666665 0.10416666666666667
0 0.5158854166666667 0.562037037037037 0.016927083333333332 0.024074074074074074
0 0.51640625 0.549074074074074 0.018229166666666668 0.027777777777777776
0 0.5125 0.7212962962962963 0.0203125 0.05
0 0.5291666666666667 0.7662037037037037 0.026822916666666665 0.0412037037037037
0 0.55390625 0.8 0.02109375 0.02824074074074074
0 0.4518229166666667 0.562962962962963 0.02109375 0.05185185185185185
0 0.34921875 0.6990740740740741 0.06953125 0.0625
0 0.5424479166666667 0.49953703703703706 0.03229166666666667 0.04212962962962963
0 0.40182291666666664 0.5523148148148148 0.028125 0.03287037037037037
0 0.3067708333333333 0.5175925925925926 0.06796875 0.06388888888888888
0 0.20963541666666666 0.5125 0.03177083333333333 0.05
0 0.271875 0.4935185185185185 0.024479166666666666 0.03935185185185185
0 0.5247395833333334 0.4444444444444444 0.020052083333333335 0.04537037037037037
0 0.3458333333333333 0.4638888888888889 0.018489583333333334 0.034722222222222224
0 0.48984375 0.2638888888888889 0.022135416666666668 0.03981481481481482
0 0.6455729166666667 0.7236111111111111 0.015364583333333333 0.03796296296296296
0 0.32395833333333335 0.6981481481481482 0.015885416666666666 0.032407407407407406
0 0.3377604166666667 0.6967592592592593 0.01328125 0.04212962962962963
0 0.3502604166666667 0.7013888888888888 0.015364583333333333 0.03564814814814815
0 0.3690104166666667 0.7060185185185185 0.018489583333333334 0.030555555555555555
0 0.33229166666666665 0.5287037037037037 0.009635416666666667 0.03657407407407407
0 0.32447916666666665 0.5254629629629629 0.009635416666666667 0.02962962962962963
0 0.30703125 0.5231481481481481 0.029947916666666668 0.04259259259259259
