0 0.6174479166666667 0.9587962962962963 0.029947916666666668 0.052314814814814814
0 0.64375 0.9643518518518519 0.0265625 0.03935185185185185
0 0.6390625 0.9115740740740741 0.028125 0.05925925925925926
0 0.6377604166666667 0.8574074074074074 0.016927083333333332 0.034722222222222224
0 0.7619791666666667 0.7986111111111112 0.03567708333333333 0.034722222222222224
0 0.69375 0.8046296296296296 0.023177083333333334 0.04490740740740741
0 0.7479166666666667 0.7439814814814815 0.034375 0.049074074074074076
0 0.7328125 0.7125 0.034375 0.05555555555555555
0 0.55 0.7574074074074074 0.021875 0.0412037037037037
0 0.5895833333333333 0.775 0.01796875 0.03287037037037037
0 0.6244791666666667 0.8217592592592593 0.0171875 0.049074074074074076
0 0.5921875 0.8013888888888889 0.011979166666666667 0.024537037037037038
0 0.575 0.8180555555555555 0.022916666666666665 0.04212962962962963
0 0.5989583333333334 0.9199074074074074 0.03359375 0.060648148148148145
0 0.5393229166666667 0.9333333333333333 0.02421875 0.09444444444444444
0 0.5158854166666667 0.7291666666666666 0.016927083333333332 0.024074074074074074
0 0.5135416666666667 0.7236111111111111 0.018229166666666668 0.027777777777777776
0 0.51015625 0.9462962962962963 0.0234375 0.05787037037037037
0 0.54921875 0.986574074074074 0.020052083333333335 0.047685185185185185
0 0.5575520833333333 0.9824074074074074 0.025520833333333333 0.03425925925925926
0 0.45260416666666664 0.7314814814814815 0.02109375 0.05185185185185185
0 0.3776041666666667 0.8972222222222223 0.08880208333333334 0.07962962962962963
0 0.5432291666666667 0.6685185185185185 0.033854166666666664 0.044444444444444446
0 0.4544270833333333 0.7152777777777778 0.03411458333333333 0.04027777777777778
0 0.3684895833333333 0.7217592592592592 0.058854166666666666 0.055092592592592596
0 0.24791666666666667 0.7083333333333334 0.027604166666666666 0.03796296296296296
0 0.5263020833333333 0.6189814814814815 0.02109375 0.047685185185185185
0 0.3497395833333333 0.687037037037037 0.016666666666666666 0.03148148148148148
0 0.49557291666666664 0.4981481481481482 0.024479166666666666 0.04398148148148148
0 0.6510416666666666 0.8958333333333334 0.01953125 0.049074074074074076
0 0.16588541666666667 0.16157407407407406 0.02734375 0.044444444444444446
0 0.3528645833333333 0.9027777777777778 0.01640625 0.02638888888888889
0 0.3729166666666667 0.8699074074074075 0.02421875 0.030555555555555555
0 0.38385416666666666 0.9032407407407408 0.01171875 0.03564814814814815
0 0.4 0.9125 0.01484375 0.03981481481481482
0 0.35 0.7064814814814815 0.010677083333333334 0.02962962962962963
0 0.3606770833333333 0.7240740740740741 0.012239583333333333 0.03425925925925926
0 0.37213541666666666 0.7296296296296296 0.01015625 0.041666666666666664
0 0.39010416666666664 0.7375 0.01796875 0.037037037037037035
