0 0.61796875 0.9444444444444444 0.031510416666666666 0.055092592592592596
0 0.6424479166666667 0.9416666666666667 0.0265625 0.03935185185185185
0 0.6377604166666667 0.8875 0.028125 0.05925925925925926
0 0.6372395833333333 0.8356481481481481 0.016145833333333335 0.03287037037037037
0 0.7638020833333333 0.7819444444444444 0.022395833333333334 0.034722222222222224
0 0.6934895833333333 0.7833333333333333 0.022135416666666668 0.04259259259259259
0 0.75390625 0.7305555555555555 0.034375 0.049074074074074076
0 0.7270833333333333 0.6981481481481482 0.020052083333333335 0.03796296296296296
0 0.5510416666666667 0.7300925925925926 0.021875 0.0412037037037037
0 0.5880208333333333 0.7523148148148148 0.01796875 0.03287037037037037
0 0.6182291666666667 0.8027777777777778 0.01796875 0.05138888888888889
0 0.5893229166666667 0.7569444444444444 0.011979166666666667 0.024537037037037038
0 0.5721354166666667 0.8 0.023958333333333335 0.044444444444444446
0 0.5966145833333333 0.8962962962962963 0.03359375 0.060648148148148145
0 0.5393229166666667 0.9106481481481481 0.02421875 0.09444444444444444
0 0.5158854166666667 0.7083333333333334 0.016927083333333332 0.024074074074074074
0 0.5130208333333334 0.7023148148148148 0.018229166666666668 0.027777777777777776
0 0.5098958333333333 0.925 0.022395833333333334 0.055092592592592596
0 0.5450520833333333 0.9601851851851851 0.020052083333333335 0.047685185185185185
0 0.565625 0.9662037037037037 0.025520833333333333 0.03425925925925926
0 0.45234375 0.7097222222222223 0.02109375 0.05185185185185185
0 0.37447916666666664 0.8731481481481481 0.08880208333333334 0.07962962962962963
0 0.5432291666666667 0.6476851851851851 0.033854166666666664 0.044444444444444446
0 0.4588541666666667 0.6819444444444445 0.032552083333333336 0.038425925925925926
0 0.36276041666666664 0.6990740740740741 0.06484375 0.060648148148148145
0 0.23776041666666667 0.675 0.038802083333333334 0.06111111111111111
0 0.5239583333333333 0.5930555555555556 0.02109375 0.047685185185185185
0 0.3458333333333333 0.6606481481481481 0.016666666666666666 0.03148148148148148
0 0.49661458333333336 0.4689814814814815 0.023177083333333334 0.041666666666666664
0 0.65234375 0.8814814814814815 0.018489583333333334 0.04675925925925926
0 0.16640625 0.14166666666666666 0.02734375 0.044444444444444446
0 0.3494791666666667 0.8800925925925925 0.01796875 0.030555555555555555
0 0.36770833333333336 0.8527777777777777 0.02421875 0.02638888888888889
0 0.37890625 0.8777777777777778 0.01328125 0.03009259259259259
0 0.3971354166666667 0.8898148148148148 0.017447916666666667 0.03009259259259259
0 0.38723958333333336 0.7189814814814814 0.015364583333333333 0.024074074074074074
0 0.37734375 0.7152777777777778 0.01328125 0.02361111111111111
0 0.3671875 0.7055555555555556 0.023177083333333334 0.041666666666666664
0 0.3515625 0.6898148148148148 0.010677083333333334 0.03657407407407407
