0 0.6184895833333334 0.975 0.028645833333333332 0.05
0 0.6421875 0.9337962962962963 0.026822916666666665 0.05648148148148148
0 0.6377604166666667 0.8791666666666667 0.016927083333333332 0.034722222222222224
0 0.7661458333333333 0.8203703703703704 0.03567708333333333 0.034722222222222224
0 0.69453125 0.8291666666666667 0.02421875 0.04722222222222222
0 0.7479166666666667 0.7643518518518518 0.034375 0.049074074074074076
0 0.7294270833333333 0.7416666666666667 0.03619791666666667 0.058333333333333334
0 0.5505208333333333 0.787962962962963 0.021875 0.0412037037037037
0 0.5880208333333333 0.799074074074074 0.01796875 0.03287037037037037
0 0.6276041666666666 0.8421296296296297 0.015625 0.044444444444444446
0 0.5927083333333333 0.8236111111111111 0.011979166666666667 0.024537037037037038
0 0.5794270833333334 0.8379629629629629 0.022916666666666665 0.04212962962962963
0 0.5989583333333334 0.9453703703703704 0.03515625 0.06342592592592593
0 0.5388020833333333 0.9560185185185185 0.025520833333333333 0.0875
0 0.5166666666666667 0.750462962962963 0.017708333333333333 0.02546296296296296
0 0.5143229166666666 0.7462962962962963 0.018229166666666668 0.027777777777777776
0 0.5106770833333333 0.9717592592592592 0.022395833333333334 0.055092592592592596
0 0.453125 0.7537037037037037 0.02109375 0.05185185185185185
0 0.38046875 0.9208333333333333 0.08463541666666667 0.07592592592592592
0 0.5434895833333333 0.6893518518518519 0.033854166666666664 0.044444444444444446
0 0.45416666666666666 0.7398148148148148 0.030989583333333334 0.03657407407407407
0 0.37526041666666665 0.7486111111111111 0.058854166666666666 0.055092592592592596
0 0.253125 0.7337962962962963 0.03046875 0.041666666666666664
0 0.5263020833333333 0.6453703703703704 0.020052083333333335 0.04537037037037037
0 0.35494791666666664 0.7125 0.016666666666666666 0.03148148148148148
0 0.4953125 0.5328703703703703 0.024479166666666666 0.04398148148148148
0 0.6505208333333333 0.9175925925925926 0.01953125 0.049074074074074076
0 0.16536458333333334 0.18333333333333332 0.02734375 0.044444444444444446
0 0.61015625 0.8481481481481481 0.01484375 0.03935185185185185
0 0.3734375 0.8893518518518518 0.019010416666666665 0.03148148148148148
0 0.3575520833333333 0.9268518518518518 0.015364583333333333 0.024537037037037038
0 0.38776041666666666 0.9287037037037037 0.01328125 0.03657407407407407
0 0.4049479166666667 0.9356481481481481 0.015364583333333333 0.03333333333333333
0 0.40234375 0.7685185185185185 0.009114583333333334 0.021296296296296296
0 0.3924479166666667 0.762962962962963 0.009114583333333334 0.02638888888888889
0 0.37994791666666666 0.7546296296296297 0.01328125 0.04537037037037037
0 0.36484375 0.7490740740740741 0.011197916666666667 0.028703703703703703
0 0.35598958333333336 0.7328703703703704 0.01640625 0.022685185185185187
