0 0.61875 0.950462962962963 0.031510416666666666 0.055092592592592596
0 0.64296875 0.95 0.0265625 0.03935185185185185
0 0.6380208333333334 0.9 0.028125 0.05925925925925926
0 0.6372395833333333 0.8462962962962963 0.016145833333333335 0.03287037037037037
0 0.7614583333333333 0.788425925925926 0.03567708333333333 0.034722222222222224
0 0.6942708333333333 0.7935185185185185 0.022135416666666668 0.04259259259259259
0 0.7486979166666666 0.7388888888888889 0.034375 0.049074074074074076
0 0.7270833333333333 0.7074074074074074 0.0328125 0.05277777777777778
0 0.55078125 0.7407407407407407 0.021875 0.0412037037037037
0 0.5890625 0.762962962962963 0.0171875 0.03148148148148148
0 0.6234375 0.8111111111111111 0.0171875 0.049074074074074076
0 0.5927083333333333 0.7907407407407407 0.011979166666666667 0.024537037037037038
0 0.5729166666666666 0.8078703703703703 0.023958333333333335 0.044444444444444446
0 0.5979166666666667 0.9078703703703703 0.03359375 0.060648148148148145
0 0.5393229166666667 0.9208333333333333 0.02421875 0.09444444444444444
0 0.515625 0.7180555555555556 0.016927083333333332 0.024074074074074074
0 0.51328125 0.711574074074074 0.018229166666666668 0.027777777777777776
0 0.51015625 0.9347222222222222 0.0234375 0.05787037037037037
0 0.5489583333333333 0.9740740740740741 0.020052083333333335 0.047685185185185185
0 0.5661458333333333 0.975925925925926 0.025520833333333333 0.03425925925925926
0 0.45234375 0.7189814814814814 0.020052083333333335 0.04953703703703704
0 0.37604166666666666 0.8842592592592593 0.08880208333333334 0.07962962962962963
0 0.54375 0.6569444444444444 0.033854166666666664 0.044444444444444446
0 0.45651041666666664 0.6976851851851852 0.032552083333333336 0.038425925925925926
0 0.3671875 0.7106481481481481 0.06171875 0.05787037037037037
0 0.2453125 0.6986111111111111 0.027604166666666666 0.03796296296296296
0 0.525 0.6050925925925926 0.02109375 0.047685185185185185
0 0.34739583333333335 0.674074074074074 0.016666666666666666 0.03148148148148148
0 0.49557291666666664 0.48194444444444445 0.023177083333333334 0.041666666666666664
0 0.6520833333333333 0.8916666666666667 0.018489583333333334 0.04675925925925926
0 0.165625 0.15 0.02734375 0.044444444444444446
0 0.35234375 0.8888888888888888 0.015364583333333333 0.02638888888888889
0 0.37057291666666664 0.8592592592592593 0.02890625 0.03564814814814815
0 0.37942708333333336 0.8865740740740741 0.017447916666666667 0.04537037037037037
0 0.3971354166666667 0.9 0.018489583333333334 0.03888888888888889
0 0.39140625 0.7277777777777777 0.01640625 0.02824074074074074
0 0.37864583333333335 0.7231481481481481 0.009635416666666667 0.0375
0 0.36328125 0.7138888888888889 0.018489583333333334 0.03425925925925926
0 0.3515625 0.6972222222222222 0.019010416666666665 0.029166666666666667
