0 0.6239583333333333 0.924074074074074 0.029947916666666668 0.052314814814814814
0 0.63984375 0.9037037037037037 0.0265625 0.03935185185185185
0 0.6369791666666667 0.8490740740740741 0.0296875 0.0625
0 0.6354166666666666 0.8013888888888889 0.015364583333333333 0.03148148148148148
0 0.7526041666666666 0.7513888888888889 0.022395833333333334 0.034722222222222224
0 0.69296875 0.7486111111111111 0.02109375 0.040740740740740744
0 0.7403645833333333 0.711574074074074 0.023177083333333334 0.02962962962962963
0 0.715625 0.6814814814814815 0.020052083333333335 0.03796296296296296
0 0.5536458333333333 0.6902777777777778 0.021875 0.0412037037037037
0 0.58671875 0.7152777777777778 0.01796875 0.03287037037037037
0 0.61640625 0.7671296296296296 0.01796875 0.05138888888888889
0 0.5932291666666667 0.7402777777777778 0.011979166666666667 0.024537037037037038
0 0.57109375 0.7578703703703704 0.025260416666666667 0.04675925925925926
0 0.59453125 0.8578703703703704 0.03359375 0.060648148148148145
0 0.53515625 0.8703703703703703 0.02421875 0.09444444444444444
0 0.5151041666666667 0.6754629629629629 0.016927083333333332 0.024074074074074074
0 0.5122395833333333 0.6680555555555555 0.018229166666666668 0.027777777777777776
0 0.50859375 0.8833333333333333 0.022395833333333334 0.055092592592592596
0 0.5408854166666667 0.8986111111111111 0.0296875 0.04537037037037037
0 0.5622395833333333 0.924537037037037 0.026822916666666665 0.03611111111111111
0 0.4518229166666667 0.6731481481481482 0.023177083333333334 0.05694444444444444
0 0.3697916666666667 0.8337962962962963 0.0765625 0.06898148148148148
0 0.54453125 0.6125 0.03229166666666667 0.04212962962962963
0 0.4557291666666667 0.6444444444444445 0.032552083333333336 0.038425925925925926
0 0.3484375 0.6546296296296297 0.06484375 0.060648148148148145
0 0.22942708333333334 0.6342592592592593 0.038802083333333334 0.06111111111111111
0 0.5236979166666667 0.5560185185185185 0.020052083333333335 0.04537037037037037
0 0.34270833333333334 0.6185185185185185 0.016666666666666666 0.03148148148148148
0 0.496875 0.42083333333333334 0.022135416666666668 0.03981481481481482
0 0.6520833333333333 0.8421296296296297 0.01953125 0.049074074074074076
0 0.16796875 0.10972222222222222 0.02734375 0.044444444444444446
0 0.31588541666666664 0.6425925925925926 0.020572916666666666 0.02638888888888889
0 0.3458333333333333 0.6592592592592592 0.026302083333333334 0.03564814814814815
0 0.36744791666666665 0.6703703703703704 0.01953125 0.03333333333333333
0 0.3450520833333333 0.8310185185185185 0.012239583333333333 0.028703703703703703
0 0.36015625 0.8208333333333333 0.014322916666666666 0.04027777777777778
0 0.37578125 0.8398148148148148 0.018489583333333334 0.03657407407407407
0 0.390625 0.8490740740740741 0.016927083333333332 0.032407407407407406
