0 0.61796875 0.9694444444444444 0.029947916666666668 0.052314814814814814
0 0.64765625 0.9782407407407407 0.0265625 0.03935185185185185
0 0.6432291666666666 0.9222222222222223 0.028125 0.05925925925925926
0 0.6385416666666667 0.8689814814814815 0.016927083333333332 0.034722222222222224
0 0.7635416666666667 0.8097222222222222 0.03567708333333333 0.034722222222222224
0 0.6940104166666666 0.8166666666666667 0.02421875 0.04722222222222222
0 0.7510416666666667 0.7606481481481482 0.034375 0.049074074074074076
0 0.7299479166666667 0.7236111111111111 0.034375 0.05555555555555555
0 0.55078125 0.7731481481481481 0.021875 0.0412037037037037
0 0.5890625 0.7870370370370371 0.01796875 0.03287037037037037
0 0.62578125 0.8236111111111111 0.01640625 0.04675925925925926
0 0.5924479166666666 0.812962962962963 0.011979166666666667 0.024537037037037038
0 0.5763020833333333 0.8282407407407407 0.022916666666666665 0.04212962962962963
0 0.59921875 0.9328703703703703 0.03359375 0.060648148148148145
0 0.540625 0.9444444444444444 0.025520833333333333 0.0875
0 0.5161458333333333 0.7412037037037037 0.016927083333333332 0.024074074074074074
0 0.5140625 0.7342592592592593 0.018229166666666668 0.027777777777777776
0 0.5104166666666666 0.961574074074074 0.022395833333333334 0.055092592592592596
0 0.45260416666666664 0.7421296296296296 0.02109375 0.05185185185185185
0 0.37838541666666664 0.9101851851851852 0.08463541666666667 0.07592592592592592
0 0.5427083333333333 0.6768518518518518 0.033854166666666664 0.044444444444444446
0 0.45416666666666666 0.7277777777777777 0.032552083333333336 0.038425925925925926
0 0.37213541666666666 0.7351851851851852 0.055989583333333336 0.052314814814814814
0 0.25078125 0.7212962962962963 0.02890625 0.03981481481481482
0 0.5268229166666667 0.6314814814814815 0.02109375 0.047685185185185185
0 0.35234375 0.7023148148148148 0.016666666666666666 0.03148148148148148
0 0.4947916666666667 0.5138888888888888 0.024479166666666666 0.04398148148148148
0 0.6515625 0.912962962962963 0.01953125 0.049074074074074076
0 0.165625 0.1726851851851852 0.02734375 0.044444444444444446
0 0.61015625 0.836574074074074 0.01484375 0.03935185185185185
0 0.3567708333333333 0.9148148148148149 0.019010416666666665 0.034722222222222224
0 0.37578125 0.8810185185185185 0.020572916666666666 0.030555555555555555
0 0.38385416666666666 0.9171296296296296 0.01171875 0.032407407407407406
0 0.3997395833333333 0.924074074074074 0.01953125 0.040740740740740744
0 0.39791666666666664 0.7560185185185185 0.01171875 0.024074074074074074
0 0.3890625 0.7490740740740741 0.00859375 0.022222222222222223
0 0.37864583333333335 0.7402777777777778 0.016927083333333332 0.03935185185185185
0 0.365625 0.7328703703703704 0.013802083333333333 0.032407407407407406
