0 0.6229166666666667 0.9319444444444445 0.031510416666666666 0.055092592592592596
0 0.64296875 0.9175925925925926 0.0265625 0.03935185185185185
0 0.6385416666666667 0.8634259259259259 0.0296875 0.0625
0 0.6361979166666667 0.8125 0.015364583333333333 0.03148148148148148
0 0.75546875 0.7615740740740741 0.022395833333333334 0.034722222222222224
0 0.6932291666666667 0.7601851851851852 0.02109375 0.040740740740740744
0 0.74375 0.7152777777777778 0.023177083333333334 0.02962962962962963
0 0.7184895833333333 0.6912037037037037 0.02109375 0.03981481481481482
0 0.55234375 0.7018518518518518 0.021875 0.0412037037037037
0 0.58671875 0.725925925925926 0.01796875 0.03287037037037037
0 0.6184895833333334 0.7768518518518519 0.01796875 0.05138888888888889
0 0.59375 0.7555555555555555 0.011979166666666667 0.024537037037037038
0 0.5697916666666667 0.7800925925925926 0.023958333333333335 0.044444444444444446
0 0.5958333333333333 0.8712962962962963 0.03359375 0.060648148148148145
0 0.5361979166666667 0.8842592592592593 0.02421875 0.09444444444444444
0 0.5151041666666667 0.6847222222222222 0.016927083333333332 0.024074074074074074
0 0.5125 0.6787037037037037 0.018229166666666668 0.027777777777777776
0 0.5098958333333333 0.8962962962962963 0.022395833333333334 0.055092592592592596
0 0.5424479166666667 0.9347222222222222 0.019010416666666665 0.04537037037037037
0 0.5635416666666667 0.9384259259259259 0.025520833333333333 0.03425925925925926
0 0.45286458333333335 0.687037037037037 0.023177083333333334 0.05694444444444444
0 0.37109375 0.8472222222222222 0.08046875 0.07222222222222222
0 0.54296875 0.6231481481481481 0.03229166666666667 0.04212962962962963
0 0.45651041666666664 0.6541666666666667 0.030989583333333334 0.03657407407407407
0 0.35260416666666666 0.6694444444444444 0.06171875 0.05787037037037037
0 0.23255208333333333 0.6481481481481481 0.03697916666666667 0.05787037037037037
0 0.5236979166666667 0.5675925925925925 0.020052083333333335 0.04537037037037037
0 0.34479166666666666 0.6314814814814815 0.016666666666666666 0.03148148148148148
0 0.49661458333333336 0.4375 0.023177083333333334 0.041666666666666664
0 0.65234375 0.8560185185185185 0.018489583333333334 0.04675925925925926
0 0.16692708333333334 0.12037037037037036 0.02734375 0.044444444444444446
0 0.3453125 0.850925925925926 0.012760416666666666 0.040740740740740744
0 0.359375 0.8351851851851851 0.01796875 0.032407407407407406
0 0.3776041666666667 0.8546296296296296 0.015885416666666666 0.02962962962962963
0 0.3927083333333333 0.862037037037037 0.01484375 0.030555555555555555
0 0.3765625 0.6888888888888889 0.00859375 0.02638888888888889
0 0.365625 0.6777777777777778 0.01171875 0.024537037037037038
0 0.35 0.6712962962962963 0.02109375 0.02361111111111111
0 0.3294270833333333 0.6541666666666667 0.015364583333333333 0.030555555555555555
