0 0.6450520833333333 0.9467592592592593 0.026822916666666665 0.05648148148148148
0 0.63828125 0.8902777777777777 0.016927083333333332 0.034722222222222224
0 0.76796875 0.8314814814814815 0.03567708333333333 0.034722222222222224
0 0.6942708333333333 0.8393518518518519 0.02421875 0.04722222222222222
0 0.7346354166666667 0.7541666666666667 0.034375 0.049074074074074076
0 0.7549479166666667 0.7759259259259259 0.034375 0.05555555555555555
0 0.5502604166666667 0.8018518518518518 0.021875 0.0412037037037037
0 0.58671875 0.8087962962962963 0.01796875 0.03287037037037037
0 0.6278645833333333 0.8527777777777777 0.01640625 0.04675925925925926
0 0.5924479166666666 0.8333333333333334 0.0125 0.025925925925925925
0 0.58046875 0.8486111111111111 0.022916666666666665 0.04212962962962963
0 0.5997395833333333 0.9578703703703704 0.03515625 0.06342592592592593
0 0.5411458333333333 0.9666666666666667 0.025520833333333333 0.0875
0 0.51640625 0.7620370370370371 0.01875 0.02638888888888889
0 0.5145833333333333 0.7574074074074074 0.018229166666666668 0.027777777777777776
0 0.5075520833333333 0.9856481481481482 0.02109375 0.052314814814814814
0 0.453125 0.7657407407407407 0.022135416666666668 0.05462962962962963
0 0.3815104166666667 0.9319444444444445 0.08463541666666667 0.07592592592592592
0 0.5434895833333333 0.6995370370370371 0.033854166666666664 0.044444444444444446
0 0.4544270833333333 0.7518518518518519 0.030989583333333334 0.03657407407407407
0 0.37604166666666666 0.7597222222222222 0.06171875 0.05787037037037037
0 0.25729166666666664 0.7490740740740741 0.03046875 0.041666666666666664
0 0.5252604166666667 0.6592592592592592 0.02109375 0.047685185185185185
0 0.3575520833333333 0.725 0.017708333333333333 0.03287037037037037
0 0.49609375 0.5513888888888889 0.025520833333333333 0.046296296296296294
0 0.653125 0.9305555555555556 0.020572916666666666 0.05138888888888889
0 0.16510416666666666 0.19444444444444445 0.028645833333333332 0.04675925925925926
0 0.6096354166666667 0.8601851851851852 0.01484375 0.03935185185185185
0 0.3609375 0.9412037037037037 0.01796875 0.029166666666666667
0 0.3776041666666667 0.9069444444444444 0.025260416666666667 0.030555555555555555
0 0.39010416666666664 0.9481481481481482 0.01171875 0.032407407407407406
0 0.4041666666666667 0.950925925925926 0.019010416666666665 0.040740740740740744
0 0.403125 0.7805555555555556 0.012760416666666666 0.027777777777777776
0 0.3963541666666667 0.7800925925925926 0.01171875 0.020370370370370372
0 0.38125 0.7675925925925926 0.01796875 0.04351851851851852
0 0.36822916666666666 0.7657407407407407 0.01484375 0.03009259259259259
0 0.3575520833333333 0.7458333333333333 0.017447916666666667 0.020370370370370372
