0 0.6244791666666667 0.9171296296296296 0.029947916666666668 0.052314814814814814
0 0.6390625 0.8925925925925926 0.025260416666666667 0.0375
0 0.6346354166666667 0.8393518518518519 0.0296875 0.0625
0 0.6359375 0.7888888888888889 0.015364583333333333 0.03148148148148148
0 0.75078125 0.7384259259259259 0.022395833333333334 0.034722222222222224
0 0.6927083333333334 0.7361111111111112 0.022135416666666668 0.04259259259259259
0 0.7388020833333333 0.7018518518518518 0.023177083333333334 0.02962962962962963
0 0.7143229166666667 0.6694444444444444 0.019270833333333334 0.03611111111111111
0 0.5541666666666667 0.6754629629629629 0.020833333333333332 0.03888888888888889
0 0.5869791666666667 0.7032407407407407 0.01796875 0.03287037037037037
0 0.6166666666666667 0.7601851851851852 0.01796875 0.05138888888888889
0 0.5950520833333334 0.7342592592592593 0.011979166666666667 0.024537037037037038
0 0.5692708333333333 0.7490740740740741 0.023958333333333335 0.044444444444444446
0 0.5940104166666667 0.8449074074074074 0.03203125 0.05740740740740741
0 0.534375 0.8574074074074074 0.02421875 0.09444444444444444
0 0.5145833333333333 0.663425925925926 0.016927083333333332 0.024074074074074074
0 0.5125 0.6564814814814814 0.019270833333333334 0.029166666666666667
0 0.5091145833333334 0.8680555555555556 0.022395833333333334 0.055092592592592596
0 0.5408854166666667 0.8916666666666667 0.0296875 0.04537037037037037
0 0.5622395833333333 0.9115740740740741 0.025520833333333333 0.03425925925925926
0 0.4515625 0.6620370370370371 0.023177083333333334 0.05694444444444444
0 0.36744791666666665 0.8203703703703704 0.07291666666666667 0.06574074074074074
0 0.5447916666666667 0.6 0.03229166666666667 0.04212962962962963
0 0.45260416666666664 0.6333333333333333 0.03411458333333333 0.04027777777777778
0 0.34296875 0.6393518518518518 0.06484375 0.060648148148148145
0 0.22838541666666667 0.6222222222222222 0.03697916666666667 0.05787037037037037
0 0.5236979166666667 0.5449074074074074 0.020052083333333335 0.04537037037037037
0 0.34270833333333334 0.6023148148148149 0.016666666666666666 0.03148148148148148
0 0.49713541666666666 0.40555555555555556 0.022135416666666668 0.03981481481481482
0 0.6513020833333333 0.8324074074074074 0.01953125 0.049074074074074076
0 0.16770833333333332 0.09722222222222222 0.02734375 0.044444444444444446
0 0.3893229166666667 0.8347222222222223 0.01953125 0.02824074074074074
0 0.3736979166666667 0.8296296296296296 0.015364583333333333 0.041666666666666664
0 0.359375 0.8175925925925925 0.01796875 0.04351851851851852
0 0.34453125 0.8217592592592593 0.017447916666666667 0.04212962962962963
0 0.3338541666666667 0.6425925925925926 0.016927083333333332 0.02962962962962963
0 0.346875 0.6435185185185185 0.015885416666666666 0.03981481481481482
0 0.3640625 0.6546296296296297 0.019010416666666665 0.03333333333333333
0 0.3125 0.6277777777777778 0.016927083333333332 0.02638888888888889
