0 0.6390625 0.9333333333333333 0.016927083333333332 0.034722222222222224
0 0.771875 0.874537037037037 0.03567708333333333 0.034722222222222224
0 0.69375 0.8810185185185185 0.02421875 0.04722222222222222
0 0.7361979166666667 0.7935185185185185 0.034375 0.049074074074074076
0 0.7544270833333333 0.8152777777777778 0.0328125 0.05277777777777778
0 0.5502604166666667 0.8541666666666666 0.021875 0.0412037037037037
0 0.5802083333333333 0.8569444444444444 0.01875 0.034722222222222224
0 0.6333333333333333 0.8912037037037037 0.019010416666666665 0.05416666666666667
0 0.5893229166666667 0.8680555555555556 0.0125 0.025925925925925925
0 0.584375 0.888425925925926 0.022916666666666665 0.04212962962962963
0 0.51640625 0.8046296296296296 0.017708333333333333 0.02546296296296296
0 0.5140625 0.8 0.018229166666666668 0.027777777777777776
0 0.45416666666666666 0.8078703703703703 0.023177083333333334 0.05694444444444444
0 0.384375 0.9787037037037037 0.08463541666666667 0.07592592592592592
0 0.5442708333333334 0.737037037037037 0.03229166666666667 0.04212962962962963
0 0.4552083333333333 0.7967592592592593 0.03567708333333333 0.04212962962962963
0 0.38203125 0.8074074074074075 0.06171875 0.05787037037037037
0 0.2703125 0.8023148148148148 0.03046875 0.041666666666666664
0 0.5213541666666667 0.7078703703703704 0.02109375 0.047685185185185185
0 0.3653645833333333 0.7694444444444445 0.017708333333333333 0.03287037037037037
0 0.49453125 0.6074074074074074 0.025520833333333333 0.046296296296296294
0 0.16588541666666667 0.23472222222222222 0.028645833333333332 0.04675925925925926
0 0.6096354166666667 0.9013888888888889 0.01640625 0.04351851851851852
0 0.36432291666666666 0.9851851851851852 0.01953125 0.02546296296296296
0 0.3924479166666667 0.9875 0.014322916666666666 0.025
0 0.409375 0.9861111111111112 0.01796875 0.027314814814814816
0 0.384375 0.9546296296296296 0.023177083333333334 0.02638888888888889
0 0.40598958333333335 0.8282407407407407 0.017447916666666667 0.02361111111111111
0 0.3893229166666667 0.8101851851851852 0.015364583333333333 0.02546296296296296
0 0.37421875 0.8060185185185185 0.01953125 0.03425925925925926
