0 0.6385416666666667 0.9444444444444444 0.016927083333333332 0.034722222222222224
0 0.7716145833333333 0.8842592592592593 0.03567708333333333 0.034722222222222224
0 0.6942708333333333 0.8916666666666667 0.02421875 0.04722222222222222
0 0.7325520833333333 0.7981481481481482 0.034375 0.049074074074074076
0 0.7557291666666667 0.825925925925926 0.0328125 0.05277777777777778
0 0.5505208333333333 0.8657407407407407 0.020833333333333332 0.03888888888888889
0 0.5791666666666667 0.8708333333333333 0.01875 0.034722222222222224
0 0.63203125 0.9037037037037037 0.019010416666666665 0.05416666666666667
0 0.58984375 0.8796296296296297 0.0125 0.025925925925925925
0 0.5856770833333333 0.9004629629629629 0.022916666666666665 0.04212962962962963
0 0.5161458333333333 0.8148148148148148 0.017708333333333333 0.02546296296296296
0 0.5143229166666666 0.8101851851851852 0.018229166666666668 0.027777777777777776
0 0.4549479166666667 0.8157407407407408 0.022135416666666668 0.05462962962962963
0 0.3888020833333333 0.987037037037037 0.08463541666666667 0.07592592592592592
0 0.5440104166666667 0.7462962962962963 0.03229166666666667 0.04212962962962963
0 0.4549479166666667 0.8083333333333333 0.03567708333333333 0.04212962962962963
0 0.38333333333333336 0.8166666666666667 0.06171875 0.05787037037037037
0 0.27239583333333334 0.8143518518518519 0.03046875 0.041666666666666664
0 0.5216145833333333 0.7199074074074074 0.022135416666666668 0.050462962962962966
0 0.36822916666666666 0.7796296296296297 0.018489583333333334 0.034722222222222224
0 0.49322916666666666 0.6212962962962963 0.025520833333333333 0.046296296296296294
0 0.16640625 0.24444444444444444 0.028645833333333332 0.04675925925925926
0 0.6088541666666667 0.9138888888888889 0.0171875 0.04537037037037037
0 0.3848958333333333 0.9625 0.022135416666666668 0.02962962962962963
0 0.36614583333333334 0.9912037037037037 0.01171875 0.01712962962962963
0 0.38984375 0.8245370370370371 0.01328125 0.02962962962962963
0 0.40911458333333334 0.8384259259259259 0.01640625 0.027314814814814816
0 0.37526041666666665 0.825462962962963 0.01328125 0.03148148148148148
0 0.36276041666666664 0.812962962962963 0.017447916666666667 0.02638888888888889
