0 0.6393229166666666 0.9652777777777778 0.016927083333333332 0.034722222222222224
0 0.7786458333333334 0.9087962962962963 0.0375 0.03657407407407407
0 0.6940104166666666 0.9125 0.02421875 0.04722222222222222
0 0.7359375 0.8231481481481482 0.03619791666666667 0.05138888888888889
0 0.7580729166666667 0.8444444444444444 0.03125 0.050462962962962966
0 0.5494791666666666 0.8865740740740741 0.021875 0.0412037037037037
0 0.5755208333333334 0.8944444444444445 0.019791666666666666 0.03611111111111111
0 0.63515625 0.9222222222222223 0.019010416666666665 0.05416666666666667
0 0.5880208333333333 0.8981481481481481 0.0125 0.025925925925925925
0 0.584375 0.9180555555555555 0.022916666666666665 0.04212962962962963
0 0.5166666666666667 0.8314814814814815 0.017708333333333333 0.02546296296296296
0 0.5145833333333333 0.8287037037037037 0.019270833333333334 0.029166666666666667
0 0.4546875 0.8351851851851851 0.023177083333333334 0.05694444444444444
0 0.5434895833333333 0.7625 0.03229166666666667 0.04212962962962963
0 0.45390625 0.825925925925926 0.0375 0.044444444444444446
0 0.3859375 0.836574074074074 0.06484375 0.060648148148148145
0 0.278125 0.8375 0.03046875 0.041666666666666664
0 0.5221354166666666 0.7388888888888889 0.022135416666666668 0.050462962962962966
0 0.37109375 0.8087962962962963 0.018489583333333334 0.034722222222222224
0 0.49244791666666665 0.6458333333333334 0.024479166666666666 0.04398148148148148
0 0.16640625 0.26435185185185184 0.028645833333333332 0.04675925925925926
0 0.6083333333333333 0.9319444444444445 0.01640625 0.04351851851851852
0 0.39088541666666665 0.9828703703703704 0.024739583333333332 0.032407407407407406
0 0.40703125 0.8625 0.015364583333333333 0.027777777777777776
0 0.39375 0.8490740740740741 0.019010416666666665 0.03425925925925926
0 0.37786458333333334 0.8486111111111111 0.015364583333333333 0.03657407407407407
0 0.3671875 0.8342592592592593 0.01796875 0.03564814814814815
