0 0.6463541666666667 0.9564814814814815 0.026822916666666665 0.05648148148148148
0 0.6388020833333333 0.899537037037037 0.016927083333333332 0.034722222222222224
0 0.76875 0.8416666666666667 0.03567708333333333 0.034722222222222224
0 0.6942708333333333 0.8472222222222222 0.02421875 0.04722222222222222
0 0.7328125 0.7592592592592593 0.034375 0.049074074074074076
0 0.753125 0.7828703703703703 0.034375 0.05555555555555555
0 0.55078125 0.812037037037037 0.021875 0.0412037037037037
0 0.5846354166666666 0.8171296296296297 0.01796875 0.03287037037037037
0 0.628125 0.8592592592592593 0.0171875 0.049074074074074076
0 0.5924479166666666 0.8435185185185186 0.0125 0.025925925925925925
0 0.5809895833333333 0.8555555555555555 0.022916666666666665 0.04212962962962963
0 0.6002604166666666 0.9689814814814814 0.03359375 0.060648148148148145
0 0.54140625 0.9828703703703704 0.025520833333333333 0.07777777777777778
0 0.5161458333333333 0.7712962962962963 0.017708333333333333 0.02546296296296296
0 0.5140625 0.7662037037037037 0.018229166666666668 0.027777777777777776
0 0.45286458333333335 0.7731481481481481 0.022135416666666668 0.05462962962962963
0 0.38307291666666665 0.9407407407407408 0.08463541666666667 0.07592592592592592
0 0.54375 0.7074074074074074 0.033854166666666664 0.044444444444444446
0 0.4546875 0.7620370370370371 0.032552083333333336 0.038425925925925926
0 0.38333333333333336 0.7782407407407408 0.06171875 0.05787037037037037
0 0.2604166666666667 0.7648148148148148 0.03046875 0.041666666666666664
0 0.5239583333333333 0.6699074074074074 0.02109375 0.047685185185185185
0 0.359375 0.7351851851851852 0.017708333333333333 0.03287037037037037
0 0.49557291666666664 0.562037037037037 0.025520833333333333 0.046296296296296294
0 0.64765625 0.9347222222222222 0.021614583333333333 0.05416666666666667
0 0.16510416666666666 0.20324074074074075 0.028645833333333332 0.04675925925925926
0 0.6104166666666667 0.8694444444444445 0.01484375 0.03935185185185185
0 0.3614583333333333 0.9523148148148148 0.022135416666666668 0.03564814814814815
0 0.3921875 0.9560185185185185 0.019010416666666665 0.030555555555555555
0 0.40625 0.9652777777777778 0.016927083333333332 0.027314814814814816
0 0.37838541666666664 0.9115740740740741 0.024739583333333332 0.038425925925925926
0 0.35963541666666665 0.7569444444444444 0.015364583333333333 0.030555555555555555
0 0.3690104166666667 0.7731481481481481 0.015364583333333333 0.0375
0 0.3809895833333333 0.775 0.014322916666666666 0.03425925925925926
0 0.39401041666666664 0.7888888888888889 0.012239583333333333 0.02824074074074074
0 0.40338541666666666 0.7921296296296296 0.012239583333333333 0.027314814814814816
