0 0.6385416666666667 0.924074074074074 0.016927083333333332 0.034722222222222224
0 0.7716145833333333 0.8638888888888889 0.033854166666666664 0.03287037037037037
0 0.69453125 0.8708333333333333 0.02421875 0.04722222222222222
0 0.7346354166666667 0.7819444444444444 0.034375 0.049074074074074076
0 0.753125 0.8060185185185185 0.0328125 0.05277777777777778
0 0.5505208333333333 0.8398148148148148 0.021875 0.0412037037037037
0 0.5807291666666666 0.8435185185185186 0.01796875 0.03287037037037037
0 0.6315104166666666 0.8800925925925925 0.01796875 0.05138888888888889
0 0.5901041666666667 0.8587962962962963 0.01328125 0.026851851851851852
0 0.5833333333333334 0.8763888888888889 0.022916666666666665 0.04212962962962963
0 0.5158854166666667 0.7930555555555555 0.017708333333333333 0.02546296296296296
0 0.5135416666666667 0.788425925925926 0.018229166666666668 0.027777777777777776
0 0.45286458333333335 0.7981481481481482 0.023177083333333334 0.05694444444444444
0 0.38567708333333334 0.9611111111111111 0.08463541666666667 0.07592592592592592
0 0.5442708333333334 0.725925925925926 0.03229166666666667 0.04212962962962963
0 0.4552083333333333 0.7851851851851852 0.03567708333333333 0.04212962962962963
0 0.3854166666666667 0.8009259259259259 0.06171875 0.05787037037037037
0 0.26614583333333336 0.7902777777777777 0.03046875 0.041666666666666664
0 0.5216145833333333 0.6958333333333333 0.02109375 0.047685185185185185
0 0.36276041666666664 0.7620370370370371 0.017708333333333333 0.03287037037037037
0 0.4947916666666667 0.5935185185185186 0.025520833333333333 0.046296296296296294
0 0.16588541666666667 0.22453703703703703 0.028645833333333332 0.04675925925925926
0 0.6091145833333333 0.8902777777777777 0.01640625 0.04351851851851852
0 0.40989583333333335 0.9842592592592593 0.01484375 0.027314814814814816
0 0.39401041666666664 0.9824074074074074 0.017447916666666667 0.03518518518518519
0 0.36380208333333336 0.9745370370370371 0.01953125 0.03333333333333333
0 0.38177083333333334 0.9398148148148148 0.025260416666666667 0.03009259259259259
0 0.4080729166666667 0.8162037037037037 0.017447916666666667 0.02361111111111111
0 0.396875 0.8152777777777778 0.009635416666666667 0.031018518518518518
0 0.38645833333333335 0.799074074074074 0.01796875 0.04259259259259259
0 0.36953125 0.7986111111111112 0.015364583333333333 0.04351851851851852
