0 0.6390625 0.975925925925926 0.017708333333333333 0.03657407407407407
0 0.7838541666666666 0.925 0.0375 0.03657407407407407
0 0.6940104166666666 0.9236111111111112 0.02421875 0.04722222222222222
0 0.7369791666666666 0.837037037037037 0.03619791666666667 0.05138888888888889
0 0.759375 0.8541666666666666 0.03125 0.050462962962962966
0 0.5489583333333333 0.8972222222222223 0.021875 0.0412037037037037
0 0.57421875 0.9055555555555556 0.020833333333333332 0.03796296296296296
0 0.6330729166666667 0.9282407407407407 0.01796875 0.05138888888888889
0 0.5893229166666667 0.9101851851851852 0.0125 0.025925925925925925
0 0.5856770833333333 0.9300925925925926 0.022916666666666665 0.04212962962962963
0 0.5166666666666667 0.8425925925925926 0.017708333333333333 0.02546296296296296
0 0.5145833333333333 0.8388888888888889 0.019270833333333334 0.029166666666666667
0 0.4546875 0.8435185185185186 0.023177083333333334 0.05694444444444444
0 0.54375 0.7731481481481481 0.033854166666666664 0.044444444444444446
0 0.45364583333333336 0.837037037037037 0.0375 0.044444444444444446
0 0.3875 0.8486111111111111 0.06796875 0.06388888888888888
0 0.2799479166666667 0.850925925925926 0.03046875 0.041666666666666664
0 0.5231770833333333 0.750462962962963 0.022135416666666668 0.050462962962962966
0 0.3723958333333333 0.8226851851851852 0.018489583333333334 0.034722222222222224
0 0.49140625 0.6587962962962963 0.025520833333333333 0.046296296296296294
0 0.16692708333333334 0.275 0.028645833333333332 0.04675925925925926
0 0.6088541666666667 0.9421296296296297 0.01640625 0.04351851851851852
0 0.41119791666666666 0.8736111111111111 0.01953125 0.03657407407407407
0 0.39114583333333336 0.9856481481481482 0.02734375 0.02824074074074074
0 0.39296875 0.8634259259259259 0.015364583333333333 0.03333333333333333
0 0.37942708333333336 0.8546296296296296 0.014322916666666666 0.03333333333333333
0 0.3684895833333333 0.85 0.014322916666666666 0.024074074074074074
