0 0.63828125 0.9527777777777777 0.016927083333333332 0.034722222222222224
0 0.7736979166666667 0.8962962962962963 0.03567708333333333 0.034722222222222224
0 0.6942708333333333 0.9009259259259259 0.02421875 0.04722222222222222
0 0.7309895833333333 0.8041666666666667 0.03619791666666667 0.05138888888888889
0 0.7559895833333333 0.8337962962962963 0.0328125 0.05277777777777778
0 0.5497395833333333 0.875 0.021875 0.0412037037037037
0 0.5776041666666667 0.8810185185185185 0.01875 0.034722222222222224
0 0.6325520833333333 0.9115740740740741 0.01796875 0.05138888888888889
0 0.5903645833333333 0.887962962962963 0.011979166666666667 0.024537037037037038
0 0.5854166666666667 0.9064814814814814 0.022916666666666665 0.04212962962962963
0 0.5161458333333333 0.8226851851851852 0.017708333333333333 0.02546296296296296
0 0.5143229166666666 0.8189814814814815 0.019270833333333334 0.029166666666666667
0 0.4549479166666667 0.8245370370370371 0.022135416666666668 0.05462962962962963
0 0.5442708333333334 0.7527777777777778 0.03229166666666667 0.04212962962962963
0 0.4544270833333333 0.8171296296296297 0.0375 0.044444444444444446
0 0.38333333333333336 0.825462962962963 0.06171875 0.05787037037037037
0 0.275 0.8236111111111111 0.03046875 0.041666666666666664
0 0.5216145833333333 0.7277777777777777 0.022135416666666668 0.050462962962962966
0 0.3690104166666667 0.7902777777777777 0.018489583333333334 0.034722222222222224
0 0.4921875 0.6324074074074074 0.024479166666666666 0.04398148148148148
0 0.16614583333333333 0.25277777777777777 0.028645833333333332 0.04675925925925926
0 0.6096354166666667 0.9217592592592593 0.0171875 0.04537037037037037
0 0.3890625 0.9708333333333333 0.022135416666666668 0.030555555555555555
0 0.39427083333333335 0.9912037037037037 0.06588541666666667 0.01712962962962963
0 0.4078125 0.8476851851851852 0.013802083333333333 0.02638888888888889
0 0.3924479166666667 0.8356481481481481 0.01953125 0.02638888888888889
0 0.37135416666666665 0.8277777777777777 0.026302083333333334 0.034722222222222224
