0 0.646875 0.9699074074074074 0.026822916666666665 0.05648148148148148
0 0.6380208333333334 0.9101851851851852 0.016927083333333332 0.034722222222222224
0 0.7708333333333334 0.8527777777777777 0.033854166666666664 0.03287037037037037
0 0.6940104166666666 0.8592592592592593 0.02421875 0.04722222222222222
0 0.7309895833333333 0.7680555555555556 0.034375 0.049074074074074076
0 0.75234375 0.7930555555555555 0.0328125 0.05277777777777778
0 0.5505208333333333 0.825925925925926 0.021875 0.0412037037037037
0 0.5825520833333333 0.8319444444444445 0.01796875 0.03287037037037037
0 0.6291666666666667 0.8675925925925926 0.01796875 0.05138888888888889
0 0.5921875 0.8537037037037037 0.01328125 0.026851851851851852
0 0.5825520833333333 0.8666666666666667 0.022916666666666665 0.04212962962962963
0 0.6018229166666667 0.9824074074074074 0.03359375 0.060648148148148145
0 0.5161458333333333 0.7819444444444444 0.017708333333333333 0.02546296296296296
0 0.5138020833333333 0.7777777777777778 0.018229166666666668 0.027777777777777776
0 0.453125 0.7851851851851852 0.022135416666666668 0.05462962962962963
0 0.384375 0.9532407407407407 0.08463541666666667 0.07592592592592592
0 0.5442708333333334 0.7175925925925926 0.03229166666666667 0.04212962962962963
0 0.4549479166666667 0.7736111111111111 0.03411458333333333 0.04027777777777778
0 0.38515625 0.7898148148148149 0.06171875 0.05787037037037037
0 0.2640625 0.7773148148148148 0.03046875 0.041666666666666664
0 0.5223958333333333 0.6819444444444445 0.02109375 0.047685185185185185
0 0.36223958333333334 0.7481481481481481 0.017708333333333333 0.03287037037037037
0 0.4942708333333333 0.5777777777777777 0.025520833333333333 0.046296296296296294
0 0.6481770833333333 0.9444444444444444 0.021614583333333333 0.05416666666666667
0 0.165625 0.21435185185185185 0.028645833333333332 0.04675925925925926
0 0.6098958333333333 0.8796296296296297 0.015625 0.0412037037037037
0 0.41015625 0.9726851851851852 0.01953125 0.034722222222222224
0 0.39088541666666665 0.9699074074074074 0.014322916666666666 0.032407407407407406
0 0.36015625 0.9648148148148148 0.015364583333333333 0.034722222222222224
0 0.38125 0.9212962962962963 0.023177083333333334 0.0375
0 0.36692708333333335 0.7800925925925926 0.014322916666666666 0.046296296296296294
0 0.38385416666666666 0.7930555555555555 0.012760416666666666 0.03611111111111111
0 0.39479166666666665 0.8018518518518518 0.010677083333333334 0.02638888888888889
0 0.4036458333333333 0.799537037037037 0.01171875 0.03333333333333333
