0 0.7552083333333334 0.9643518518518519 0.0296875 0.04259259259259259
0 0.7723958333333333 0.9731481481481481 0.027083333333333334 0.04351851851851852
0 0.51484375 0.9564814814814815 0.01875 0.02638888888888889
0 0.51328125 0.9518518518518518 0.019270833333333334 0.029166666666666667
0 0.45677083333333335 0.9435185185185185 0.023177083333333334 0.03611111111111111
0 0.54375 0.8930555555555556 0.03723958333333333 0.049074074074074076
0 0.40625 0.9763888888888889 0.06276041666666667 0.06574074074074074
0 0.309375 0.9893518518518518 0.03046875 0.041666666666666664
0 0.5234375 0.8666666666666667 0.025520833333333333 0.058333333333333334
0 0.41041666666666665 0.9425925925925925 0.015104166666666667 0.028703703703703703
0 0.49921875 0.812962962962963 0.024479166666666666 0.04398148148148148
0 0.16927083333333334 0.3888888888888889 0.028645833333333332 0.04675925925925926
0 0.44869791666666664 0.9643518518518519 0.01796875 0.034722222222222224
0 0.3854166666666667 0.9629629629629629 0.013802083333333333 0.024537037037037038
0 0.39765625 0.9851851851851852 0.018489583333333334 0.029166666666666667
0 0.42161458333333335 0.9833333333333333 0.024739583333333332 0.03333333333333333
