0 0.7861979166666667 0.9495370370370371 0.0375 0.03657407407407407
0 0.6947916666666667 0.9541666666666667 0.023177083333333334 0.04490740740740741
0 0.7434895833333334 0.8722222222222222 0.03619791666666667 0.05138888888888889
0 0.7572916666666667 0.8787037037037037 0.028385416666666666 0.04583333333333333
0 0.5489583333333333 0.9337962962962963 0.020833333333333332 0.03888888888888889
0 0.5690104166666666 0.9351851851851852 0.021875 0.03981481481481482
0 0.6317708333333333 0.9597222222222223 0.0171875 0.049074074074074076
0 0.5885416666666666 0.9416666666666667 0.01328125 0.026851851851851852
0 0.5864583333333333 0.9564814814814815 0.021614583333333333 0.04027777777777778
0 0.5158854166666667 0.8731481481481481 0.01875 0.02638888888888889
0 0.5135416666666667 0.8694444444444445 0.019270833333333334 0.029166666666666667
0 0.4557291666666667 0.8726851851851852 0.024479166666666666 0.06018518518518518
0 0.5442708333333334 0.8055555555555556 0.033854166666666664 0.044444444444444446
0 0.45390625 0.8680555555555556 0.03567708333333333 0.04212962962962963
0 0.39348958333333334 0.8819444444444444 0.06927083333333334 0.07268518518518519
0 0.2877604166666667 0.8875 0.03046875 0.041666666666666664
0 0.5239583333333333 0.7828703703703703 0.022135416666666668 0.050462962962962966
0 0.37734375 0.8546296296296296 0.016666666666666666 0.03148148148148148
0 0.49453125 0.6976851851851852 0.024479166666666666 0.04398148148148148
0 0.16796875 0.30416666666666664 0.028645833333333332 0.04675925925925926
0 0.609375 0.9708333333333333 0.0171875 0.04537037037037037
0 0.4140625 0.9032407407407408 0.020052083333333335 0.0412037037037037
0 0.39895833333333336 0.8944444444444445 0.026302083333333334 0.03333333333333333
0 0.37916666666666665 0.8828703703703704 0.02421875 0.022685185185185187
