0 0.7557291666666667 0.9384259259259259 0.0328125 0.04675925925925926
0 0.7731770833333333 0.9481481481481482 0.028385416666666666 0.04583333333333333
0 0.515625 0.9314814814814815 0.017708333333333333 0.02546296296296296
0 0.5140625 0.9254629629629629 0.018229166666666668 0.027777777777777776
0 0.45729166666666665 0.9148148148148149 0.023177083333333334 0.03611111111111111
0 0.5432291666666667 0.8652777777777778 0.035416666666666666 0.04675925925925926
0 0.4010416666666667 0.9472222222222222 0.06276041666666667 0.06574074074074074
0 0.3015625 0.9513888888888888 0.03046875 0.041666666666666664
0 0.5229166666666667 0.8412037037037037 0.025520833333333333 0.058333333333333334
0 0.4 0.9060185185185186 0.015104166666666667 0.028703703703703703
0 0.4981770833333333 0.775 0.023177083333333334 0.041666666666666664
0 0.16770833333333332 0.3611111111111111 0.028645833333333332 0.04675925925925926
0 0.44817708333333334 0.9375 0.01796875 0.034722222222222224
0 0.3848958333333333 0.9305555555555556 0.012760416666666666 0.027777777777777776
0 0.3958333333333333 0.9439814814814815 0.009635416666666667 0.032407407407407406
0 0.41302083333333334 0.9634259259259259 0.028385416666666666 0.041666666666666664
