0 0.7856770833333333 0.9555555555555556 0.0375 0.03657407407407407
0 0.6953125 0.9643518518518519 0.023177083333333334 0.04490740740740741
0 0.7533854166666667 0.888425925925926 0.034375 0.049074074074074076
0 0.7565104166666666 0.8898148148148148 0.028385416666666666 0.04583333333333333
0 0.5479166666666667 0.9472222222222222 0.020052083333333335 0.037037037037037035
0 0.5669270833333333 0.9472222222222222 0.021875 0.03981481481481482
0 0.6330729166666667 0.9680555555555556 0.0171875 0.049074074074074076
0 0.590625 0.9574074074074074 0.01328125 0.026851851851851852
0 0.5890625 0.9703703703703703 0.021614583333333333 0.04027777777777778
0 0.5158854166666667 0.8833333333333333 0.01875 0.02638888888888889
0 0.5138020833333333 0.8796296296296297 0.019270833333333334 0.029166666666666667
0 0.4544270833333333 0.8824074074074074 0.023177083333333334 0.05694444444444444
0 0.5440104166666667 0.8162037037037037 0.035416666666666666 0.04675925925925926
0 0.45338541666666665 0.8805555555555555 0.03411458333333333 0.04027777777777778
0 0.39401041666666664 0.8921296296296296 0.06927083333333334 0.07268518518518519
0 0.28984375 0.8986111111111111 0.03046875 0.041666666666666664
0 0.5234375 0.7925925925925926 0.023177083333333334 0.05277777777777778
0 0.3802083333333333 0.8662037037037037 0.016666666666666666 0.03148148148148148
0 0.4973958333333333 0.7111111111111111 0.025520833333333333 0.046296296296296294
0 0.16796875 0.3138888888888889 0.028645833333333332 0.04675925925925926
0 0.4153645833333333 0.9157407407407407 0.015364583333333333 0.034722222222222224
0 0.40182291666666664 0.9032407407407408 0.023697916666666666 0.027314814814814816
0 0.38385416666666666 0.8902777777777777 0.025260416666666667 0.02361111111111111
