0 0.7549479166666667 0.9481481481481482 0.0328125 0.04675925925925926
0 0.7739583333333333 0.9597222222222223 0.027083333333333334 0.04351851851851852
0 0.51640625 0.9393518518518519 0.017708333333333333 0.02546296296296296
0 0.5135416666666667 0.9337962962962963 0.018229166666666668 0.027777777777777776
0 0.4578125 0.9259259259259259 0.023177083333333334 0.03611111111111111
0 0.5432291666666667 0.8740740740740741 0.035416666666666666 0.04675925925925926
0 0.40078125 0.9555555555555556 0.06588541666666667 0.06944444444444445
0 0.30390625 0.9652777777777778 0.03046875 0.041666666666666664
0 0.5229166666666667 0.8495370370370371 0.025520833333333333 0.058333333333333334
0 0.40130208333333334 0.9189814814814815 0.014583333333333334 0.027314814814814816
0 0.4984375 0.787962962962963 0.024479166666666666 0.04398148148148148
0 0.16822916666666668 0.37083333333333335 0.028645833333333332 0.04675925925925926
0 0.4484375 0.9472222222222222 0.01796875 0.034722222222222224
0 0.4203125 0.9777777777777777 0.020052083333333335 0.018055555555555554
0 0.4083333333333333 0.9680555555555556 0.016927083333333332 0.030555555555555555
0 0.39166666666666666 0.9513888888888888 0.019010416666666665 0.02962962962962963
