0 0.7557291666666667 0.9583333333333334 0.03125 0.044444444444444446
0 0.77265625 0.9657407407407408 0.027083333333333334 0.04351851851851852
0 0.5151041666666667 0.9476851851851852 0.017708333333333333 0.02546296296296296
0 0.51328125 0.9435185185185185 0.018229166666666668 0.027777777777777776
0 0.45729166666666665 0.9361111111111111 0.023177083333333334 0.03611111111111111
0 0.5427083333333333 0.8842592592592593 0.03723958333333333 0.049074074074074076
0 0.4015625 0.9643518518518519 0.06588541666666667 0.06944444444444445
0 0.30755208333333334 0.9777777777777777 0.03046875 0.041666666666666664
0 0.5234375 0.8601851851851852 0.025520833333333333 0.058333333333333334
0 0.4044270833333333 0.9314814814814815 0.015104166666666667 0.028703703703703703
0 0.49921875 0.8023148148148148 0.024479166666666666 0.04398148148148148
0 0.16901041666666666 0.38055555555555554 0.028645833333333332 0.04675925925925926
0 0.4484375 0.9560185185185185 0.01796875 0.034722222222222224
0 0.38619791666666664 0.9564814814814815 0.014322916666666666 0.02546296296296296
0 0.40390625 0.9736111111111111 0.01953125 0.03148148148148148
0 0.42291666666666666 0.9884259259259259 0.02421875 0.023148148148148147
