0 0.78671875 0.9703703703703703 0.039322916666666666 0.038425925925925926
0 0.6950520833333333 0.9736111111111111 0.023177083333333334 0.04490740740740741
0 0.7544270833333333 0.8981481481481481 0.034375 0.049074074074074076
0 0.7536458333333333 0.8930555555555556 0.0296875 0.04814814814814815
0 0.546875 0.9606481481481481 0.020052083333333335 0.037037037037037035
0 0.5658854166666667 0.9578703703703704 0.021875 0.03981481481481482
0 0.6317708333333333 0.9731481481481481 0.01796875 0.05138888888888889
0 0.5903645833333333 0.9629629629629629 0.013802083333333333 0.02824074074074074
0 0.58828125 0.9773148148148149 0.021614583333333333 0.04027777777777778
0 0.515625 0.8939814814814815 0.01875 0.02638888888888889
0 0.51328125 0.8888888888888888 0.018229166666666668 0.027777777777777776
0 0.45364583333333336 0.8925925925925926 0.023177083333333334 0.05694444444444444
0 0.54296875 0.8277777777777777 0.035416666666666666 0.04675925925925926
0 0.45260416666666664 0.8912037037037037 0.03411458333333333 0.04027777777777778
0 0.39557291666666666 0.9055555555555556 0.06588541666666667 0.06944444444444445
0 0.2921875 0.9087962962962963 0.03046875 0.041666666666666664
0 0.5231770833333333 0.8037037037037037 0.02421875 0.05555555555555555
0 0.38255208333333335 0.8782407407407408 0.015885416666666666 0.03009259259259259
0 0.4979166666666667 0.7240740740740741 0.025520833333333333 0.046296296296296294
0 0.1671875 0.324537037037037 0.028645833333333332 0.04675925925925926
0 0.41770833333333335 0.9277777777777778 0.013802083333333333 0.024537037037037038
0 0.40338541666666666 0.913425925925926 0.020572916666666666 0.03333333333333333
0 0.3859375 0.9083333333333333 0.020052083333333335 0.019444444444444445
