0 0.7502604166666667 0.9064814814814814 0.034375 0.049074074074074076
0 0.7708333333333334 0.9166666666666666 0.028385416666666666 0.04583333333333333
0 0.5447916666666667 0.9722222222222222 0.019010416666666665 0.03564814814814815
0 0.5635416666666667 0.9717592592592592 0.021875 0.03981481481481482
0 0.515625 0.9032407407407408 0.01875 0.02638888888888889
0 0.5135416666666667 0.899537037037037 0.018229166666666668 0.027777777777777776
0 0.4596354166666667 0.8870370370370371 0.023177083333333334 0.03611111111111111
0 0.54375 0.8388888888888889 0.035416666666666666 0.04675925925925926
0 0.3963541666666667 0.9166666666666666 0.06588541666666667 0.06944444444444445
0 0.29453125 0.9194444444444444 0.03046875 0.041666666666666664
0 0.5229166666666667 0.8138888888888889 0.02421875 0.05555555555555555
0 0.3848958333333333 0.8865740740740741 0.015104166666666667 0.028703703703703703
0 0.4984375 0.736574074074074 0.025520833333333333 0.046296296296296294
0 0.16744791666666667 0.3337962962962963 0.028645833333333332 0.04675925925925926
0 0.4484375 0.9101851851851852 0.01796875 0.034722222222222224
0 0.37552083333333336 0.9074074074074074 0.016927083333333332 0.021296296296296296
0 0.39010416666666664 0.9152777777777777 0.01796875 0.027314814814814816
0 0.40338541666666666 0.9273148148148148 0.011197916666666667 0.03564814814814815
0 0.41953125 0.9361111111111111 0.01640625 0.030555555555555555
