0 0.7557291666666667 0.9787037037037037 0.028385416666666666 0.04027777777777778
0 0.5143229166666666 0.9773148148148149 0.01953125 0.027777777777777776
0 0.5127604166666667 0.9736111111111111 0.019270833333333334 0.029166666666666667
0 0.45651041666666664 0.9606481481481481 0.022135416666666668 0.03425925925925926
0 0.54375 0.9120370370370371 0.035416666666666666 0.04675925925925926
0 0.5231770833333333 0.8861111111111111 0.025520833333333333 0.058333333333333334
0 0.41458333333333336 0.9592592592592593 0.014583333333333334 0.027314814814814816
0 0.5020833333333333 0.8407407407407408 0.025520833333333333 0.046296296296296294
0 0.16953125 0.4074074074074074 0.028645833333333332 0.04675925925925926
0 0.4484375 0.9819444444444444 0.01796875 0.034722222222222224
0 0.3919270833333333 0.9833333333333333 0.017447916666666667 0.02175925925925926
0 0.4041666666666667 0.9787037037037037 0.05234375 0.04212962962962963
