0 0.7567708333333333 0.9736111111111111 0.028385416666666666 0.04027777777777778
0 0.7755208333333333 0.987037037037037 0.027083333333333334 0.04351851851851852
0 0.5143229166666666 0.9666666666666667 0.01875 0.02638888888888889
0 0.5127604166666667 0.9625 0.019270833333333334 0.029166666666666667
0 0.45625 0.9513888888888888 0.023177083333333334 0.03611111111111111
0 0.5424479166666667 0.9023148148148148 0.035416666666666666 0.04675925925925926
0 0.4002604166666667 0.975925925925926 0.06276041666666667 0.06574074074074074
0 0.5234375 0.8768518518518519 0.025520833333333333 0.058333333333333334
0 0.41302083333333334 0.950462962962963 0.015104166666666667 0.028703703703703703
0 0.5 0.825925925925926 0.025520833333333333 0.046296296296296294
0 0.16927083333333334 0.39814814814814814 0.028645833333333332 0.04675925925925926
0 0.44869791666666664 0.9740740740740741 0.01796875 0.034722222222222224
0 0.3880208333333333 0.9712962962962963 0.016927083333333332 0.03148148148148148
0 0.41484375 0.987037037037037 0.023697916666666666 0.024074074074074074
