0 0.3411458333333333 0.5037037037037037 0.013802083333333333 0.024537037037037038
0 0.378125 0.35555555555555557 0.020052083333333335 0.019444444444444445
0 0.41640625 0.39814814814814814 0.015364583333333333 0.028703703703703703
0 0.47421875 0.2824074074074074 0.020572916666666666 0.027314814814814816
0 0.45651041666666664 0.4722222222222222 0.017447916666666667 0.04259259259259259
0 0.49375 0.5046296296296297 0.020833333333333332 0.02638888888888889
0 0.5049479166666667 0.5569444444444445 0.03177083333333333 0.046296296296296294
0 0.44453125 0.6671296296296296 0.01640625 0.03425925925925926
0 0.5484375 0.5287037037037037 0.021614583333333333 0.02638888888888889
0 0.5841145833333333 0.5018518518518519 0.02421875 0.0625
0 0.6307291666666667 0.46064814814814814 0.026822916666666665 0.03333333333333333
0 0.5614583333333333 0.35694444444444445 0.018489583333333334 0.02638888888888889
0 0.5901041666666667 0.2912037037037037 0.021614583333333333 0.032407407407407406
0 0.6505208333333333 0.26481481481481484 0.015364583333333333 0.020833333333333332
0 0.653125 0.28888888888888886 0.018489583333333334 0.02824074074074074
0 0.6778645833333333 0.3773148148148148 0.020052083333333335 0.0375
0 0.5721354166666667 0.8935185185185185 0.01796875 0.03518518518518519
0 0.58046875 0.6541666666666667 0.013802083333333333 0.0375
0 0.6067708333333334 0.11064814814814815 0.020572916666666666 0.03148148148148148
0 0.52734375 0.20833333333333334 0.0703125 0.07731481481481481
0 0.6674479166666667 0.2569444444444444 0.038802083333333334 0.11851851851851852
0 0.696875 0.36342592592592593 0.045572916666666664 0.08333333333333333
0 0.7760416666666666 0.3106481481481482 0.05807291666666667 0.052314814814814814
0 0.7182291666666667 0.6652777777777777 0.06432291666666666 0.0699074074074074
0 0.70859375 0.6351851851851852 0.01171875 0.018518518518518517
0 0.5755208333333334 0.6976851851851852 0.06848958333333334 0.050462962962962966
0 0.56328125 0.6962962962962963 0.019010416666666665 0.03148148148148148
0 0.59296875 0.6893518518518519 0.019010416666666665 0.03148148148148148
0 0.7015625 0.6587962962962963 0.01640625 0.034722222222222224
0 0.7174479166666666 0.6657407407407407 0.015885416666666666 0.03657407407407407
0 0.7322916666666667 0.675 0.01640625 0.03657407407407407
0 0.7416666666666667 0.6824074074074075 0.015364583333333333 0.03564814814814815
0 0.7778645833333333 0.31296296296296294 0.02109375 0.03657407407407407
0 0.5377604166666666 0.21574074074074073 0.01484375 0.02824074074074074
0 0.5177083333333333 0.20185185185185187 0.02265625 0.03287037037037037
0 0.5046875 0.1837962962962963 0.015625 0.03657407407407407
