0 0.05807291666666667 0.8472222222222222 0.02265625 0.033796296296296297
0 0.15286458333333333 0.9115740740740741 0.018489583333333334 0.03518518518518519
0 0.18932291666666667 0.8421296296296297 0.02265625 0.044444444444444446
0 0.20963541666666666 0.8870370370370371 0.024739583333333332 0.03425925925925926
0 0.33489583333333334 0.5606481481481481 0.012760416666666666 0.021296296296296296
0 0.34609375 0.5560185185185185 0.01640625 0.028703703703703703
0 0.5203125 0.7106481481481481 0.01015625 0.01574074074074074
0 0.5270833333333333 0.7222222222222222 0.020572916666666666 0.02546296296296296
0 0.80390625 0.22870370370370371 0.022135416666666668 0.03657407407407407
0 0.8369791666666667 0.2689814814814815 0.027864583333333335 0.028703703703703703
0 0.22552083333333334 0.6708333333333333 0.01796875 0.030555555555555555
0 0.17994791666666668 0.7689814814814815 0.045572916666666664 0.0962962962962963
0 0.1765625 0.6435185185185185 0.032552083333333336 0.1111111111111111
0 0.17447916666666666 0.7388888888888889 0.013802083333333333 0.032407407407407406
0 0.16536458333333334 0.7555555555555555 0.011197916666666667 0.021296296296296296
0 0.16614583333333333 0.5976851851851852 0.016927083333333332 0.02638888888888889
0 0.17239583333333333 0.6263888888888889 0.01796875 0.02962962962962963
0 0.17942708333333332 0.6736111111111112 0.01953125 0.03657407407407407
0 0.17369791666666667 0.7726851851851851 0.01328125 0.02824074074074074
0 0.16796875 0.7958333333333333 0.012239583333333333 0.024537037037037038
0 0.16015625 0.8032407407407407 0.015364583333333333 0.02546296296296296
0 0.19322916666666667 0.7800925925925926 0.01484375 0.026851851851851852
