0 0.37578125 0.8287037037037037 0.06640625 0.08796296296296297
0 0.28984375 0.6861111111111111 0.024739583333333332 0.04027777777777778
0 0.203125 0.45555555555555555 0.02421875 0.044444444444444446
0 0.59453125 0.524074074074074 0.026041666666666668 0.05324074074074074
0 0.3731770833333333 0.7152777777777778 0.019791666666666666 0.030555555555555555
0 0.28411458333333334 0.4912037037037037 0.0234375 0.0412037037037037
0 0.4518229166666667 0.6398148148148148 0.025 0.03981481481481482
0 0.42864583333333334 0.7379629629629629 0.029166666666666667 0.03935185185185185
0 0.6973958333333333 0.5541666666666667 0.028125 0.05
0 0.34348958333333335 0.9208333333333333 0.035416666666666666 0.03657407407407407
0 0.4903645833333333 0.6666666666666666 0.02109375 0.03333333333333333
0 0.39791666666666664 0.7814814814814814 0.0328125 0.06296296296296296
0 0.34401041666666665 0.6421296296296296 0.02421875 0.03333333333333333
0 0.3380208333333333 0.7824074074074074 0.015885416666666666 0.03148148148148148
0 0.44921875 0.30925925925925923 0.015625 0.04351851851851852
0 0.453125 0.3055555555555556 0.009895833333333333 0.04259259259259259
0 0.3692708333333333 0.6782407407407407 0.016666666666666666 0.03333333333333333
0 0.384375 0.675 0.015625 0.040740740740740744
0 0.35052083333333334 0.6884259259259259 0.01484375 0.04212962962962963
