0 0.6697916666666667 0.5805555555555556 0.014583333333333334 0.040740740740740744
0 0.5653645833333333 0.5106481481481482 0.018229166666666668 0.03333333333333333
0 0.61484375 0.6370370370370371 0.014583333333333334 0.0375
0 0.6158854166666666 0.5662037037037037 0.013541666666666667 0.034722222222222224
0 0.55078125 0.4217592592592593 0.018489583333333334 0.03518518518518519
0 0.56796875 0.6935185185185185 0.019791666666666666 0.05138888888888889
0 0.5127604166666667 0.7560185185185185 0.018489583333333334 0.033796296296296297
0 0.5953125 0.7444444444444445 0.015885416666666666 0.0375
0 0.4388020833333333 0.6518518518518519 0.019270833333333334 0.03425925925925926
0 0.7385416666666667 0.624537037037037 0.016927083333333332 0.033796296296296297
0 0.5044270833333333 0.49444444444444446 0.015364583333333333 0.038425925925925926
0 0.534375 0.9592592592592593 0.016145833333333335 0.03935185185185185
0 0.6518229166666667 0.7444444444444445 0.025260416666666667 0.05
0 0.4901041666666667 0.225 0.02734375 0.05138888888888889
0 0.6270833333333333 0.5018518518518519 0.01484375 0.03657407407407407
0 0.5822916666666667 0.5939814814814814 0.016927083333333332 0.03148148148148148
0 0.6848958333333334 0.549537037037037 0.05572916666666667 0.1050925925925926
