0 0.640625 0.23935185185185184 0.02265625 0.02962962962962963
0 0.30182291666666666 0.6981481481481482 0.020052083333333335 0.03148148148148148
0 0.28854166666666664 0.6694444444444444 0.019010416666666665 0.03148148148148148
0 0.7 0.24166666666666667 0.090625 0.075
0 0.49270833333333336 0.4949074074074074 0.034375 0.043055555555555555
0 0.6591145833333333 0.18935185185185185 0.020833333333333332 0.033796296296296297
0 0.4861979166666667 0.5828703703703704 0.02421875 0.041666666666666664
0 0.5658854166666667 0.7398148148148148 0.030729166666666665 0.043055555555555555
0 0.5684895833333333 0.4023148148148148 0.023177083333333334 0.033796296296296297
0 0.5119791666666667 0.7555555555555555 0.025 0.040740740740740744
0 0.57734375 0.27037037037037037 0.02265625 0.032407407407407406
0 0.26640625 0.47314814814814815 0.021614583333333333 0.032407407407407406
0 0.24661458333333333 0.4759259259259259 0.046875 0.1
0 0.5455729166666666 0.5847222222222223 0.04401041666666667 0.06111111111111111
0 0.6130208333333333 0.5907407407407408 0.025 0.04537037037037037
0 0.4627604166666667 0.2388888888888889 0.04869791666666667 0.09305555555555556
0 0.4348958333333333 0.674074074074074 0.020833333333333332 0.03935185185185185
0 0.5494791666666666 0.6949074074074074 0.03177083333333333 0.04583333333333333
0 0.2986979166666667 0.6875 0.06067708333333333 0.10138888888888889
0 0.4747395833333333 0.8305555555555556 0.03229166666666667 0.041666666666666664
0 0.6263020833333334 0.23194444444444445 0.08828125 0.0712962962962963
0 0.4635416666666667 0.7324074074074074 0.0265625 0.04490740740740741
0 0.8588541666666667 0.40370370370370373 0.021354166666666667 0.04027777777777778
0 0.44895833333333335 0.6106481481481482 0.025260416666666667 0.04722222222222222
0 0.6135416666666667 0.5662037037037037 0.03125 0.053703703703703705
0 0.7684895833333333 0.23194444444444445 0.028125 0.04861111111111111
0 0.46145833333333336 0.1648148148148148 0.06145833333333333 0.05324074074074074
0 0.5471354166666667 0.49398148148148147 0.03203125 0.04537037037037037
0 0.83359375 0.5083333333333333 0.025 0.04212962962962963
0 0.2643229166666667 0.6824074074074075 0.021875 0.029166666666666667
0 0.5255208333333333 0.4648148148148148 0.01796875 0.023148148148148147
0 0.475 0.2050925925925926 0.014322916666666666 0.02546296296296296
0 0.4786458333333333 0.13657407407407407 0.018229166666666668 0.04583333333333333
0 0.7861979166666667 0.018518518518518517 0.030208333333333334 0.037037037037037035
0 0.6979166666666666 0.2689814814814815 0.023177083333333334 0.038425925925925926
0 0.7138020833333333 0.22361111111111112 0.018229166666666668 0.030555555555555555
0 0.6229166666666667 0.20833333333333334 0.015625 0.027314814814814816
0 0.60859375 0.22083333333333333 0.014583333333333334 0.04814814814814815
