0 0.4796875 0.6402777777777777 0.020833333333333332 0.032407407407407406
0 0.3854166666666667 0.49027777777777776 0.01796875 0.02824074074074074
0 0.2869791666666667 0.6430555555555556 0.03229166666666667 0.0375
0 0.3846354166666667 0.5615740740740741 0.01796875 0.02962962962962963
0 0.25338541666666664 0.8300925925925926 0.01875 0.03564814814814815
0 0.45755208333333336 0.8152777777777778 0.032552083333333336 0.04861111111111111
0 0.33307291666666666 0.5041666666666667 0.01953125 0.030555555555555555
0 0.25859375 0.5615740740740741 0.028125 0.04861111111111111
0 0.325 0.663425925925926 0.023177083333333334 0.03287037037037037
0 0.428125 0.45740740740740743 0.019010416666666665 0.03194444444444444
0 0.40677083333333336 0.5037037037037037 0.017447916666666667 0.03194444444444444
0 0.40520833333333334 0.36944444444444446 0.02890625 0.03935185185185185
0 0.384375 0.2972222222222222 0.025 0.040740740740740744
0 0.38828125 0.7541666666666667 0.04192708333333333 0.04814814814814815
0 0.3450520833333333 0.5476851851851852 0.0203125 0.032407407407407406
0 0.5033854166666667 0.6282407407407408 0.07552083333333333 0.06574074074074074
0 0.3614583333333333 0.6648148148148149 0.019791666666666666 0.02638888888888889
