0 0.46640625 0.7611111111111111 0.06458333333333334 0.1087962962962963
0 0.37864583333333335 0.6976851851851852 0.022135416666666668 0.038425925925925926
0 0.54921875 0.7347222222222223 0.028385416666666666 0.040740740740740744
0 0.41822916666666665 0.6194444444444445 0.025260416666666667 0.044444444444444446
0 0.5205729166666667 0.6356481481481482 0.0296875 0.047685185185185185
0 0.6421875 0.7092592592592593 0.02734375 0.044444444444444446
0 0.56015625 0.3472222222222222 0.026822916666666665 0.04861111111111111
0 0.5575520833333333 0.6180555555555556 0.029947916666666668 0.04351851851851852
0 0.8794270833333333 0.5171296296296296 0.025520833333333333 0.049074074074074076
0 0.4158854166666667 0.6717592592592593 0.02890625 0.04398148148148148
0 0.453125 0.9375 0.02734375 0.07037037037037037
0 0.7901041666666667 0.47962962962962963 0.02734375 0.05462962962962963
0 0.28098958333333335 0.4134259259259259 0.030729166666666665 0.05138888888888889
0 0.6049479166666667 0.3837962962962963 0.020052083333333335 0.03796296296296296
0 0.5028645833333333 0.725462962962963 0.03046875 0.0375
0 0.37447916666666664 0.3902777777777778 0.025 0.06712962962962964
0 0.43776041666666665 0.8009259259259259 0.017708333333333333 0.030555555555555555
