0 0.53828125 0.8157407407407408 0.019010416666666665 0.030555555555555555
0 0.7614583333333333 0.6680555555555555 0.016666666666666666 0.031018518518518518
0 0.5760416666666667 0.475 0.017708333333333333 0.037037037037037035
0 0.5895833333333333 0.5504629629629629 0.01875 0.03333333333333333
0 0.61875 0.6486111111111111 0.016145833333333335 0.03518518518518519
0 0.60625 0.7319444444444444 0.015364583333333333 0.03287037037037037
0 0.6388020833333333 0.6888888888888889 0.014583333333333334 0.040740740740740744
0 0.6450520833333333 0.6208333333333333 0.015364583333333333 0.044444444444444446
0 0.5244791666666667 0.5023148148148148 0.01875 0.03518518518518519
0 0.6520833333333333 0.5601851851851852 0.016927083333333332 0.03888888888888889
0 0.684375 0.625462962962963 0.015885416666666666 0.0375
0 0.6125 0.7870370370370371 0.020572916666666666 0.050462962962962966
0 0.44947916666666665 0.6819444444444445 0.02421875 0.05
0 0.6986979166666667 0.6064814814814815 0.05963541666666667 0.1111111111111111
0 0.6713541666666667 0.7763888888888889 0.022395833333333334 0.03796296296296296
0 0.5036458333333333 0.25046296296296294 0.016145833333333335 0.03518518518518519
