0 0.5473958333333333 0.2865740740740741 0.02265625 0.055092592592592596
0 0.5856770833333333 0.2884259259259259 0.023958333333333335 0.04814814814814815
0 0.65390625 0.3175925925925926 0.022395833333333334 0.053703703703703705
0 0.6875 0.09907407407407408 0.024739583333333332 0.06712962962962964
0 0.54609375 0.5069444444444444 0.033854166666666664 0.05740740740740741
0 0.48828125 0.3402777777777778 0.034895833333333334 0.04722222222222222
0 0.65546875 0.06898148148148148 0.027604166666666666 0.04953703703703704
0 0.4510416666666667 0.1449074074074074 0.02578125 0.04722222222222222
0 0.5221354166666666 0.3314814814814815 0.020052083333333335 0.053703703703703705
0 0.6270833333333333 0.2740740740740741 0.023958333333333335 0.04583333333333333
0 0.3875 0.0837962962962963 0.028645833333333332 0.03935185185185185
0 0.54296875 0.3402777777777778 0.03177083333333333 0.14305555555555555
0 0.6138020833333333 0.4078703703703704 0.024479166666666666 0.04398148148148148
0 0.5552083333333333 0.25416666666666665 0.019010416666666665 0.03657407407407407
