0 0.73046875 0.6236111111111111 0.02578125 0.07361111111111111
0 0.21223958333333334 0.9152777777777777 0.03567708333333333 0.1310185185185185
0 0.17161458333333332 0.8583333333333333 0.03802083333333333 0.04259259259259259
0 0.09244791666666667 0.8194444444444444 0.05234375 0.053703703703703705
0 0.25390625 0.9046296296296297 0.025260416666666667 0.03611111111111111
0 0.6986979166666667 0.5236111111111111 0.06588541666666667 0.06620370370370371
0 0.98359375 0.7754629629629629 0.03359375 0.04814814814814815
0 0.7752604166666667 0.8125 0.03046875 0.044444444444444446
0 0.390625 0.9643518518518519 0.032552083333333336 0.03981481481481482
0 0.9020833333333333 0.8175925925925925 0.03619791666666667 0.05185185185185185
0 0.265625 0.8712962962962963 0.03046875 0.03981481481481482
0 0.846875 0.49444444444444446 0.04869791666666667 0.10277777777777777
0 0.81484375 0.5777777777777777 0.0234375 0.03564814814814815
0 0.075 0.9708333333333333 0.0203125 0.03194444444444444
0 0.23671875 0.9583333333333334 0.01875 0.02638888888888889
0 0.23802083333333332 0.9851851851851852 0.019270833333333334 0.029166666666666667
0 0.25677083333333334 0.9421296296296297 0.03177083333333333 0.027777777777777776
0 0.4627604166666667 0.9268518518518518 0.017447916666666667 0.04212962962962963
0 0.41822916666666665 0.8662037037037037 0.022395833333333334 0.04212962962962963
0 0.7299479166666667 0.6212962962962963 0.0328125 0.03333333333333333
0 0.72421875 0.5060185185185185 0.016927083333333332 0.028703703703703703
0 0.8591145833333333 0.48657407407407405 0.019270833333333334 0.041666666666666664
