0 0.29739583333333336 0.6930555555555555 0.024739583333333332 0.04259259259259259
0 0.159375 0.8402777777777778 0.034375 0.028703703703703703
0 0.225 0.7032407407407407 0.029947916666666668 0.047685185185185185
0 0.7166666666666667 0.5370370370370371 0.023177083333333334 0.047685185185185185
0 0.9890625 0.25925925925925924 0.02265625 0.046296296296296294
0 0.03125 0.6967592592592593 0.03229166666666667 0.04398148148148148
0 0.24166666666666667 0.6263888888888889 0.018489583333333334 0.03425925925925926
0 0.8145833333333333 0.26990740740740743 0.05807291666666667 0.08518518518518518
0 0.17213541666666668 0.5944444444444444 0.03177083333333333 0.12546296296296297
0 0.7291666666666666 0.3439814814814815 0.05677083333333333 0.052314814814814814
0 0.8604166666666667 0.19166666666666668 0.06354166666666666 0.09398148148148149
0 0.6377604166666667 0.49583333333333335 0.024479166666666666 0.04212962962962963
0 0.2830729166666667 0.7717592592592593 0.030729166666666665 0.032407407407407406
0 0.06848958333333334 0.48842592592592593 0.019270833333333334 0.03194444444444444
0 0.16979166666666667 0.5435185185185185 0.0265625 0.032407407407407406
0 0.17734375 0.5921296296296297 0.0171875 0.028703703703703703
0 0.17447916666666666 0.6134259259259259 0.011197916666666667 0.017592592592592594
0 0.1671875 0.6407407407407407 0.010677083333333334 0.029166666666666667
0 0.17734375 0.6768518518518518 0.023958333333333335 0.03425925925925926
0 0.33151041666666664 0.49675925925925923 0.01484375 0.03518518518518519
0 0.34661458333333334 0.5087962962962963 0.028125 0.03981481481481482
0 0.7348958333333333 0.35 0.021875 0.05277777777777778
0 0.840625 0.30925925925925923 0.02265625 0.043055555555555555
0 0.8333333333333334 0.2523148148148148 0.020572916666666666 0.03425925925925926
0 0.9809895833333333 0.6912037037037037 0.0375 0.06018518518518518
