0 0.5265625 0.687962962962963 0.04869791666666667 0.12361111111111112
0 0.66171875 0.37222222222222223 0.01640625 0.033796296296296297
0 0.5020833333333333 0.8148148148148148 0.03359375 0.04351851851851852
0 0.4427083333333333 0.612037037037037 0.022916666666666665 0.046296296296296294
0 0.6208333333333333 0.36157407407407405 0.02734375 0.05
0 0.5856770833333333 0.7263888888888889 0.01875 0.031018518518518518
0 0.5622395833333333 0.6129629629629629 0.025260416666666667 0.044444444444444446
0 0.5875 0.5787037037037037 0.01796875 0.04861111111111111
0 0.9138020833333333 0.4083333333333333 0.03463541666666667 0.047685185185185185
0 0.484375 0.6212962962962963 0.021354166666666667 0.032407407407407406
0 0.5171875 0.6101851851851852 0.0265625 0.03935185185185185
0 0.34479166666666666 0.37222222222222223 0.02890625 0.04722222222222222
0 0.990625 0.4648148148148148 0.01953125 0.05138888888888889
0 0.42135416666666664 0.4083333333333333 0.028385416666666666 0.04675925925925926
0 0.60546875 0.5912037037037037 0.0171875 0.033796296296296297
0 0.6598958333333333 0.6523148148148148 0.01640625 0.03425925925925926
0 0.5013020833333334 0.7375 0.019791666666666666 0.03657407407407407
0 0.49505208333333334 0.6601851851851852 0.015364583333333333 0.04537037037037037
