0 0.9921875 0.8152777777777778 0.0140625 0.031018518518518518
0 0.7341145833333333 0.6 0.016666666666666666 0.03796296296296296
0 0.98984375 0.8157407407407408 0.02265625 0.05740740740740741
0 0.26927083333333335 0.9921296296296296 0.0234375 0.0412037037037037
0 0.9393229166666667 0.9777777777777777 0.06953125 0.047685185185185185
0 0.7041666666666667 0.8444444444444444 0.02734375 0.03796296296296296
0 0.3138020833333333 0.8351851851851851 0.022916666666666665 0.040740740740740744
0 0.19817708333333334 0.9814814814814815 0.03359375 0.03657407407407407
0 0.203125 0.9212962962962963 0.030208333333333334 0.04583333333333333
0 0.7877604166666666 0.49537037037037035 0.05963541666666667 0.08518518518518518
0 0.671875 0.649537037037037 0.05390625 0.04953703703703704
0 0.6059895833333333 0.7958333333333333 0.021354166666666667 0.04027777777777778
0 0.890625 0.5481481481481482 0.02109375 0.041666666666666664
0 0.7174479166666666 0.5435185185185185 0.05963541666666667 0.06759259259259259
0 0.33098958333333334 0.8564814814814815 0.012760416666666666 0.03518518518518519
0 0.12864583333333332 0.9731481481481481 0.013802083333333333 0.024074074074074074
0 0.11770833333333333 0.9453703703703704 0.016666666666666666 0.023148148148148147
0 0.1125 0.9166666666666666 0.022916666666666665 0.024074074074074074
0 0.1296875 0.8930555555555556 0.023177083333333334 0.024537037037037038
0 0.12083333333333333 0.8490740740740741 0.027864583333333335 0.02962962962962963
0 0.12057291666666667 0.9046296296296297 0.028385416666666666 0.14212962962962963
0 0.005989583333333334 0.8212962962962963 0.012239583333333333 0.028703703703703703
0 0.9434895833333333 0.975925925925926 0.016666666666666666 0.03657407407407407
0 0.73828125 0.5291666666666667 0.017708333333333333 0.026851851851851852
0 0.678125 0.6523148148148148 0.030989583333333334 0.04583333333333333
