0 0.21822916666666667 0.7861111111111111 0.016666666666666666 0.030555555555555555
0 0.8307291666666666 0.2777777777777778 0.017708333333333333 0.04212962962962963
0 0.25677083333333334 0.725462962962963 0.0359375 0.03148148148148148
0 0.39348958333333334 0.9064814814814814 0.029166666666666667 0.04490740740740741
0 0.9611979166666667 0.5791666666666667 0.03567708333333333 0.046296296296296294
0 0.37109375 0.8560185185185185 0.0296875 0.0412037037037037
0 0.24244791666666668 0.7564814814814815 0.028645833333333332 0.03333333333333333
0 0.44817708333333334 0.8481481481481481 0.038802083333333334 0.05416666666666667
0 0.8934895833333333 0.6203703703703703 0.037760416666666664 0.03518518518518519
0 0.17135416666666667 0.6722222222222223 0.044270833333333336 0.03981481481481482
0 0.23619791666666667 0.8018518518518518 0.029166666666666667 0.03518518518518519
0 0.990625 0.5949074074074074 0.020833333333333332 0.0587962962962963
0 0.08255208333333333 0.774537037037037 0.03229166666666667 0.040740740740740744
0 0.978125 0.8064814814814815 0.049479166666666664 0.08101851851851852
0 0.39088541666666665 0.7819444444444444 0.03333333333333333 0.0375
0 0.7049479166666667 0.4212962962962963 0.024479166666666666 0.09953703703703703
0 0.09505208333333333 0.6370370370370371 0.04973958333333333 0.0412037037037037
0 0.41848958333333336 0.6791666666666667 0.052083333333333336 0.05740740740740741
0 0.8197916666666667 0.27824074074074073 0.045572916666666664 0.10416666666666667
0 0.78828125 0.36527777777777776 0.024739583333333332 0.040740740740740744
0 0.7622395833333333 0.625462962962963 0.027083333333333334 0.04814814814814815
0 0.45729166666666665 0.7375 0.017447916666666667 0.027314814814814816
0 0.2830729166666667 0.9425925925925925 0.04114583333333333 0.02638888888888889
0 0.19557291666666668 0.7398148148148148 0.05807291666666667 0.12638888888888888
0 0.25807291666666665 0.6888888888888889 0.03567708333333333 0.038425925925925926
0 0.6958333333333333 0.30972222222222223 0.01640625 0.037037037037037035
0 0.6739583333333333 0.3398148148148148 0.06197916666666667 0.040740740740740744
0 0.7046875 0.4125 0.03333333333333333 0.026851851851851852
0 0.98359375 0.8046296296296296 0.030729166666666665 0.027314814814814816
