0 0.31354166666666666 0.7564814814814815 0.01875 0.03333333333333333
0 0.6088541666666667 0.23796296296296296 0.06588541666666667 0.05648148148148148
0 0.48333333333333334 0.5680555555555555 0.025260416666666667 0.04027777777777778
0 0.47630208333333335 0.6134259259259259 0.025260416666666667 0.03935185185185185
0 0.56484375 0.6833333333333333 0.01875 0.03518518518518519
0 0.5453125 0.25462962962962965 0.02265625 0.03148148148148148
0 0.57734375 0.7425925925925926 0.02734375 0.052314814814814814
0 0.5338541666666666 0.7587962962962963 0.022395833333333334 0.03518518518518519
0 0.5169270833333334 0.4444444444444444 0.0296875 0.038425925925925926
0 0.6263020833333334 0.2023148148148148 0.02421875 0.043055555555555555
0 0.6184895833333334 0.5435185185185185 0.03229166666666667 0.040740740740740744
0 0.2630208333333333 0.5115740740740741 0.04296875 0.11018518518518519
0 0.5421875 0.5856481481481481 0.025520833333333333 0.03935185185185185
0 0.8354166666666667 0.4078703703703704 0.015364583333333333 0.04027777777777778
0 0.8361979166666667 0.3175925925925926 0.027083333333333334 0.038425925925925926
0 0.5486979166666667 0.4930555555555556 0.025260416666666667 0.043055555555555555
0 0.4953125 0.8138888888888889 0.02421875 0.03425925925925926
0 0.48385416666666664 0.49583333333333335 0.026302083333333334 0.040740740740740744
0 0.6869791666666667 0.18981481481481483 0.07473958333333333 0.08611111111111111
0 0.5609375 0.3851851851851852 0.023958333333333335 0.03148148148148148
0 0.30755208333333334 0.7439814814814815 0.0734375 0.0787037037037037
0 0.7424479166666667 0.17222222222222222 0.0265625 0.04259259259259259
0 0.6158854166666666 0.5671296296296297 0.015364583333333333 0.024537037037037038
0 0.7002604166666667 0.16944444444444445 0.019010416666666665 0.024074074074074074
0 0.68671875 0.19583333333333333 0.011458333333333333 0.043055555555555555
0 0.6635416666666667 0.2388888888888889 0.018489583333333334 0.052314814814814814
0 0.5911458333333334 0.2310185185185185 0.01640625 0.03425925925925926
0 0.6033854166666667 0.23657407407407408 0.01015625 0.03611111111111111
0 0.6216145833333333 0.24027777777777778 0.021614583333333333 0.028703703703703703
0 0.4591145833333333 0.23472222222222222 0.053125 0.059722222222222225
0 0.4518229166666667 0.18194444444444444 0.05677083333333333 0.03333333333333333
0 0.4671875 0.20833333333333334 0.016145833333333335 0.033796296296296297
0 0.4708333333333333 0.1476851851851852 0.021354166666666667 0.05416666666666667
0 0.27109375 0.5291666666666667 0.011458333333333333 0.024074074074074074
0 0.2734375 0.7388888888888889 0.015104166666666667 0.02962962962962963
0 0.2890625 0.7337962962962963 0.013020833333333334 0.03148148148148148
0 0.44947916666666665 0.7425925925925926 0.0140625 0.06018518518518518
0 0.46796875 0.749537037037037 0.02265625 0.06018518518518518
