0 0.29583333333333334 0.7305555555555555 0.03619791666666667 0.04583333333333333
0 0.4041666666666667 0.5763888888888888 0.03333333333333333 0.040740740740740744
0 0.26979166666666665 0.5199074074074074 0.04140625 0.03009259259259259
0 0.8315104166666667 0.05185185185185185 0.021354166666666667 0.030555555555555555
0 0.27005208333333336 0.47962962962962963 0.03333333333333333 0.04027777777777778
0 0.38619791666666664 0.6509259259259259 0.03046875 0.03935185185185185
0 0.4080729166666667 0.7027777777777777 0.03125 0.04398148148148148
0 0.46588541666666666 0.6425925925925926 0.038802083333333334 0.05277777777777778
0 0.1 0.5805555555555556 0.03203125 0.04537037037037037
0 0.1140625 0.4356481481481482 0.03515625 0.04351851851851852
0 0.26015625 0.5486111111111112 0.036458333333333336 0.03287037037037037
0 0.8950520833333333 0.4041666666666667 0.040625 0.04212962962962963
0 0.4309895833333333 0.4726851851851852 0.04973958333333333 0.041666666666666664
0 0.7739583333333333 0.41388888888888886 0.024479166666666666 0.055092592592592596
0 0.6833333333333333 0.12777777777777777 0.058333333333333334 0.044444444444444446
0 0.20677083333333332 0.5416666666666666 0.05859375 0.12638888888888888
0 0.8184895833333333 0.06898148148148148 0.046875 0.10787037037037037
0 0.7953125 0.15 0.023697916666666666 0.046296296296296294
0 0.19296875 0.4810185185185185 0.04010416666666667 0.03518518518518519
0 0.24375 0.6 0.0390625 0.025925925925925925
0 0.23932291666666666 0.575925925925926 0.029947916666666668 0.03425925925925926
0 0.46458333333333335 0.5291666666666667 0.018489583333333334 0.022222222222222223
0 0.7028645833333333 0.09351851851851851 0.016145833333333335 0.027314814814814816
0 0.7072916666666667 0.20416666666666666 0.02109375 0.10694444444444444
0 0.7088541666666667 0.19768518518518519 0.03359375 0.028703703703703703
0 0.9856770833333334 0.3814814814814815 0.027864583333333335 0.04814814814814815
0 0.9830729166666666 0.3763888888888889 0.0265625 0.025925925925925925
0 0.9815104166666667 0.5898148148148148 0.028385416666666666 0.028703703703703703
0 0.9809895833333333 0.600462962962963 0.0375 0.05462962962962963
