0 0.5364583333333334 0.7407407407407407 0.0171875 0.033796296296296297
0 0.5041666666666667 0.7699074074074074 0.018229166666666668 0.03425925925925926
0 0.6705729166666666 0.5046296296296297 0.019791666666666666 0.05138888888888889
0 0.625 0.8268518518518518 0.0203125 0.037037037037037035
0 0.46197916666666666 0.562962962962963 0.016666666666666666 0.04027777777777778
0 0.6505208333333333 0.7569444444444444 0.0203125 0.047685185185185185
0 0.5658854166666667 0.6439814814814815 0.016145833333333335 0.04351851851851852
0 0.634375 0.7018518518518518 0.015364583333333333 0.03611111111111111
0 0.553125 0.9384259259259259 0.034375 0.0412037037037037
0 0.6950520833333333 0.524074074074074 0.021354166666666667 0.05138888888888889
0 0.9932291666666667 0.5375 0.015364583333333333 0.06018518518518518
0 0.37734375 0.5087962962962963 0.0171875 0.024537037037037038
0 0.5427083333333333 0.7240740740740741 0.03046875 0.15
0 0.5822916666666667 0.7592592592592593 0.017447916666666667 0.04537037037037037
