0 0.50625 0.7416666666666667 0.051041666666666666 0.11944444444444445
0 0.5947916666666667 0.3523148148148148 0.024479166666666666 0.041666666666666664
0 0.41015625 0.36157407407407405 0.021354166666666667 0.03009259259259259
0 0.6486979166666667 0.38055555555555554 0.015625 0.05092592592592592
0 0.42109375 0.6527777777777778 0.02109375 0.06712962962962964
0 0.5635416666666667 0.6055555555555555 0.02734375 0.04675925925925926
0 0.5841145833333333 0.7337962962962963 0.015625 0.03194444444444444
0 0.9486979166666667 0.513425925925926 0.02421875 0.06111111111111111
0 0.44895833333333335 0.6504629629629629 0.021614583333333333 0.05277777777777778
0 0.46901041666666665 0.6356481481481482 0.031510416666666666 0.032407407407407406
0 0.5997395833333333 0.612037037037037 0.034375 0.043055555555555555
0 0.8484375 0.449537037037037 0.03854166666666667 0.03981481481481482
0 0.3203125 0.3921296296296296 0.027083333333333334 0.0412037037037037
0 0.48828125 0.9027777777777778 0.0328125 0.06527777777777778
0 0.6825520833333333 0.6925925925925925 0.03229166666666667 0.05694444444444444
0 0.47630208333333335 0.7837962962962963 0.019791666666666666 0.02962962962962963
0 0.50859375 0.6689814814814815 0.022916666666666665 0.0412037037037037
0 0.5356770833333333 0.6837962962962963 0.017447916666666667 0.04537037037037037
