0 0.6403645833333333 0.7560185185185185 0.015885416666666666 0.031018518518518518
0 0.6286458333333333 0.7430555555555556 0.016666666666666666 0.03611111111111111
0 0.5674479166666667 0.6277777777777778 0.01640625 0.0375
0 0.59140625 0.762962962962963 0.01484375 0.03425925925925926
0 0.6044270833333333 0.8032407407407407 0.015364583333333333 0.04351851851851852
0 0.40208333333333335 0.6731481481481482 0.021875 0.043055555555555555
0 0.5020833333333333 0.5083333333333333 0.018229166666666668 0.040740740740740744
0 0.6239583333333333 0.9166666666666666 0.025260416666666667 0.03796296296296296
0 0.5716145833333334 0.575462962962963 0.018489583333333334 0.033796296296296297
0 0.6309895833333333 0.6865740740740741 0.013541666666666667 0.04027777777777778
0 0.4895833333333333 0.9023148148148148 0.017447916666666667 0.030555555555555555
0 0.5640625 0.8453703703703703 0.0171875 0.03518518518518519
0 0.6606770833333333 0.7462962962962963 0.06848958333333334 0.08796296296296297
0 0.7286458333333333 0.8143518518518519 0.01640625 0.03657407407407407
0 0.58046875 0.8421296296296297 0.02265625 0.03194444444444444
0 0.51875 0.2828703703703704 0.01484375 0.031018518518518518
