0 0.9924479166666667 0.09398148148148149 0.016666666666666666 0.026851851851851852
0 0.9903645833333333 0.3148148148148148 0.013541666666666667 0.029166666666666667
0 0.9919270833333333 0.3055555555555556 0.013541666666666667 0.027777777777777776
0 0.48854166666666665 0.38657407407407407 0.038802083333333334 0.05416666666666667
0 0.28802083333333334 0.28703703703703703 0.03723958333333333 0.050462962962962966
0 0.33515625 0.45231481481481484 0.04583333333333333 0.04814814814814815
0 0.43515625 0.3138888888888889 0.03854166666666667 0.04814814814814815
0 0.2875 0.24444444444444444 0.038802083333333334 0.10185185185185185
0 0.12421875 0.31574074074074077 0.027604166666666666 0.04537037037037037
0 0.43046875 0.4375 0.034895833333333334 0.047685185185185185
0 0.7927083333333333 0.1439814814814815 0.0296875 0.05277777777777778
0 0.4791666666666667 0.2564814814814815 0.03567708333333333 0.04953703703703704
0 0.9830729166666666 0.31342592592592594 0.028645833333333332 0.04814814814814815
0 0.9895833333333334 0.09444444444444444 0.025520833333333333 0.04675925925925926
0 0.40677083333333336 0.39166666666666666 0.029947916666666668 0.04537037037037037
0 0.9026041666666667 0.14027777777777778 0.03697916666666667 0.05324074074074074
0 0.22786458333333334 0.28425925925925927 0.054427083333333334 0.12407407407407407
0 0.2671875 0.3402777777777778 0.0359375 0.03287037037037037
0 0.26640625 0.3143518518518518 0.04244791666666667 0.024537037037037038
0 0.45026041666666666 0.22083333333333333 0.03697916666666667 0.040740740740740744
