0 0.40182291666666664 0.7837962962962963 0.07708333333333334 0.0763888888888889
0 0.4479166666666667 0.6958333333333333 0.03515625 0.049074074074074076
0 0.47942708333333334 0.7541666666666667 0.028125 0.03935185185185185
0 0.346875 0.6486111111111111 0.03125 0.034722222222222224
0 0.30625 0.6527777777777778 0.02265625 0.050462962962962966
0 0.5263020833333333 0.39490740740740743 0.02265625 0.04212962962962963
0 0.38723958333333336 0.9662037037037037 0.037760416666666664 0.04212962962962963
0 0.43359375 0.725925925925926 0.030729166666666665 0.04398148148148148
0 0.7098958333333333 0.5050925925925925 0.040364583333333336 0.055092592592592596
0 0.3848958333333333 0.6949074074074074 0.03359375 0.049074074074074076
0 0.55078125 0.7023148148148148 0.025260416666666667 0.03981481481481482
0 0.4903645833333333 0.38425925925925924 0.0296875 0.03935185185185185
0 0.4786458333333333 0.6277777777777778 0.025260416666666667 0.0412037037037037
0 0.22994791666666667 0.45740740740740743 0.027604166666666666 0.05694444444444444
0 0.3567708333333333 0.6731481481481482 0.025260416666666667 0.03611111111111111
0 0.31171875 0.4305555555555556 0.023958333333333335 0.04537037037037037
0 0.78203125 0.5421296296296296 0.026041666666666668 0.04814814814814815
0 0.36744791666666665 0.8148148148148148 0.0171875 0.03194444444444444
