0 0.58203125 0.5810185185185185 0.016927083333333332 0.03518518518518519
0 0.4515625 0.6212962962962963 0.016666666666666666 0.028703703703703703
0 0.44453125 0.42407407407407405 0.016145833333333335 0.03009259259259259
0 0.4979166666666667 0.5611111111111111 0.011979166666666667 0.024074074074074074
0 0.49583333333333335 0.7393518518518518 0.019270833333333334 0.03287037037037037
0 0.35703125 0.6842592592592592 0.024479166666666666 0.04675925925925926
0 0.44296875 0.7013888888888888 0.018229166666666668 0.03611111111111111
0 0.40963541666666664 0.5921296296296297 0.018229166666666668 0.03564814814814815
0 0.5203125 0.5018518518518519 0.0140625 0.027314814814814816
0 0.6364583333333333 0.6712962962962963 0.01953125 0.0625
0 0.4635416666666667 0.5370370370370371 0.013541666666666667 0.023148148148148147
0 0.4127604166666667 0.7458333333333333 0.017708333333333333 0.024074074074074074
0 0.43984375 0.9662037037037037 0.01875 0.034722222222222224
0 0.40208333333333335 0.2962962962962963 0.013541666666666667 0.034722222222222224
0 0.5489583333333333 0.7319444444444444 0.019010416666666665 0.03287037037037037
0 0.5020833333333333 0.6277777777777778 0.01796875 0.027314814814814816
0 0.596875 0.5574074074074075 0.054427083333333334 0.10925925925925926
