0 0.4083333333333333 0.6199074074074075 0.02109375 0.027777777777777776
0 0.35703125 0.5564814814814815 0.020833333333333332 0.025
0 0.415625 0.4217592592592593 0.0265625 0.04027777777777778
0 0.265625 0.44537037037037036 0.021354166666666667 0.027777777777777776
0 0.4171875 0.30092592592592593 0.0265625 0.04212962962962963
0 0.45729166666666665 0.3990740740740741 0.02578125 0.04259259259259259
0 0.38984375 0.47685185185185186 0.021354166666666667 0.033796296296296297
0 0.33671875 0.6046296296296296 0.020052083333333335 0.02824074074074074
0 0.365625 0.4 0.021614583333333333 0.03333333333333333
0 0.37786458333333334 0.8055555555555556 0.04140625 0.05092592592592592
0 0.4640625 0.32685185185185184 0.026302083333333334 0.04398148148148148
0 0.33125 0.6342592592592593 0.02109375 0.03009259259259259
0 0.23098958333333333 0.6777777777777778 0.020572916666666666 0.03425925925925926
0 0.4359375 0.6300925925925925 0.07786458333333333 0.06435185185185185
0 0.28151041666666665 0.5263888888888889 0.023697916666666666 0.03194444444444444
0 0.27682291666666664 0.425 0.0203125 0.028703703703703703
0 0.4348958333333333 0.42962962962962964 0.015625 0.03888888888888889
