0 0.43697916666666664 0.49074074074074076 0.019270833333333334 0.027777777777777776
0 0.37786458333333334 0.7291666666666666 0.015885416666666666 0.0375
0 0.42265625 0.5453703703703704 0.011979166666666667 0.026851851851851852
0 0.3731770833333333 0.9773148148148149 0.016927083333333332 0.03333333333333333
0 0.42552083333333335 0.7375 0.01328125 0.032407407407407406
0 0.4825520833333333 0.7425925925925926 0.019010416666666665 0.03657407407407407
0 0.37942708333333336 0.42824074074074076 0.019010416666666665 0.03287037037037037
0 0.5559895833333334 0.7319444444444444 0.0265625 0.05324074074074074
0 0.4140625 0.637962962962963 0.01875 0.03564814814814815
0 0.39557291666666666 0.5462962962962963 0.0171875 0.030555555555555555
0 0.29661458333333335 0.7023148148148148 0.021354166666666667 0.050462962962962966
0 0.33619791666666665 0.35509259259259257 0.020833333333333332 0.04861111111111111
0 0.35104166666666664 0.5921296296296297 0.018229166666666668 0.030555555555555555
0 0.5393229166666667 0.5546296296296296 0.0609375 0.10231481481481482
0 0.37604166666666666 0.6263888888888889 0.019270833333333334 0.03287037037037037
0 0.5234375 0.5833333333333334 0.03046875 0.046296296296296294
0 0.35052083333333334 0.7601851851851852 0.014583333333333334 0.03194444444444444
