0 0.53515625 0.7101851851851851 0.0140625 0.03518518518518519
0 0.36432291666666666 0.5092592592592593 0.014322916666666666 0.02638888888888889
0 0.4596354166666667 0.5055555555555555 0.014583333333333334 0.038425925925925926
0 0.6635416666666667 0.7550925925925925 0.023177083333333334 0.044444444444444446
0 0.6864583333333333 0.48009259259259257 0.023958333333333335 0.0412037037037037
0 0.7041666666666667 0.5180555555555556 0.022916666666666665 0.043055555555555555
0 0.58125 0.6240740740740741 0.020833333333333332 0.04814814814814815
0 0.4934895833333333 0.7282407407407407 0.023177083333333334 0.05092592592592592
0 0.58203125 0.7509259259259259 0.019270833333333334 0.04814814814814815
0 0.62109375 0.6861111111111111 0.015885416666666666 0.03796296296296296
0 0.54609375 0.9236111111111112 0.04739583333333333 0.044444444444444446
0 0.5408854166666667 0.6412037037037037 0.01796875 0.03194444444444444
0 0.9955729166666667 0.5388888888888889 0.008333333333333333 0.038425925925925926
0 0.5481770833333334 0.637962962962963 0.016145833333333335 0.03287037037037037
0 0.64140625 0.8111111111111111 0.0203125 0.03287037037037037
0 0.5377604166666666 0.6995370370370371 0.029166666666666667 0.13703703703703704
