0 0.44583333333333336 0.8625 0.07213541666666666 0.07037037037037037
0 0.34921875 0.7865740740740741 0.022395833333333334 0.03888888888888889
0 0.50078125 0.6398148148148148 0.020052083333333335 0.037037037037037035
0 0.19869791666666667 0.674074074074074 0.019010416666666665 0.03935185185185185
0 0.45260416666666664 0.8125 0.019791666666666666 0.028703703703703703
0 0.39296875 0.7689814814814815 0.019791666666666666 0.03425925925925926
0 0.46796875 0.7768518518518519 0.020052083333333335 0.029166666666666667
0 0.46901041666666665 0.6486111111111111 0.019791666666666666 0.029166666666666667
0 0.4427083333333333 0.9731481481481481 0.0390625 0.04953703703703704
0 0.3645833333333333 0.7157407407407408 0.028125 0.040740740740740744
0 0.29322916666666665 0.6439814814814815 0.019270833333333334 0.03888888888888889
0 0.40911458333333334 0.7407407407407407 0.019270833333333334 0.02824074074074074
0 0.4309895833333333 0.788425925925926 0.029427083333333333 0.05925925925925926
0 0.65078125 0.4027777777777778 0.021354166666666667 0.03333333333333333
0 0.3846354166666667 0.35555555555555557 0.029427083333333333 0.05925925925925926
0 0.5328125 0.4666666666666667 0.02734375 0.0587962962962963
0 0.40234375 0.8402777777777778 0.01796875 0.0375
