0 0.6239583333333333 0.34629629629629627 0.02265625 0.02824074074074074
0 0.59609375 0.3449074074074074 0.019270833333333334 0.026851851851851852
0 0.6104166666666667 0.3453703703703704 0.01796875 0.027777777777777776
0 0.31145833333333334 0.8629629629629629 0.022916666666666665 0.03194444444444444
0 0.6877604166666667 0.26064814814814813 0.025260416666666667 0.03935185185185185
0 0.28411458333333334 0.5370370370370371 0.017708333333333333 0.031018518518518518
0 0.28802083333333334 0.8453703703703703 0.018489583333333334 0.03564814814814815
0 0.5606770833333333 0.7550925925925925 0.0234375 0.044444444444444446
0 0.5049479166666667 0.8875 0.02109375 0.04537037037037037
0 0.47760416666666666 0.6143518518518518 0.02734375 0.03657407407407407
0 0.5700520833333333 0.8699074074074075 0.03203125 0.08194444444444444
0 0.428125 0.6865740740740741 0.032552083333333336 0.04953703703703704
0 0.4953125 0.5680555555555555 0.025260416666666667 0.044444444444444446
0 0.44609375 0.7699074074074074 0.03203125 0.04259259259259259
0 0.41640625 0.8726851851851852 0.030729166666666665 0.04212962962962963
0 0.5231770833333333 0.5773148148148148 0.023697916666666666 0.04398148148148148
0 0.53203125 0.8398148148148148 0.020833333333333332 0.047685185185185185
0 0.5609375 0.46064814814814814 0.027604166666666666 0.03657407407407407
0 0.7278645833333334 0.09537037037037037 0.0296875 0.047685185185185185
0 0.2830729166666667 0.7888888888888889 0.0265625 0.04351851851851852
0 0.5526041666666667 0.6939814814814815 0.028645833333333332 0.05138888888888889
0 0.5036458333333333 0.5259259259259259 0.029947916666666668 0.04675925925925926
0 0.27682291666666664 0.5319444444444444 0.03567708333333333 0.11481481481481481
0 0.5182291666666666 0.29074074074074074 0.022916666666666665 0.033796296296296297
0 0.7622395833333333 0.22546296296296298 0.031510416666666666 0.04212962962962963
0 0.2994791666666667 0.8393518518518519 0.0625 0.09398148148148149
0 0.61171875 0.34675925925925927 0.06588541666666667 0.058333333333333334
0 0.8291666666666667 0.375 0.02734375 0.053703703703703705
0 0.6971354166666667 0.2569444444444444 0.06484375 0.08287037037037037
0 0.8278645833333333 0.4615740740740741 0.028125 0.04027777777777778
0 0.6041666666666666 0.624537037037037 0.02109375 0.03564814814814815
0 0.60546875 0.6555555555555556 0.014322916666666666 0.027777777777777776
0 0.5028645833333333 0.5976851851851852 0.02578125 0.02638888888888889
0 0.67890625 0.2935185185185185 0.013802083333333333 0.04490740740740741
0 0.7122395833333334 0.23425925925925925 0.016927083333333332 0.04537037037037037
0 0.46875 0.31157407407407406 0.054427083333333334 0.07453703703703704
0 0.46588541666666666 0.2574074074074074 0.054427083333333334 0.04259259259259259
0 0.49270833333333336 0.23981481481481481 0.01484375 0.027314814814814816
0 0.47552083333333334 0.2740740740740741 0.011979166666666667 0.04212962962962963
