0 0.5098958333333333 0.3476851851851852 0.03359375 0.0412037037037037
0 0.3645833333333333 0.3875 0.0390625 0.04351851851851852
0 0.8255208333333334 0.09907407407407408 0.035416666666666666 0.04583333333333333
0 0.3125 0.23842592592592593 0.03671875 0.04212962962962963
0 0.31666666666666665 0.30416666666666664 0.0265625 0.03935185185185185
0 0.15729166666666666 0.2712962962962963 0.03177083333333333 0.04398148148148148
0 0.4278645833333333 0.3416666666666667 0.028645833333333332 0.0412037037037037
0 0.45807291666666666 0.25601851851851853 0.03463541666666667 0.05
0 0.19479166666666667 0.12824074074074074 0.034895833333333334 0.0412037037037037
0 0.31276041666666665 0.2 0.0375 0.044444444444444446
0 0.91328125 0.10324074074074074 0.026822916666666665 0.03796296296296296
0 0.24192708333333332 0.2273148148148148 0.06458333333333334 0.10138888888888889
0 0.50078125 0.20925925925925926 0.030989583333333334 0.047685185185185185
0 0.45078125 0.3861111111111111 0.0375 0.04398148148148148
0 0.28229166666666666 0.2537037037037037 0.02890625 0.024537037037037038
0 0.2872395833333333 0.2800925925925926 0.029947916666666668 0.03657407407407407
0 0.2609375 0.18703703703703703 0.03958333333333333 0.03657407407407407
0 0.30625 0.16157407407407406 0.03515625 0.024074074074074074
0 0.4828125 0.1699074074074074 0.0390625 0.03518518518518519
