0 0.2674479166666667 0.26435185185185184 0.0265625 0.03657407407407407
0 0.16927083333333334 0.14305555555555555 0.03515625 0.0412037037037037
0 0.44375 0.25601851851851853 0.029427083333333333 0.033796296296296297
0 0.34609375 0.3990740740740741 0.046875 0.05185185185185185
0 0.29713541666666665 0.24583333333333332 0.037760416666666664 0.038425925925925926
0 0.4979166666666667 0.3402777777777778 0.034375 0.04212962962962963
0 0.1375 0.28564814814814815 0.030989583333333334 0.04398148148148148
0 0.9041666666666667 0.08287037037037037 0.0375 0.04398148148148148
0 0.4859375 0.20972222222222223 0.026822916666666665 0.03796296296296296
0 0.29765625 0.21203703703703702 0.03854166666666667 0.044444444444444446
0 0.46510416666666665 0.17037037037037037 0.04895833333333333 0.041666666666666664
0 0.2859375 0.17685185185185184 0.04348958333333333 0.043055555555555555
0 0.43854166666666666 0.38842592592592595 0.03567708333333333 0.03935185185185185
0 0.41484375 0.3439814814814815 0.03046875 0.03657407407407407
0 0.22994791666666667 0.23981481481481481 0.06536458333333334 0.09583333333333334
0 0.8067708333333333 0.08518518518518518 0.030989583333333334 0.043055555555555555
0 0.23880208333333333 0.19814814814814816 0.03125 0.033796296296296297
0 0.9890625 0.03935185185185185 0.016927083333333332 0.026851851851851852
