0 0.34791666666666665 0.5800925925925926 0.018229166666666668 0.03287037037037037
0 0.34088541666666666 0.8564814814814815 0.040625 0.03611111111111111
0 0.8111979166666666 0.5037037037037037 0.02890625 0.052314814814814814
0 0.36484375 0.6222222222222222 0.021354166666666667 0.029166666666666667
0 0.39427083333333335 0.7226851851851852 0.02421875 0.04398148148148148
0 0.24505208333333334 0.487962962962963 0.020052083333333335 0.03611111111111111
0 0.41796875 0.6439814814814815 0.0171875 0.037037037037037035
0 0.4518229166666667 0.7875 0.032552083333333336 0.04212962962962963
0 0.46458333333333335 0.7148148148148148 0.023177083333333334 0.05185185185185185
0 0.8908854166666667 0.549537037037037 0.032552083333333336 0.03888888888888889
0 0.9098958333333333 0.34814814814814815 0.051041666666666666 0.04953703703703704
0 0.34791666666666665 0.6412037037037037 0.03567708333333333 0.1398148148148148
0 0.22760416666666666 0.7282407407407407 0.028645833333333332 0.04027777777777778
0 0.13880208333333333 0.49444444444444446 0.054947916666666666 0.053703703703703705
0 0.33046875 0.6657407407407407 0.012760416666666666 0.021296296296296296
0 0.3419270833333333 0.6504629629629629 0.01640625 0.022222222222222223
0 0.34791666666666665 0.6967592592592593 0.03229166666666667 0.04212962962962963
0 0.4942708333333333 0.4842592592592593 0.013802083333333333 0.0375
0 0.5028645833333333 0.49583333333333335 0.0140625 0.020833333333333332
0 0.9151041666666667 0.35694444444444445 0.02890625 0.05324074074074074
0 0.98671875 0.28425925925925927 0.026041666666666668 0.03518518518518519
