0 0.73828125 0.37407407407407406 0.02109375 0.029166666666666667
0 0.9333333333333333 0.8314814814814815 0.026041666666666668 0.04351851851851852
0 0.98984375 0.6273148148148148 0.015885416666666666 0.032407407407407406
0 0.11484375 0.7587962962962963 0.02109375 0.03425925925925926
0 0.68125 0.5032407407407408 0.01796875 0.025
0 0.9833333333333333 0.6402777777777777 0.03619791666666667 0.05324074074074074
0 0.6895833333333333 0.6773148148148148 0.02578125 0.04675925925925926
0 0.007291666666666667 0.6550925925925926 0.0140625 0.037037037037037035
0 0.18567708333333333 0.8356481481481481 0.021875 0.0412037037037037
0 0.7244791666666667 0.3902777777777778 0.05026041666666667 0.07777777777777778
0 0.7338541666666667 0.45092592592592595 0.024739583333333332 0.04259259259259259
0 0.19713541666666667 0.7680555555555556 0.03177083333333333 0.0412037037037037
0 0.5971354166666667 0.6361111111111111 0.025520833333333333 0.04259259259259259
0 0.78828125 0.3421296296296296 0.059895833333333336 0.08703703703703704
0 0.67109375 0.49166666666666664 0.05260416666666667 0.05694444444444444
0 0.2596354166666667 0.8416666666666667 0.019791666666666666 0.037037037037037035
0 0.24375 0.9236111111111112 0.021875 0.03657407407407407
0 0.9364583333333333 0.8319444444444445 0.08776041666666666 0.07268518518518519
0 0.12109375 0.7439814814814815 0.03177083333333333 0.15925925925925927
0 0.8997395833333334 0.39166666666666666 0.03697916666666667 0.043055555555555555
0 0.3078125 0.6768518518518518 0.021354166666666667 0.03425925925925926
0 0.32526041666666666 0.6949074074074074 0.01640625 0.03425925925925926
0 0.121875 0.6893518518518519 0.02734375 0.032407407407407406
0 0.12578125 0.7356481481481482 0.02109375 0.027777777777777776
0 0.11484375 0.7851851851851852 0.02109375 0.023148148148148147
0 0.12630208333333334 0.8185185185185185 0.019010416666666665 0.03425925925925926
