0 0.5247395833333334 0.7268518518518519 0.012760416666666666 0.033796296296296297
0 0.5322916666666667 0.7240740740740741 0.013020833333333334 0.03518518518518519
0 0.6979166666666666 0.5217592592592593 0.023177083333333334 0.04861111111111111
0 0.6502604166666667 0.7606481481481482 0.025 0.04259259259259259
0 0.6291666666666667 0.8138888888888889 0.026302083333333334 0.03796296296296296
0 0.6755208333333333 0.4898148148148148 0.021875 0.04537037037037037
0 0.571875 0.7625 0.019791666666666666 0.05185185185185185
0 0.4546875 0.5263888888888889 0.022135416666666668 0.04351851851851852
0 0.49609375 0.7453703703703703 0.02421875 0.04583333333333333
0 0.5231770833333333 0.7689814814814815 0.015364583333333333 0.03287037037037037
0 0.99296875 0.549537037037037 0.0140625 0.06481481481481481
0 0.5369791666666667 0.6537037037037037 0.015625 0.03796296296296296
0 0.5346354166666667 0.6666666666666666 0.015885416666666666 0.03981481481481482
0 0.9950520833333333 0.537962962962963 0.011197916666666667 0.03796296296296296
0 0.6221354166666667 0.6949074074074074 0.013802083333333333 0.03564814814814815
0 0.5330729166666667 0.712037037037037 0.029947916666666668 0.12546296296296297
0 0.56953125 0.6263888888888889 0.015364583333333333 0.04259259259259259
