0 0.59765625 0.35648148148148145 0.01875 0.028703703703703703
0 0.6252604166666667 0.3574074074074074 0.022135416666666668 0.027777777777777776
0 0.31145833333333334 0.8703703703703703 0.01953125 0.032407407407407406
0 0.28802083333333334 0.8444444444444444 0.017447916666666667 0.03425925925925926
0 0.609375 0.3490740740740741 0.016666666666666666 0.02824074074074074
0 0.5986979166666667 0.6287037037037037 0.04140625 0.05787037037037037
0 0.7252604166666666 0.10925925925925926 0.02578125 0.05138888888888889
0 0.5197916666666667 0.5782407407407407 0.023177083333333334 0.04398148148148148
0 0.56875 0.8773148148148148 0.028125 0.07962962962962963
0 0.5567708333333333 0.7541666666666667 0.0265625 0.04814814814814815
0 0.5153645833333333 0.2916666666666667 0.024739583333333332 0.032407407407407406
0 0.4010416666666667 0.8731481481481481 0.030208333333333334 0.04027777777777778
0 0.7604166666666666 0.20787037037037037 0.02734375 0.040740740740740744
0 0.83046875 0.36944444444444446 0.028125 0.04027777777777778
0 0.30546875 0.8555555555555555 0.05572916666666667 0.08472222222222223
0 0.46796875 0.25416666666666665 0.05963541666666667 0.0412037037037037
0 0.4778645833333333 0.6069444444444444 0.025260416666666667 0.04490740740740741
0 0.6130208333333333 0.35462962962962963 0.06744791666666666 0.05787037037037037
0 0.553125 0.700462962962963 0.028385416666666666 0.043055555555555555
0 0.6986979166666667 0.25787037037037036 0.06588541666666667 0.0787037037037037
0 0.4705729166666667 0.3106481481481482 0.052083333333333336 0.08055555555555556
0 0.5260416666666666 0.8435185185185186 0.027864583333333335 0.052314814814814814
0 0.5075520833333333 0.888425925925926 0.021354166666666667 0.05324074074074074
0 0.49557291666666664 0.5652777777777778 0.024479166666666666 0.04537037037037037
0 0.4197916666666667 0.6523148148148148 0.02734375 0.0587962962962963
0 0.28567708333333336 0.524074074074074 0.03723958333333333 0.11481481481481481
0 0.5606770833333333 0.46064814814814814 0.02734375 0.03611111111111111
0 0.2890625 0.7837962962962963 0.025260416666666667 0.04027777777777778
0 0.8263020833333333 0.4527777777777778 0.027083333333333334 0.040740740740740744
0 0.29348958333333336 0.5231481481481481 0.017708333333333333 0.040740740740740744
0 0.5015625 0.5268518518518519 0.020572916666666666 0.03564814814814815
0 0.67890625 0.27685185185185185 0.020052083333333335 0.040740740740740744
0 0.69296875 0.25416666666666665 0.023958333333333335 0.028703703703703703
0 0.7153645833333333 0.23981481481481481 0.017447916666666667 0.03425925925925926
0 0.6377604166666667 0.3592592592592593 0.013802083333333333 0.031018518518518518
0 0.47369791666666666 0.2712962962962963 0.016927083333333332 0.034722222222222224
0 0.4979166666666667 0.24768518518518517 0.01953125 0.027777777777777776
