0 0.7278645833333334 0.5824074074074074 0.01875 0.03287037037037037
0 0.9934895833333334 0.887962962962963 0.011979166666666667 0.037037037037037035
0 0.6841145833333333 0.7143518518518519 0.01875 0.025
0 0.9908854166666666 0.8759259259259259 0.01875 0.07685185185185185
0 0.7385416666666667 0.65 0.023958333333333335 0.04212962962962963
0 0.6153645833333333 0.8541666666666666 0.0234375 0.04861111111111111
0 0.72265625 0.8902777777777777 0.027864583333333335 0.046296296296296294
0 0.13567708333333334 0.9365740740740741 0.04791666666666667 0.10185185185185185
0 0.7119791666666667 0.5935185185185186 0.06041666666666667 0.07453703703703704
0 0.21432291666666667 0.9773148148148149 0.029427083333333333 0.03796296296296296
0 0.78984375 0.55 0.06015625 0.0837962962962963
0 0.8838541666666667 0.5990740740740741 0.03046875 0.050462962962962966
0 0.31875 0.8921296296296296 0.022135416666666668 0.03518518518518519
0 0.34479166666666666 0.9180555555555555 0.019010416666666665 0.03611111111111111
0 0.12604166666666666 0.9717592592592592 0.022395833333333334 0.030555555555555555
0 0.13802083333333334 0.9476851851851852 0.02734375 0.020370370370370372
0 0.13307291666666668 0.9023148148148148 0.02734375 0.031018518518518518
0 0.005729166666666666 0.8805555555555555 0.01171875 0.02824074074074074
