0 0.5794270833333334 0.8560185185185185 0.07708333333333334 0.05185185185185185
0 0.50703125 0.4791666666666667 0.025 0.05185185185185185
0 0.46848958333333335 0.8277777777777777 0.017708333333333333 0.033796296296296297
0 0.4778645833333333 0.8851851851851852 0.016145833333333335 0.03611111111111111
0 0.56796875 0.774537037037037 0.015364583333333333 0.03518518518518519
0 0.5611979166666666 0.8148148148148148 0.01953125 0.030555555555555555
0 0.6197916666666666 0.950925925925926 0.023177083333333334 0.04490740740740741
0 0.3859375 0.8476851851851852 0.022395833333333334 0.03935185185185185
0 0.515625 0.8 0.015625 0.03148148148148148
0 0.5309895833333333 0.6583333333333333 0.019270833333333334 0.027314814814814816
0 0.3265625 0.987037037037037 0.016145833333333335 0.02175925925925926
0 0.5828125 0.2967592592592593 0.025260416666666667 0.04351851851851852
0 0.525 0.9185185185185185 0.03671875 0.06898148148148148
0 0.5122395833333333 0.8495370370370371 0.016145833333333335 0.03009259259259259
0 0.5471354166666667 0.6240740740740741 0.018489583333333334 0.032407407407407406
0 0.3653645833333333 0.5398148148148149 0.027083333333333334 0.062037037037037036
0 0.55078125 0.8328703703703704 0.022395833333333334 0.033796296296296297
