0 0.49375 0.7388888888888889 0.06015625 0.11203703703703703
0 0.5809895833333333 0.7384259259259259 0.03125 0.029166666666666667
0 0.6390625 0.3787037037037037 0.019791666666666666 0.03657407407407407
0 0.55625 0.6129629629629629 0.0296875 0.04861111111111111
0 0.6747395833333333 0.6916666666666667 0.01796875 0.03564814814814815
0 0.8276041666666667 0.45231481481481484 0.029947916666666668 0.04583333333333333
0 0.41458333333333336 0.6666666666666666 0.021354166666666667 0.0412037037037037
0 0.58515625 0.34444444444444444 0.022916666666666665 0.049074074074074076
0 0.4796875 0.9166666666666666 0.028385416666666666 0.05694444444444444
0 0.5848958333333333 0.6129629629629629 0.029947916666666668 0.04351851851851852
0 0.9299479166666667 0.5120370370370371 0.02578125 0.06944444444444445
0 0.30963541666666666 0.4046296296296296 0.029947916666666668 0.06388888888888888
0 0.5302083333333333 0.6925925925925925 0.0125 0.0375
0 0.403125 0.36527777777777776 0.022135416666666668 0.05648148148148148
0 0.49140625 0.6851851851851852 0.022916666666666665 0.031018518518518518
0 0.46588541666666666 0.7870370370370371 0.016927083333333332 0.026851851851851852
0 0.44114583333333335 0.6606481481481481 0.017447916666666667 0.028703703703703703
0 0.4557291666666667 0.6342592592592593 0.021614583333333333 0.03009259259259259
