0 0.9924479166666667 0.21157407407407408 0.016666666666666666 0.030555555555555555
0 0.41848958333333336 0.4152777777777778 0.033854166666666664 0.04212962962962963
0 0.44375 0.3189814814814815 0.05546875 0.04583333333333333
0 0.2755208333333333 0.3912037037037037 0.037760416666666664 0.04675925925925926
0 0.4 0.49074074074074076 0.034375 0.04722222222222222
0 0.31692708333333336 0.5643518518518519 0.053385416666666664 0.05185185185185185
0 0.47890625 0.4875 0.040364583333333336 0.05416666666666667
0 0.4192708333333333 0.5481481481481482 0.03046875 0.046296296296296294
0 0.11041666666666666 0.43148148148148147 0.033854166666666664 0.04490740740740741
0 0.27630208333333334 0.3277777777777778 0.03463541666666667 0.05277777777777778
0 0.9893229166666667 0.2101851851851852 0.023177083333333334 0.04814814814814815
0 0.2125 0.3773148148148148 0.04635416666666667 0.1259259259259259
0 0.7822916666666667 0.2513888888888889 0.0265625 0.05324074074074074
0 0.9044270833333333 0.23842592592592593 0.02734375 0.06851851851851852
0 0.12578125 0.28425925925925927 0.0578125 0.032407407407407406
0 0.21171875 0.33194444444444443 0.046875 0.04537037037037037
0 0.25390625 0.4439814814814815 0.03854166666666667 0.03981481481481482
0 0.25026041666666665 0.4185185185185185 0.034895833333333334 0.027314814814814816
0 0.46953125 0.36342592592592593 0.012760416666666666 0.027777777777777776
0 0.7065104166666667 0.02638888888888889 0.029427083333333333 0.03009259259259259
0 0.7080729166666667 0.044444444444444446 0.022395833333333334 0.08935185185185185
0 0.9833333333333333 0.4337962962962963 0.0328125 0.06666666666666667
0 0.9854166666666667 0.4185185185185185 0.022916666666666665 0.03888888888888889
