0 0.5973958333333333 0.3587962962962963 0.019791666666666666 0.029166666666666667
0 0.6263020833333334 0.37083333333333335 0.020572916666666666 0.029166666666666667
0 0.6091145833333333 0.3597222222222222 0.01875 0.02962962962962963
0 0.3125 0.875462962962963 0.019791666666666666 0.027314814814814816
0 0.3111979166666667 0.5337962962962963 0.02265625 0.03148148148148148
0 0.59453125 0.6342592592592593 0.05286458333333333 0.07546296296296297
0 0.5010416666666667 0.5115740740740741 0.03229166666666667 0.041666666666666664
0 0.725 0.12824074074074074 0.027083333333333334 0.05138888888888889
0 0.7658854166666667 0.19305555555555556 0.025 0.0412037037037037
0 0.49661458333333336 0.5625 0.028125 0.04212962962962963
0 0.3807291666666667 0.8763888888888889 0.03802083333333333 0.046296296296296294
0 0.3059895833333333 0.8606481481481482 0.058333333333333334 0.07962962962962963
0 0.5151041666666667 0.5555555555555556 0.030208333333333334 0.03981481481481482
0 0.5559895833333334 0.7560185185185185 0.025520833333333333 0.047685185185185185
0 0.69765625 0.25925925925925924 0.06614583333333333 0.07592592592592592
0 0.55234375 0.7078703703703704 0.028385416666666666 0.04537037037037037
0 0.29609375 0.7912037037037037 0.027083333333333334 0.04537037037037037
0 0.5572916666666666 0.46111111111111114 0.0265625 0.04027777777777778
0 0.61171875 0.3597222222222222 0.0640625 0.060648148148148145
0 0.4783854166666667 0.5912037037037037 0.026041666666666668 0.04537037037037037
0 0.5674479166666667 0.8902777777777777 0.025 0.06574074074074074
0 0.5265625 0.8486111111111111 0.022395833333333334 0.0587962962962963
0 0.5041666666666667 0.8930555555555556 0.02265625 0.05185185185185185
0 0.8296875 0.3611111111111111 0.026041666666666668 0.04212962962962963
0 0.41302083333333334 0.6263888888888889 0.029427083333333333 0.05694444444444444
0 0.2955729166666667 0.5194444444444445 0.04401041666666667 0.10462962962962963
0 0.8276041666666667 0.4462962962962963 0.02890625 0.03796296296296296
0 0.2869791666666667 0.8583333333333333 0.01484375 0.0375
0 0.47109375 0.30787037037037035 0.05520833333333333 0.06944444444444445
0 0.46822916666666664 0.25277777777777777 0.05651041666666667 0.041666666666666664
0 0.47630208333333335 0.27314814814814814 0.013802083333333333 0.031018518518518518
0 0.5044270833333333 0.2587962962962963 0.020052083333333335 0.03009259259259259
0 0.5169270833333334 0.28935185185185186 0.01484375 0.03194444444444444
0 0.6791666666666667 0.28194444444444444 0.015625 0.05092592592592592
0 0.6942708333333333 0.2587962962962963 0.023697916666666666 0.028703703703703703
0 0.7153645833333333 0.2361111111111111 0.017708333333333333 0.03148148148148148
0 0.6393229166666666 0.3648148148148148 0.01171875 0.03425925925925926
