0 0.41015625 0.7759259259259259 0.07421875 0.09768518518518518
0 0.46458333333333335 0.6819444444444445 0.02890625 0.03888888888888889
0 0.49583333333333335 0.6259259259259259 0.028385416666666666 0.04722222222222222
0 0.5721354166666667 0.7148148148148148 0.022135416666666668 0.04953703703703704
0 0.32526041666666666 0.4162037037037037 0.03125 0.047685185185185185
0 0.3606770833333333 0.6421296296296296 0.036458333333333336 0.05138888888888889
0 0.4953125 0.7564814814814815 0.021614583333333333 0.02824074074074074
0 0.5036458333333333 0.3736111111111111 0.026041666666666668 0.03888888888888889
0 0.3606770833333333 0.6699074074074074 0.027604166666666666 0.044444444444444446
0 0.32526041666666666 0.6731481481481482 0.0265625 0.038425925925925926
0 0.40520833333333334 0.9680555555555556 0.044270833333333336 0.043055555555555555
0 0.5450520833333333 0.3925925925925926 0.0203125 0.04398148148148148
0 0.80078125 0.5370370370370371 0.04010416666666667 0.04490740740740741
0 0.3958333333333333 0.6944444444444444 0.02578125 0.04259259259259259
0 0.3815104166666667 0.8097222222222222 0.020833333333333332 0.034722222222222224
0 0.24140625 0.44351851851851853 0.032552083333333336 0.04953703703703704
0 0.7278645833333334 0.49398148148148147 0.03177083333333333 0.05277777777777778
0 0.45390625 0.7310185185185185 0.02109375 0.03425925925925926
