0 0.5513020833333333 0.6990740740740741 0.01796875 0.03518518518518519
0 0.4890625 0.7435185185185185 0.017708333333333333 0.03564814814814815
0 0.6598958333333333 0.8050925925925926 0.021354166666666667 0.03657407407407407
0 0.47239583333333335 0.4949074074074074 0.017708333333333333 0.03611111111111111
0 0.5567708333333333 0.9041666666666667 0.03515625 0.04861111111111111
0 0.7138020833333333 0.5092592592592593 0.022135416666666668 0.047685185185185185
0 0.37421875 0.5106481481481482 0.028385416666666666 0.0375
0 0.6348958333333333 0.6722222222222223 0.016666666666666666 0.03333333333333333
0 0.6049479166666667 0.7435185185185185 0.01796875 0.03981481481481482
0 0.5552083333333333 0.6393518518518518 0.02109375 0.04583333333333333
0 0.7083333333333334 0.49398148148148147 0.025520833333333333 0.06481481481481481
0 0.5385416666666667 0.7106481481481481 0.014322916666666666 0.025925925925925925
0 0.59375 0.6865740740740741 0.028125 0.05324074074074074
0 0.5494791666666666 0.6958333333333333 0.02890625 0.12685185185185185
0 0.59609375 0.6222222222222222 0.020052083333333335 0.04953703703703704
0 0.6848958333333334 0.7569444444444444 0.023177083333333334 0.046296296296296294
