0 0.7174479166666666 0.8597222222222223 0.032552083333333336 0.047685185185185185
0 0.846875 0.5523148148148148 0.0609375 0.08518518518518518
0 0.76171875 0.5666666666666667 0.020572916666666666 0.03564814814814815
0 0.809375 0.6296296296296297 0.021875 0.03888888888888889
0 0.3046875 0.9879629629629629 0.03177083333333333 0.024074074074074074
0 0.20286458333333332 0.9060185185185186 0.02890625 0.044444444444444446
0 0.0796875 0.9018518518518519 0.0390625 0.03981481481481482
0 0.7317708333333334 0.6990740740740741 0.05 0.05277777777777778
0 0.7427083333333333 0.5814814814814815 0.0625 0.05787037037037037
0 0.81328125 0.9037037037037037 0.025260416666666667 0.03657407407407407
0 0.3807291666666667 0.8875 0.032552083333333336 0.04212962962962963
0 0.9174479166666667 0.5643518518518519 0.030989583333333334 0.049074074074074076
0 0.19947916666666668 0.9513888888888888 0.0265625 0.09722222222222222
0 0.21432291666666667 0.9481481481481482 0.01796875 0.03518518518518519
0 0.4192708333333333 0.9342592592592592 0.016927083333333332 0.03194444444444444
0 0.7380208333333333 0.6986111111111111 0.01953125 0.04861111111111111
