0 0.55390625 0.5694444444444444 0.019010416666666665 0.03333333333333333
0 0.37526041666666665 0.7564814814814815 0.019270833333333334 0.023148148148148147
0 0.40677083333333336 0.42916666666666664 0.020052083333333335 0.029166666666666667
0 0.4005208333333333 0.7185185185185186 0.01875 0.03796296296296296
0 0.44583333333333336 0.6342592592592593 0.01875 0.03425925925925926
0 0.45677083333333335 0.7398148148148148 0.019270833333333334 0.03611111111111111
0 0.4236979166666667 0.5402777777777777 0.018489583333333334 0.03333333333333333
0 0.47213541666666664 0.49212962962962964 0.020572916666666666 0.03148148148148148
0 0.3848958333333333 0.6050925925925926 0.0140625 0.03425925925925926
0 0.4010416666666667 0.975925925925926 0.01640625 0.03148148148148148
0 0.45338541666666665 0.5486111111111112 0.011197916666666667 0.02962962962962963
0 0.32109375 0.6958333333333333 0.01953125 0.05185185185185185
0 0.5111979166666667 0.7416666666666667 0.0234375 0.044444444444444446
0 0.5869791666666667 0.7129629629629629 0.023958333333333335 0.09027777777777778
0 0.3807291666666667 0.5976851851851852 0.015885416666666666 0.03287037037037037
0 0.36354166666666665 0.3402777777777778 0.017708333333333333 0.055092592592592596
0 0.5658854166666667 0.5532407407407407 0.05026041666666667 0.09953703703703703
0 0.40546875 0.625 0.016145833333333335 0.034722222222222224
