0 0.3059895833333333 0.7282407407407407 0.016145833333333335 0.03425925925925926
0 0.5955729166666667 0.22546296296296298 0.021354166666666667 0.03611111111111111
0 0.6096354166666667 0.22592592592592592 0.01796875 0.03888888888888889
0 0.26145833333333335 0.5055555555555555 0.020572916666666666 0.027777777777777776
0 0.6260416666666667 0.23935185185185184 0.020572916666666666 0.03333333333333333
0 0.28619791666666666 0.6986111111111111 0.017708333333333333 0.037037037037037035
0 0.64140625 0.18935185185185185 0.022916666666666665 0.040740740740740744
0 0.753125 0.19768518518518519 0.021614583333333333 0.0375
0 0.48723958333333334 0.49444444444444446 0.025520833333333333 0.044444444444444446
0 0.4401041666666667 0.7189814814814814 0.026302083333333334 0.07685185185185185
0 0.48385416666666664 0.575925925925926 0.023697916666666666 0.04259259259259259
0 0.8473958333333333 0.3509259259259259 0.02578125 0.049074074074074076
0 0.46927083333333336 0.7560185185185185 0.0171875 0.04259259259259259
0 0.5598958333333334 0.2671296296296296 0.021354166666666667 0.03888888888888889
0 0.4635416666666667 0.6203703703703703 0.0234375 0.04861111111111111
0 0.6096354166666667 0.2300925925925926 0.05859375 0.06342592592592593
0 0.696875 0.20416666666666666 0.065625 0.07037037037037037
0 0.521875 0.4527777777777778 0.03307291666666667 0.043055555555555555
0 0.5708333333333333 0.7481481481481481 0.037760416666666664 0.07407407407407407
0 0.25703125 0.49212962962962964 0.029947916666666668 0.10092592592592593
0 0.30104166666666665 0.7245370370370371 0.07213541666666666 0.09583333333333334
0 0.6166666666666667 0.549537037037037 0.0375 0.03657407407407407
0 0.5643229166666667 0.39351851851851855 0.02109375 0.03333333333333333
0 0.5265625 0.7550925925925925 0.0265625 0.0375
0 0.484375 0.8175925925925925 0.022916666666666665 0.03935185185185185
0 0.5463541666666667 0.5810185185185185 0.03177083333333333 0.046296296296296294
0 0.54765625 0.4962962962962963 0.026822916666666665 0.05
0 0.5651041666666666 0.6824074074074075 0.0140625 0.03796296296296296
0 0.8361979166666667 0.45092592592592595 0.02734375 0.04953703703703704
0 0.27239583333333334 0.7166666666666667 0.016927083333333332 0.031018518518518518
0 0.61875 0.5768518518518518 0.019010416666666665 0.027314814814814816
0 0.4744791666666667 0.14814814814814814 0.0265625 0.03935185185185185
0 0.46901041666666665 0.19953703703703704 0.01328125 0.027777777777777776
0 0.45755208333333336 0.17407407407407408 0.05546875 0.0375
0 0.46119791666666665 0.2361111111111111 0.054427083333333334 0.05694444444444444
0 0.7075520833333333 0.18981481481481483 0.013020833333333334 0.03287037037037037
0 0.6924479166666667 0.24444444444444444 0.01484375 0.040740740740740744
