0 0.37213541666666666 0.5180555555555556 0.018489583333333334 0.019444444444444445
0 0.5325520833333334 0.7263888888888889 0.014322916666666666 0.04027777777777778
0 0.37161458333333336 0.5194444444444445 0.03463541666666667 0.03564814814814815
0 0.6221354166666667 0.7013888888888888 0.01328125 0.03564814814814815
0 0.6221354166666667 0.825925925925926 0.02265625 0.04398148148148148
0 0.5627604166666667 0.6287037037037037 0.02109375 0.05138888888888889
0 0.67265625 0.5013888888888889 0.016666666666666666 0.03796296296296296
0 0.5416666666666666 0.937037037037037 0.03307291666666667 0.0375
0 0.6408854166666667 0.7620370370370371 0.0171875 0.038425925925925926
0 0.5020833333333333 0.7574074074074074 0.016927083333333332 0.04027777777777778
0 0.45390625 0.538425925925926 0.022916666666666665 0.047685185185185185
0 0.9895833333333334 0.5486111111111112 0.020572916666666666 0.056018518518518516
0 0.3580729166666667 0.4962962962962963 0.014322916666666666 0.026851851851851852
0 0.5104166666666666 0.7430555555555556 0.01953125 0.049074074074074076
0 0.69375 0.5226851851851851 0.019791666666666666 0.05
0 0.5205729166666667 0.7824074074074074 0.020572916666666666 0.03287037037037037
0 0.5317708333333333 0.7162037037037037 0.032552083333333336 0.12962962962962962
0 0.56953125 0.7680555555555556 0.018489583333333334 0.049074074074074076
