0 0.69453125 0.6569444444444444 0.05859375 0.10555555555555556
0 0.65078125 0.6134259259259259 0.020572916666666666 0.049074074074074076
0 0.6408854166666667 0.7402777777777778 0.014583333333333334 0.0412037037037037
0 0.5119791666666667 0.5310185185185186 0.020052083333333335 0.03333333333333333
0 0.5864583333333333 0.5972222222222222 0.018489583333333334 0.038425925925925926
0 0.67265625 0.8319444444444445 0.019791666666666666 0.06111111111111111
0 0.6486979166666667 0.6694444444444444 0.018489583333333334 0.05416666666666667
0 0.5760416666666667 0.5282407407407408 0.016145833333333335 0.03611111111111111
0 0.6111979166666667 0.787962962962963 0.01640625 0.04027777777777778
0 0.4434895833333333 0.7245370370370371 0.022916666666666665 0.049074074074074076
0 0.6223958333333334 0.7013888888888888 0.015885416666666666 0.03611111111111111
0 0.6111979166666667 0.8305555555555556 0.020833333333333332 0.04583333333333333
0 0.5369791666666667 0.875 0.023697916666666666 0.04398148148148148
0 0.7611979166666667 0.7138888888888889 0.015104166666666667 0.03194444444444444
0 0.4981770833333333 0.29305555555555557 0.01640625 0.0375
0 0.6770833333333334 0.6759259259259259 0.023177083333333334 0.0375
