0 0.42604166666666665 0.7726851851851851 0.06953125 0.09953703703703703
0 0.3411458333333333 0.40925925925925927 0.029166666666666667 0.05092592592592592
0 0.7484375 0.4930555555555556 0.033854166666666664 0.05092592592592592
0 0.5955729166666667 0.7101851851851851 0.027083333333333334 0.05092592592592592
0 0.5203125 0.36342592592592593 0.027864583333333335 0.040740740740740744
0 0.34010416666666665 0.687962962962963 0.025 0.043055555555555555
0 0.37473958333333335 0.6277777777777778 0.023697916666666666 0.044444444444444446
0 0.5122395833333333 0.6217592592592592 0.028645833333333332 0.04583333333333333
0 0.8260416666666667 0.5314814814814814 0.030208333333333334 0.055092592592592596
0 0.56328125 0.3902777777777778 0.021614583333333333 0.046296296296296294
0 0.5127604166666667 0.7527777777777778 0.025520833333333333 0.02962962962962963
0 0.3809895833333333 0.6796296296296296 0.024479166666666666 0.043055555555555555
0 0.4825520833333333 0.6574074074074074 0.030729166666666665 0.06157407407407407
0 0.2518229166666667 0.44351851851851853 0.027083333333333334 0.03287037037037037
0 0.41328125 0.6888888888888889 0.025 0.04722222222222222
0 0.46640625 0.7375 0.01875 0.034722222222222224
0 0.39739583333333334 0.8106481481481481 0.01640625 0.043055555555555555
0 0.42083333333333334 0.9634259259259259 0.023958333333333335 0.038425925925925926
