0 0.51875 0.7194444444444444 0.052083333333333336 0.11064814814814815
0 0.46510416666666665 0.625 0.029427083333333333 0.04259259259259259
0 0.6596354166666667 0.37546296296296294 0.020052083333333335 0.03333333333333333
0 0.8932291666666666 0.425462962962963 0.03984375 0.04861111111111111
0 0.41692708333333334 0.38564814814814813 0.018489583333333334 0.041666666666666664
0 0.428125 0.6162037037037037 0.024479166666666666 0.050462962962962966
0 0.4947916666666667 0.8458333333333333 0.02890625 0.046296296296296294
0 0.9802083333333333 0.487962962962963 0.03229166666666667 0.04398148148148148
0 0.5817708333333333 0.5796296296296296 0.01953125 0.03148148148148148
0 0.33645833333333336 0.3685185185185185 0.037760416666666664 0.0412037037037037
0 0.5515625 0.6532407407407408 0.021875 0.040740740740740744
0 0.5908854166666667 0.7273148148148149 0.020052083333333335 0.03287037037037037
0 0.6604166666666667 0.6578703703703703 0.0390625 0.05138888888888889
0 0.5140625 0.638425925925926 0.028385416666666666 0.03657407407407407
0 0.48828125 0.6504629629629629 0.02734375 0.04351851851851852
0 0.4908854166666667 0.7652777777777777 0.016927083333333332 0.03657407407407407
0 0.60078125 0.5944444444444444 0.025260416666666667 0.0375
0 0.61328125 0.3592592592592593 0.028385416666666666 0.05185185185185185
