0 0.6130208333333333 0.5564814814814815 0.0546875 0.10462962962962963
0 0.5278645833333333 0.6240740740740741 0.017447916666666667 0.029166666666666667
0 0.4588541666666667 0.687962962962963 0.016666666666666666 0.03935185185185185
0 0.4630208333333333 0.42268518518518516 0.016666666666666666 0.03333333333333333
0 0.41953125 0.5680555555555555 0.016927083333333332 0.03888888888888889
0 0.5372395833333333 0.5060185185185185 0.015885416666666666 0.03009259259259259
0 0.47552083333333334 0.6203703703703703 0.015364583333333333 0.030555555555555555
0 0.5661458333333333 0.7379629629629629 0.01640625 0.02962962962962963
0 0.5158854166666667 0.7398148148148148 0.015625 0.031018518518518518
0 0.371875 0.6805555555555556 0.015104166666666667 0.040740740740740744
0 0.4786458333333333 0.5347222222222222 0.016145833333333335 0.02546296296296296
0 0.4596354166666667 0.9643518518518519 0.019270833333333334 0.03333333333333333
0 0.65703125 0.6523148148148148 0.01484375 0.03611111111111111
0 0.43046875 0.7476851851851852 0.016927083333333332 0.025
0 0.5197916666666667 0.5652777777777778 0.013020833333333334 0.025
0 0.6015625 0.575925925925926 0.020052083333333335 0.04814814814814815
0 0.4166666666666667 0.28055555555555556 0.018229166666666668 0.03287037037037037
