0 0.5135416666666667 0.7282407407407407 0.05182291666666667 0.11342592592592593
0 0.5921875 0.7305555555555555 0.021614583333333333 0.03148148148148148
0 0.4588541666666667 0.6282407407407408 0.025520833333333333 0.03657407407407407
0 0.4231770833333333 0.624537037037037 0.0265625 0.05277777777777778
0 0.6067708333333334 0.35648148148148145 0.021875 0.041666666666666664
0 0.32578125 0.37546296296296294 0.024739583333333332 0.06944444444444445
0 0.48854166666666665 0.8712962962962963 0.02734375 0.04351851851851852
0 0.8794270833333333 0.4351851851851852 0.0296875 0.055092592592592596
0 0.9721354166666667 0.500462962962963 0.027604166666666666 0.04351851851851852
0 0.6674479166666667 0.6694444444444444 0.027864583333333335 0.05138888888888889
0 0.4791666666666667 0.6509259259259259 0.0265625 0.03009259259259259
0 0.5783854166666667 0.5842592592592593 0.027083333333333334 0.04583333333333333
0 0.6588541666666666 0.3773148148148148 0.015104166666666667 0.037037037037037035
0 0.41744791666666664 0.3768518518518518 0.02109375 0.05
0 0.603125 0.6037037037037037 0.016927083333333332 0.03194444444444444
0 0.5479166666666667 0.6601851851851852 0.016666666666666666 0.03888888888888889
0 0.5119791666666667 0.649537037037037 0.017447916666666667 0.01990740740740741
0 0.48541666666666666 0.7791666666666667 0.0171875 0.027777777777777776
