0 0.5247395833333334 0.7041666666666667 0.04791666666666667 0.12361111111111112
0 0.47317708333333336 0.6199074074074075 0.0234375 0.034722222222222224
0 0.6630208333333333 0.3736111111111111 0.019791666666666666 0.03657407407407407
0 0.43697916666666664 0.612037037037037 0.027083333333333334 0.05185185185185185
0 0.58359375 0.5763888888888888 0.025 0.04351851851851852
0 0.5158854166666667 0.6296296296296297 0.02734375 0.03611111111111111
0 0.6184895833333334 0.36157407407407405 0.02578125 0.046296296296296294
0 0.9052083333333333 0.41203703703703703 0.040625 0.050462962962962966
0 0.9833333333333333 0.4787037037037037 0.0296875 0.04027777777777778
0 0.49296875 0.649074074074074 0.02421875 0.04675925925925926
0 0.3307291666666667 0.3731481481481482 0.02109375 0.055092592592592596
0 0.4986979166666667 0.8287037037037037 0.02890625 0.046296296296296294
0 0.5895833333333333 0.7231481481481481 0.021354166666666667 0.03148148148148148
0 0.4171875 0.3921296296296296 0.019270833333333334 0.05462962962962963
0 0.60625 0.5972222222222222 0.015625 0.03425925925925926
0 0.5575520833333333 0.6370370370370371 0.022395833333333334 0.049074074074074076
0 0.49375 0.7523148148148148 0.020833333333333332 0.0375
0 0.66640625 0.6546296296296297 0.027864583333333335 0.05462962962962963
