0 0.31692708333333336 0.9495370370370371 0.044270833333333336 0.09259259259259259
0 0.8846354166666667 0.8597222222222223 0.02890625 0.04814814814814815
0 0.5591145833333333 0.9611111111111111 0.022395833333333334 0.047685185185185185
0 0.8205729166666667 0.5648148148148148 0.059375 0.0625
0 0.5161458333333333 0.9013888888888889 0.023697916666666666 0.04675925925925926
0 0.15572916666666667 0.8564814814814815 0.033854166666666664 0.027777777777777776
0 0.9546875 0.5421296296296296 0.05625 0.08657407407407407
0 0.24973958333333332 0.8976851851851851 0.026041666666666668 0.030555555555555555
0 0.98359375 0.8726851851851852 0.030208333333333334 0.047685185185185185
0 0.9182291666666667 0.6157407407407407 0.02578125 0.03611111111111111
0 0.33515625 0.9856481481481482 0.02578125 0.024074074074074074
0 0.34817708333333336 0.9486111111111111 0.036458333333333336 0.020833333333333332
0 0.35130208333333335 0.9101851851851852 0.03697916666666667 0.024074074074074074
0 0.8416666666666667 0.6847222222222222 0.049479166666666664 0.07037037037037037
0 0.8453125 0.6796296296296296 0.024479166666666666 0.04861111111111111
0 0.83984375 0.5504629629629629 0.016927083333333332 0.028703703703703703
0 0.9794270833333333 0.5375 0.020052083333333335 0.0412037037037037
