0 0.5114583333333333 0.8810185185185185 0.07708333333333334 0.04953703703703704
0 0.45729166666666665 0.7865740740740741 0.016145833333333335 0.034722222222222224
0 0.4080729166666667 0.8564814814814815 0.018489583333333334 0.03518518518518519
0 0.4609375 0.8888888888888888 0.01640625 0.029166666666666667
0 0.5174479166666667 0.4537037037037037 0.025 0.06759259259259259
0 0.5049479166666667 0.8305555555555556 0.020572916666666666 0.03009259259259259
0 0.409375 0.7861111111111111 0.021875 0.03194444444444444
0 0.5244791666666667 0.6412037037037037 0.020052083333333335 0.033796296296296297
0 0.24505208333333334 0.85 0.017447916666666667 0.03796296296296296
0 0.62265625 0.3421296296296296 0.024739583333333332 0.046296296296296294
0 0.49166666666666664 0.8282407407407407 0.024479166666666666 0.0587962962962963
0 0.49609375 0.6662037037037037 0.01953125 0.027314814814814816
0 0.3653645833333333 0.4462962962962963 0.023697916666666666 0.05694444444444444
0 0.44921875 0.8273148148148148 0.017447916666666667 0.03564814814814815
0 0.5166666666666667 0.7907407407407407 0.02109375 0.03518518518518519
0 0.53515625 0.9800925925925926 0.028385416666666666 0.03935185185185185
0 0.32916666666666666 0.7601851851851852 0.016927083333333332 0.03194444444444444
