0 0.6252604166666667 0.7856481481481481 0.015104166666666667 0.03148148148148148
0 0.58203125 0.8263888888888888 0.015364583333333333 0.03657407407407407
0 0.6140625 0.7597222222222222 0.01796875 0.03796296296296296
0 0.50078125 0.4949074074074074 0.021354166666666667 0.05277777777777778
0 0.57578125 0.7814814814814814 0.021614583333333333 0.04814814814814815
0 0.5671875 0.5902777777777778 0.01953125 0.03333333333333333
0 0.6203125 0.7143518518518519 0.016666666666666666 0.03148148148148148
0 0.5609375 0.8740740740740741 0.014583333333333334 0.0375
0 0.7044270833333334 0.8569444444444444 0.015364583333333333 0.03564814814814815
0 0.5609375 0.6393518518518518 0.018489583333333334 0.03564814814814815
0 0.5981770833333333 0.9180555555555555 0.019270833333333334 0.03287037037037037
0 0.5395833333333333 0.8412037037037037 0.015625 0.03888888888888889
0 0.5346354166666667 0.275 0.026041666666666668 0.04490740740740741
0 0.4640625 0.9 0.023958333333333335 0.04351851851851852
0 0.3859375 0.6402777777777777 0.02265625 0.05277777777777778
0 0.6403645833333333 0.7814814814814814 0.07057291666666667 0.0824074074074074
