0 0.9158854166666667 0.549074074074074 0.06145833333333333 0.0875
0 0.8015625 0.6962962962962963 0.05677083333333333 0.047685185185185185
0 0.7979166666666667 0.5777777777777777 0.05625 0.04953703703703704
0 0.9041666666666667 0.8787037037037037 0.022916666666666665 0.05462962962962963
0 0.8044270833333333 0.8560185185185185 0.03411458333333333 0.05
0 0.06354166666666666 0.8532407407407407 0.053125 0.038425925925925926
0 0.8205729166666667 0.5518518518518518 0.023697916666666666 0.03194444444444444
0 0.5002604166666667 0.9537037037037037 0.0171875 0.046296296296296294
0 0.8791666666666667 0.6097222222222223 0.026041666666666668 0.0375
0 0.45078125 0.8912037037037037 0.022916666666666665 0.03148148148148148
0 0.17135416666666667 0.9013888888888889 0.03515625 0.03287037037037037
0 0.9661458333333334 0.5532407407407407 0.03463541666666667 0.04583333333333333
0 0.27109375 0.9550925925925926 0.03567708333333333 0.08981481481481482
0 0.2875 0.9884259259259259 0.01015625 0.023148148148148147
0 0.2872395833333333 0.9462962962962963 0.021614583333333333 0.024074074074074074
0 0.28177083333333336 0.9013888888888889 0.034375 0.02962962962962963
0 0.38958333333333334 0.9907407407407407 0.027864583333333335 0.018518518518518517
0 0.80546875 0.6902777777777778 0.028125 0.05416666666666667
