0 0.38255208333333335 0.8319444444444445 0.08567708333333333 0.03888888888888889
0 0.45859375 0.6657407407407407 0.028385416666666666 0.04537037037037037
0 0.39114583333333336 0.7282407407407407 0.024739583333333332 0.043055555555555555
0 0.7481770833333333 0.5708333333333333 0.027864583333333335 0.05555555555555555
0 0.3575520833333333 0.6824074074074075 0.034375 0.03981481481481482
0 0.6552083333333333 0.5333333333333333 0.030729166666666665 0.06111111111111111
0 0.43020833333333336 0.7703703703703704 0.03307291666666667 0.04814814814814815
0 0.21744791666666666 0.4625 0.025260416666666667 0.031018518518518518
0 0.2981770833333333 0.48935185185185187 0.027864583333333335 0.03796296296296296
0 0.5111979166666667 0.7078703703703704 0.02578125 0.04583333333333333
0 0.44609375 0.7754629629629629 0.03671875 0.03981481481481482
0 0.34869791666666666 0.9629629629629629 0.03515625 0.03518518518518519
0 0.2765625 0.6856481481481481 0.02734375 0.05277777777777778
0 0.47942708333333334 0.38564814814814813 0.015885416666666666 0.03796296296296296
0 0.49166666666666664 0.3824074074074074 0.015625 0.040740740740740744
0 0.34140625 0.8361111111111111 0.017447916666666667 0.031018518518518518
