0 0.3809895833333333 0.8458333333333333 0.07604166666666666 0.0587962962962963
0 0.21302083333333333 0.48148148148148145 0.02578125 0.03981481481481482
0 0.35052083333333334 0.6768518518518518 0.020572916666666666 0.03148148148148148
0 0.28046875 0.7092592592592593 0.0265625 0.03888888888888889
0 0.63046875 0.5537037037037037 0.034375 0.03935185185185185
0 0.375 0.7018518518518518 0.030208333333333334 0.03935185185185185
0 0.41432291666666665 0.7916666666666666 0.033854166666666664 0.06157407407407407
0 0.44244791666666666 0.774537037037037 0.023177083333333334 0.031018518518518518
0 0.45755208333333336 0.6731481481481482 0.03046875 0.049074074074074076
0 0.7239583333333334 0.5763888888888888 0.027083333333333334 0.04027777777777778
0 0.34869791666666666 0.9629629629629629 0.046875 0.030555555555555555
0 0.28828125 0.5101851851851852 0.02578125 0.041666666666666664
0 0.50078125 0.7087962962962963 0.02734375 0.04814814814814815
0 0.37395833333333334 0.7407407407407407 0.020833333333333332 0.03148148148148148
0 0.46380208333333334 0.362962962962963 0.015885416666666666 0.03518518518518519
0 0.47630208333333335 0.3611111111111111 0.01171875 0.03657407407407407
0 0.340625 0.8375 0.013541666666666667 0.03009259259259259
