0 0.38046875 0.8347222222222223 0.06848958333333334 0.06944444444444445
0 0.28125 0.6972222222222222 0.026041666666666668 0.04212962962962963
0 0.21119791666666668 0.4666666666666667 0.023177083333333334 0.04212962962962963
0 0.6161458333333333 0.5365740740740741 0.03567708333333333 0.05925925925925926
0 0.37578125 0.687962962962963 0.028385416666666666 0.040740740740740744
0 0.3653645833333333 0.7166666666666667 0.020833333333333332 0.03194444444444444
0 0.28515625 0.4962962962962963 0.024479166666666666 0.043055555555555555
0 0.45260416666666664 0.6569444444444444 0.025 0.03981481481481482
0 0.43697916666666664 0.7476851851851852 0.027864583333333335 0.0375
0 0.7145833333333333 0.562037037037037 0.028125 0.05
0 0.34322916666666664 0.9375 0.033854166666666664 0.034722222222222224
0 0.4984375 0.6763888888888889 0.02109375 0.03333333333333333
0 0.40651041666666665 0.7842592592592592 0.0296875 0.05277777777777778
0 0.3494791666666667 0.6550925925925926 0.021875 0.03009259259259259
0 0.3375 0.8111111111111111 0.014322916666666666 0.028703703703703703
0 0.4578125 0.3375 0.015625 0.04351851851851852
0 0.4674479166666667 0.337037037037037 0.009895833333333333 0.04259259259259259
