0 0.39140625 0.9203703703703704 0.019270833333333334 0.03564814814814815
0 0.7770833333333333 0.8902777777777777 0.03125 0.046296296296296294
0 0.2716145833333333 0.9879629629629629 0.026822916666666665 0.02546296296296296
0 0.7122395833333334 0.700462962962963 0.04088541666666667 0.05324074074074074
0 0.35625 0.8893518518518518 0.021875 0.0375
0 0.8252604166666667 0.549537037037037 0.05807291666666667 0.07824074074074074
0 0.6786458333333333 0.8662037037037037 0.022135416666666668 0.043055555555555555
0 0.05130208333333333 0.899074074074074 0.03854166666666667 0.038425925925925926
0 0.72734375 0.5837962962962963 0.06822916666666666 0.05787037037037037
0 0.7872395833333333 0.6347222222222222 0.02734375 0.03981481481481482
0 0.7526041666666666 0.5731481481481482 0.023697916666666666 0.03333333333333333
0 0.9015625 0.5810185185185185 0.0296875 0.047685185185185185
0 0.17239583333333333 0.95 0.023697916666666666 0.09953703703703703
0 0.18515625 0.9004629629629629 0.021614583333333333 0.023148148148148147
0 0.18776041666666668 0.9532407407407407 0.01484375 0.033796296296296297
0 0.7169270833333333 0.7041666666666667 0.01875 0.05138888888888889
