0 0.5309895833333333 0.8731481481481481 0.031510416666666666 0.07268518518518519
0 0.44765625 0.7476851851851852 0.019270833333333334 0.03148148148148148
0 0.44192708333333336 0.49398148148148147 0.015885416666666666 0.03657407407407407
0 0.9895833333333334 0.5226851851851851 0.021354166666666667 0.053703703703703705
0 0.6122395833333333 0.6648148148148149 0.03125 0.03518518518518519
0 0.65625 0.7476851851851852 0.027604166666666666 0.047685185185185185
0 0.5658854166666667 0.6125 0.019270833333333334 0.05185185185185185
0 0.6354166666666666 0.8060185185185185 0.030208333333333334 0.037037037037037035
0 0.521875 0.6638888888888889 0.0328125 0.12685185185185185
0 0.58203125 0.7398148148148148 0.022395833333333334 0.05092592592592592
0 0.3411458333333333 0.5050925925925925 0.03984375 0.06296296296296296
0 0.5330729166666667 0.6157407407407407 0.021875 0.025925925925925925
0 0.5247395833333334 0.6851851851851852 0.015364583333333333 0.030555555555555555
0 0.5109375 0.7037037037037037 0.0109375 0.040740740740740744
0 0.5252604166666667 0.7333333333333333 0.031510416666666666 0.04814814814814815
0 0.6768229166666667 0.48564814814814816 0.018229166666666668 0.02962962962962963
0 0.6872395833333333 0.5106481481481482 0.018229166666666668 0.03425925925925926
