0 0.4825520833333333 0.7481481481481481 0.05651041666666667 0.11666666666666667
0 0.4002604166666667 0.687037037037037 0.019791666666666666 0.03796296296296296
0 0.39453125 0.3773148148148148 0.029166666666666667 0.08148148148148149
0 0.9057291666666667 0.5180555555555556 0.02890625 0.050462962962962966
0 0.4401041666666667 0.6203703703703703 0.02890625 0.03333333333333333
0 0.5697916666666667 0.3472222222222222 0.025 0.041666666666666664
0 0.5421875 0.6231481481481481 0.03619791666666667 0.06574074074074074
0 0.4734375 0.925 0.035416666666666666 0.053703703703703705
0 0.8130208333333333 0.4652777777777778 0.026822916666666665 0.06620370370370371
0 0.66484375 0.6949074074074074 0.0234375 0.044444444444444446
0 0.29583333333333334 0.41944444444444445 0.021875 0.049074074074074076
0 0.5736979166666667 0.6138888888888889 0.034895833333333334 0.047685185185185185
0 0.5203125 0.7092592592592593 0.02265625 0.03888888888888889
0 0.6263020833333334 0.3814814814814815 0.01875 0.03796296296296296
0 0.43125 0.6689814814814815 0.028645833333333332 0.04537037037037037
0 0.5682291666666667 0.7425925925925926 0.017708333333333333 0.031018518518518518
0 0.45416666666666666 0.7902777777777777 0.015625 0.03009259259259259
