0 0.4317708333333333 0.8476851851851852 0.07526041666666666 0.07175925925925926
0 0.28828125 0.6106481481481482 0.024479166666666666 0.041666666666666664
0 0.3796875 0.7425925925925926 0.01796875 0.03657407407407407
0 0.33307291666666666 0.7546296296296297 0.022395833333333334 0.040740740740740744
0 0.19296875 0.6217592592592592 0.021354166666666667 0.03564814814814815
0 0.49661458333333336 0.638425925925926 0.023958333333333335 0.04398148148148148
0 0.4239583333333333 0.9634259259259259 0.039322916666666666 0.05925925925925926
0 0.5432291666666667 0.46064814814814814 0.03125 0.05
0 0.39296875 0.32685185185185184 0.03203125 0.04861111111111111
0 0.4158854166666667 0.7689814814814815 0.024739583333333332 0.04722222222222222
0 0.3567708333333333 0.6962962962962963 0.026302083333333334 0.043055555555555555
0 0.4635416666666667 0.6375 0.025520833333333333 0.03935185185185185
0 0.43984375 0.8097222222222222 0.020572916666666666 0.04212962962962963
0 0.659375 0.41388888888888886 0.025 0.04675925925925926
0 0.3932291666666667 0.7263888888888889 0.023177083333333334 0.04861111111111111
0 0.45859375 0.7601851851851852 0.019270833333333334 0.032407407407407406
0 0.39140625 0.825925925925926 0.01875 0.03148148148148148
