0 0.44609375 0.7685185185185185 0.061197916666666664 0.10833333333333334
0 0.39453125 0.6861111111111111 0.028125 0.038425925925925926
0 0.35703125 0.6981481481481482 0.023697916666666666 0.04398148148148148
0 0.7700520833333333 0.4888888888888889 0.0328125 0.06018518518518518
0 0.5830729166666667 0.387037037037037 0.02578125 0.04583333333333333
0 0.61875 0.7087962962962963 0.03359375 0.046296296296296294
0 0.8494791666666667 0.5273148148148148 0.022916666666666665 0.04490740740740741
0 0.53828125 0.35555555555555557 0.029427083333333333 0.04490740740740741
0 0.50234375 0.6555555555555556 0.030989583333333334 0.04583333333333333
0 0.43203125 0.6875 0.03359375 0.04212962962962963
0 0.39348958333333334 0.6282407407407408 0.0375 0.04953703703703704
0 0.5322916666666667 0.6152777777777778 0.03125 0.049074074074074076
0 0.4354166666666667 0.9550925925925926 0.031510416666666666 0.05740740740740741
0 0.5317708333333333 0.7453703703703703 0.02734375 0.040740740740740744
0 0.35651041666666666 0.3990740740740741 0.022916666666666665 0.040740740740740744
0 0.2609375 0.43472222222222223 0.024479166666666666 0.0375
0 0.48411458333333335 0.7416666666666667 0.023177083333333334 0.030555555555555555
0 0.41640625 0.8101851851851852 0.015104166666666667 0.03333333333333333
