0 0.58359375 0.5800925925925926 0.01875 0.03657407407407407
0 0.49296875 0.5546296296296296 0.012239583333333333 0.027777777777777776
0 0.4627604166666667 0.5388888888888889 0.013802083333333333 0.027314814814814816
0 0.5484375 0.7435185185185185 0.01796875 0.03009259259259259
0 0.4942708333333333 0.7393518518518518 0.01875 0.030555555555555555
0 0.5161458333333333 0.4935185185185185 0.013541666666666667 0.03796296296296296
0 0.4434895833333333 0.42916666666666664 0.01640625 0.031018518518518518
0 0.43854166666666666 0.7078703703703704 0.018489583333333334 0.0375
0 0.4153645833333333 0.5949074074074074 0.013541666666666667 0.038425925925925926
0 0.40989583333333335 0.7532407407407408 0.01640625 0.02546296296296296
0 0.35703125 0.6893518518518519 0.025 0.04583333333333333
0 0.4453125 0.625 0.016145833333333335 0.03564814814814815
0 0.43645833333333334 0.9745370370370371 0.016666666666666666 0.03287037037037037
0 0.62890625 0.6976851851851852 0.024479166666666666 0.04722222222222222
0 0.5979166666666667 0.5592592592592592 0.0546875 0.10740740740740741
0 0.40208333333333335 0.3175925925925926 0.01484375 0.04212962962962963
0 0.49140625 0.6273148148148148 0.01796875 0.03194444444444444
