0 0.5963541666666666 0.3 0.020572916666666666 0.03009259259259259
0 0.6247395833333333 0.300462962962963 0.024479166666666666 0.02638888888888889
0 0.27265625 0.5356481481481481 0.016666666666666666 0.02824074074074074
0 0.6721354166666667 0.2518518518518518 0.022395833333333334 0.03287037037037037
0 0.30520833333333336 0.8115740740740741 0.022395833333333334 0.033796296296296297
0 0.45598958333333334 0.22685185185185186 0.055989583333333336 0.046296296296296294
0 0.56015625 0.4287037037037037 0.023958333333333335 0.03148148148148148
0 0.534375 0.8064814814814815 0.022916666666666665 0.04398148148148148
0 0.5635416666666667 0.725 0.01796875 0.037037037037037035
0 0.48802083333333335 0.5412037037037037 0.021354166666666667 0.03194444444444444
0 0.4934895833333333 0.6148148148148148 0.019791666666666666 0.03518518518518519
0 0.7364583333333333 0.0412037037037037 0.03307291666666667 0.04861111111111111
0 0.5309895833333333 0.2773148148148148 0.029947916666666668 0.03611111111111111
0 0.5690104166666666 0.8208333333333333 0.033854166666666664 0.0837962962962963
0 0.4393229166666667 0.7134259259259259 0.02265625 0.052314814814814814
0 0.5450520833333333 0.638425925925926 0.0265625 0.04583333333333333
0 0.8341145833333333 0.44212962962962965 0.02734375 0.04259259259259259
0 0.60859375 0.586574074074074 0.022395833333333334 0.04398148148148148
0 0.2638020833333333 0.5273148148148148 0.030729166666666665 0.11527777777777778
0 0.5020833333333333 0.8467592592592592 0.019270833333333334 0.037037037037037035
0 0.30052083333333335 0.799074074074074 0.07760416666666667 0.10138888888888889
0 0.6911458333333333 0.23148148148148148 0.06614583333333333 0.07777777777777778
0 0.50703125 0.49537037037037035 0.02421875 0.030555555555555555
0 0.6083333333333333 0.3 0.06302083333333333 0.05648148148148148
0 0.8328125 0.35833333333333334 0.027604166666666666 0.046296296296296294
0 0.5385416666666667 0.538425925925926 0.021354166666666667 0.03518518518518519
0 0.434375 0.836574074074074 0.020052083333333335 0.03333333333333333
0 0.7471354166666667 0.20925925925925926 0.028125 0.04351851851851852
0 0.28671875 0.799537037037037 0.0203125 0.027777777777777776
0 0.2791666666666667 0.763425925925926 0.02265625 0.032407407407407406
0 0.47942708333333334 0.6013888888888889 0.016145833333333335 0.03194444444444444
0 0.6138020833333333 0.6157407407407407 0.018229166666666668 0.026851851851851852
0 0.70859375 0.20787037037037037 0.030208333333333334 0.031018518518518518
0 0.46536458333333336 0.2759259259259259 0.05234375 0.06388888888888888
0 0.4796875 0.19583333333333333 0.025260416666666667 0.033796296296296297
0 0.47265625 0.2462962962962963 0.016927083333333332 0.02546296296296296
