0 0.6122395833333333 0.5685185185185185 0.0171875 0.034722222222222224
0 0.44947916666666665 0.7513888888888889 0.013541666666666667 0.02638888888888889
0 0.5455729166666666 0.5712962962962963 0.015364583333333333 0.029166666666666667
0 0.49635416666666665 0.5222222222222223 0.017447916666666667 0.026851851851851852
0 0.48854166666666665 0.6856481481481481 0.020052083333333335 0.03888888888888889
0 0.5341145833333333 0.7425925925925926 0.016145833333333335 0.03425925925925926
0 0.434375 0.5203703703703704 0.01953125 0.03564814814814815
0 0.3848958333333333 0.6648148148148149 0.017708333333333333 0.03518518518518519
0 0.4752604166666667 0.9601851851851851 0.01640625 0.03425925925925926
0 0.4828125 0.42083333333333334 0.017708333333333333 0.033796296296296297
0 0.6786458333333333 0.6300925925925925 0.016927083333333332 0.037037037037037035
0 0.55546875 0.49583333333333335 0.015104166666666667 0.03611111111111111
0 0.37838541666666664 0.6569444444444444 0.0171875 0.03194444444444444
0 0.5484375 0.6259259259259259 0.01640625 0.03518518518518519
0 0.625 0.5527777777777778 0.054427083333333334 0.10740740740740741
0 0.5861979166666667 0.7430555555555556 0.016927083333333332 0.03518518518518519
0 0.50546875 0.6064814814814815 0.016145833333333335 0.027777777777777776
0 0.42916666666666664 0.2518518518518518 0.015625 0.028703703703703703
