0 0.6981770833333333 0.7134259259259259 0.017447916666666667 0.02546296296296296
0 0.1546875 0.9467592592592593 0.02265625 0.029166666666666667
0 0.15234375 0.9898148148148148 0.02109375 0.016666666666666666
0 0.14739583333333334 0.9462962962962963 0.0296875 0.11064814814814815
0 0.68984375 0.7087962962962963 0.04609375 0.07916666666666666
0 0.02421875 0.8930555555555556 0.027604166666666666 0.03564814814814815
0 0.36744791666666665 0.9199074074074074 0.020572916666666666 0.044444444444444446
0 0.33541666666666664 0.8916666666666667 0.024479166666666666 0.03194444444444444
0 0.24322916666666666 0.9814814814814815 0.03359375 0.0375
0 0.7638020833333333 0.6449074074074074 0.026041666666666668 0.037037037037037035
0 0.6489583333333333 0.8611111111111112 0.024739583333333332 0.043055555555555555
0 0.746875 0.8935185185185185 0.029947916666666668 0.052314814814814814
0 0.7171875 0.586574074074074 0.06145833333333333 0.059722222222222225
0 0.8903645833333333 0.5930555555555556 0.03046875 0.04537037037037037
0 0.8046875 0.5527777777777778 0.055989583333333336 0.08194444444444444
0 0.16067708333333333 0.8981481481481481 0.023958333333333335 0.03888888888888889
0 0.7403645833333333 0.575462962962963 0.01640625 0.03194444444444444
