0 0.6223958333333334 0.325 0.025 0.04351851851851852
0 0.5010416666666667 0.624537037037037 0.019010416666666665 0.03611111111111111
0 0.45286458333333335 0.5800925925925926 0.026822916666666665 0.046296296296296294
0 0.5856770833333333 0.6828703703703703 0.021875 0.03009259259259259
0 0.4265625 0.387037037037037 0.026302083333333334 0.04722222222222222
0 0.5872395833333334 0.5375 0.022135416666666668 0.043055555555555555
0 0.35546875 0.32592592592592595 0.04010416666666667 0.04398148148148148
0 0.6666666666666666 0.3416666666666667 0.0265625 0.05138888888888889
0 0.55625 0.5546296296296296 0.027864583333333335 0.04351851851851852
0 0.653125 0.5958333333333333 0.028125 0.044444444444444446
0 0.6075520833333333 0.5476851851851852 0.02421875 0.05138888888888889
0 0.49192708333333335 0.5837962962962963 0.0234375 0.03425925925925926
0 0.5338541666666666 0.6277777777777778 0.03958333333333333 0.12222222222222222
0 0.51015625 0.7726851851851851 0.03333333333333333 0.050462962962962966
0 0.9234375 0.3731481481481482 0.02734375 0.049074074074074076
0 0.5075520833333333 0.6944444444444444 0.022395833333333334 0.041666666666666664
