0 0.44583333333333336 0.6703703703703704 0.017708333333333333 0.0375
0 0.35625 0.4888888888888889 0.020572916666666666 0.03564814814814815
0 0.44947916666666665 0.8601851851851852 0.03411458333333333 0.05694444444444444
0 0.3497395833333333 0.7384259259259259 0.024479166666666666 0.03194444444444444
0 0.5559895833333334 0.7962962962962963 0.02578125 0.0375
0 0.5244791666666667 0.6560185185185186 0.024479166666666666 0.04398148148148148
0 0.9098958333333333 0.5087962962962963 0.029427083333333333 0.05138888888888889
0 0.25390625 0.4976851851851852 0.047135416666666666 0.06018518518518518
0 0.4825520833333333 0.6143518518518518 0.019270833333333334 0.03518518518518519
0 0.9916666666666667 0.5537037037037037 0.015364583333333333 0.05416666666666667
0 0.43854166666666666 0.725 0.018489583333333334 0.032407407407407406
0 0.575 0.737037037037037 0.0265625 0.046296296296296294
0 0.50234375 0.7319444444444444 0.023177083333333334 0.049074074074074076
0 0.4473958333333333 0.65 0.0328125 0.1337962962962963
0 0.6005208333333333 0.4861111111111111 0.018489583333333334 0.02962962962962963
0 0.60859375 0.5046296296296297 0.014583333333333334 0.025925925925925925
0 0.4588541666666667 0.5916666666666667 0.030208333333333334 0.02546296296296296
0 0.434375 0.6828703703703703 0.010416666666666666 0.024074074074074074
