0 0.5083333333333333 0.7416666666666667 0.05 0.11944444444444445
0 0.60234375 0.3574074074074074 0.018489583333333334 0.0375
0 0.42239583333333336 0.6421296296296296 0.028385416666666666 0.059722222222222225
0 0.47317708333333336 0.6458333333333334 0.022916666666666665 0.028703703703703703
0 0.5901041666666667 0.7296296296296296 0.019010416666666665 0.032407407407407406
0 0.9606770833333333 0.5175925925925926 0.03229166666666667 0.053703703703703705
0 0.32734375 0.3912037037037037 0.033854166666666664 0.06388888888888888
0 0.5973958333333333 0.6060185185185185 0.02734375 0.04490740740740741
0 0.57578125 0.5930555555555556 0.0296875 0.044444444444444446
0 0.6533854166666667 0.38333333333333336 0.0140625 0.0375
0 0.4546875 0.6425925925925926 0.02109375 0.034722222222222224
0 0.49244791666666665 0.888425925925926 0.0328125 0.050462962962962966
0 0.509375 0.6546296296296297 0.018229166666666668 0.04675925925925926
0 0.5403645833333334 0.6699074074074074 0.0140625 0.03333333333333333
0 0.6729166666666667 0.6847222222222222 0.03125 0.055092592592592596
0 0.8658854166666666 0.4537037037037037 0.023697916666666666 0.05
0 0.41354166666666664 0.36435185185185187 0.023177083333333334 0.043055555555555555
0 0.48203125 0.7921296296296296 0.015625 0.026851851851851852
