0 0.5994791666666667 0.5805555555555556 0.016666666666666666 0.03425925925925926
0 0.4354166666666667 0.7513888888888889 0.014583333333333334 0.02546296296296296
0 0.5205729166666667 0.7402777777777778 0.01640625 0.03287037037037037
0 0.47369791666666666 0.6791666666666667 0.019791666666666666 0.03148148148148148
0 0.5307291666666667 0.5685185185185185 0.013802083333333333 0.028703703703703703
0 0.48776041666666664 0.6157407407407407 0.014322916666666666 0.025925925925925925
0 0.4234375 0.5388888888888889 0.019270833333333334 0.031018518518518518
0 0.46927083333333336 0.4236111111111111 0.01875 0.03287037037037037
0 0.4825520833333333 0.5328703703703703 0.014322916666666666 0.029166666666666667
0 0.6651041666666667 0.6393518518518518 0.020572916666666666 0.044444444444444446
0 0.4630208333333333 0.9625 0.020572916666666666 0.032407407407407406
0 0.5770833333333333 0.7412037037037037 0.01484375 0.029166666666666667
0 0.48203125 0.611574074074074 0.015885416666666666 0.02546296296296296
0 0.4200520833333333 0.26944444444444443 0.0265625 0.046296296296296294
0 0.3736979166666667 0.6708333333333333 0.01484375 0.03287037037037037
0 0.5479166666666667 0.4976851851851852 0.015364583333333333 0.032407407407407406
0 0.44479166666666664 0.5328703703703703 0.015364583333333333 0.02824074074074074
0 0.6151041666666667 0.5537037037037037 0.05572916666666667 0.1125
0 0.5369791666666667 0.6236111111111111 0.016666666666666666 0.03009259259259259
