0 0.5354166666666667 0.46805555555555556 0.038802083333333334 0.13425925925925927
0 0.6731770833333334 0.18472222222222223 0.02578125 0.04722222222222222
0 0.43463541666666666 0.2439814814814815 0.029166666666666667 0.05185185185185185
0 0.5046875 0.475 0.027864583333333335 0.05185185185185185
0 0.63359375 0.16898148148148148 0.0265625 0.044444444444444446
0 0.55390625 0.3907407407407407 0.026822916666666665 0.049074074074074076
0 0.3651041666666667 0.17175925925925925 0.034895833333333334 0.04537037037037037
0 0.46432291666666664 0.42824074074074076 0.034375 0.040740740740740744
0 0.6135416666666667 0.38981481481481484 0.02421875 0.04722222222222222
0 0.5921875 0.37777777777777777 0.026041666666666668 0.05648148148148148
0 0.49244791666666665 0.43148148148148147 0.028645833333333332 0.046296296296296294
0 0.5934895833333333 0.5314814814814814 0.01875 0.031018518518518518
0 0.6442708333333333 0.44074074074074077 0.0375 0.047685185185185185
0 0.5197916666666667 0.611574074074074 0.03203125 0.05462962962962963
0 0.5291666666666667 0.4060185185185185 0.022395833333333334 0.055092592592592596
0 0.5203125 0.5324074074074074 0.013541666666666667 0.02824074074074074
0 0.9395833333333333 0.22916666666666666 0.04375 0.044444444444444446
