0 0.946875 0.6828703703703703 0.027604166666666666 0.04861111111111111
0 0.9614583333333333 0.6930555555555555 0.021354166666666667 0.027314814814814816
0 0.94453125 0.6800925925925926 0.08359375 0.08287037037037037
0 0.10494791666666667 0.8393518518518519 0.026822916666666665 0.03009259259259259
0 0.17421875 0.6949074074074074 0.025520833333333333 0.04583333333333333
0 0.6791666666666667 0.33935185185185185 0.05703125 0.047685185185185185
0 0.016666666666666666 0.487962962962963 0.0234375 0.030555555555555555
0 0.75234375 0.25416666666666665 0.054427083333333334 0.07407407407407407
0 0.19401041666666666 0.6203703703703703 0.025 0.04675925925925926
0 0.12005208333333334 0.5939814814814814 0.03515625 0.1439814814814815
0 0.2513020833333333 0.6930555555555555 0.027864583333333335 0.043055555555555555
0 0.6703125 0.5231481481481481 0.023697916666666666 0.050462962962962966
0 0.7700520833333333 0.3125 0.02421875 0.043055555555555555
0 0.80390625 0.18611111111111112 0.061197916666666664 0.09305555555555556
0 0.5864583333333333 0.4861111111111111 0.026041666666666668 0.04398148148148148
0 0.23776041666666667 0.7685185185185185 0.03177083333333333 0.03657407407407407
0 0.9294270833333333 0.24722222222222223 0.03567708333333333 0.04490740740740741
0 0.11536458333333334 0.5388888888888889 0.0265625 0.03425925925925926
0 0.13046875 0.575925925925926 0.01875 0.025
0 0.1234375 0.6050925925925926 0.015885416666666666 0.03009259259259259
0 0.12161458333333333 0.6361111111111111 0.01015625 0.024074074074074074
0 0.13385416666666666 0.6597222222222222 0.017708333333333333 0.030555555555555555
0 0.28854166666666664 0.4986111111111111 0.01640625 0.0375
0 0.31015625 0.5115740740740741 0.03411458333333333 0.034722222222222224
0 0.6828125 0.3421296296296296 0.023177083333333334 0.04537037037037037
0 0.7765625 0.23703703703703705 0.01484375 0.028703703703703703
