0 0.25416666666666665 0.21296296296296297 0.06067708333333333 0.10555555555555556
0 0.38645833333333335 0.3773148148148148 0.0390625 0.04490740740740741
0 0.4765625 0.25416666666666665 0.03697916666666667 0.04814814814814815
0 0.5020833333333333 0.17222222222222222 0.036458333333333336 0.04537037037037037
0 0.44296875 0.34120370370370373 0.025260416666666667 0.041666666666666664
0 0.53046875 0.34675925925925927 0.037760416666666664 0.04583333333333333
0 0.4635416666666667 0.38425925925925924 0.03515625 0.04259259259259259
0 0.18020833333333333 0.24444444444444444 0.036458333333333336 0.04675925925925926
0 0.34010416666666665 0.2300925925925926 0.03697916666666667 0.04351851851851852
0 0.5213541666666667 0.2111111111111111 0.034895833333333334 0.043055555555555555
0 0.284375 0.17083333333333334 0.03307291666666667 0.038425925925925926
0 0.8401041666666667 0.11064814814814815 0.036458333333333336 0.03796296296296296
0 0.9182291666666667 0.13425925925925927 0.03046875 0.04398148148148148
0 0.215625 0.10972222222222222 0.05078125 0.040740740740740744
0 0.3026041666666667 0.26435185185185184 0.03567708333333333 0.03657407407407407
0 0.30104166666666665 0.23657407407407408 0.03411458333333333 0.0375
0 0.33880208333333334 0.18333333333333332 0.040364583333333336 0.03981481481481482
0 0.31927083333333334 0.14444444444444443 0.030208333333333334 0.02962962962962963
