0 0.46067708333333335 0.9472222222222222 0.021354166666666667 0.037037037037037035
0 0.7611979166666667 0.8560185185185185 0.029427083333333333 0.049074074074074076
0 0.12942708333333333 0.8986111111111111 0.03203125 0.031018518518518518
0 0.41770833333333335 0.8888888888888888 0.024479166666666666 0.043055555555555555
0 0.8830729166666667 0.5476851851851852 0.05859375 0.0824074074074074
0 0.35260416666666666 0.9907407407407407 0.024739583333333332 0.02175925925925926
0 0.24557291666666667 0.8962962962962963 0.026302083333333334 0.03796296296296296
0 0.7690104166666667 0.6986111111111111 0.05625 0.05092592592592592
0 0.94375 0.5564814814814815 0.03854166666666667 0.04398148148148148
0 0.8611979166666667 0.8925925925925926 0.028645833333333332 0.05925925925925926
0 0.7908854166666667 0.5657407407407408 0.024479166666666666 0.031018518518518518
0 0.85078125 0.6189814814814815 0.02734375 0.038425925925925926
0 0.7739583333333333 0.5819444444444445 0.058854166666666666 0.050462962962962966
0 0.022916666666666665 0.8564814814814815 0.04375 0.03194444444444444
0 0.23723958333333334 0.9541666666666667 0.029947916666666668 0.09166666666666666
0 0.25234375 0.9532407407407407 0.0125 0.03009259259259259
0 0.77421875 0.6958333333333333 0.023958333333333335 0.05
