0 0.40182291666666664 0.625 0.07838541666666667 0.06296296296296296
0 0.43255208333333334 0.41805555555555557 0.025260416666666667 0.04861111111111111
0 0.38619791666666664 0.8217592592592593 0.04583333333333333 0.0412037037037037
0 0.29973958333333334 0.5476851851851852 0.02109375 0.02824074074074074
0 0.4596354166666667 0.39351851851851855 0.032552083333333336 0.05277777777777778
0 0.3736979166666667 0.6990740740740741 0.028125 0.043055555555555555
0 0.37578125 0.3768518518518518 0.021614583333333333 0.06851851851851852
0 0.4765625 0.3194444444444444 0.028125 0.04953703703703704
0 0.4114583333333333 0.4773148148148148 0.029947916666666668 0.046296296296296294
0 0.42421875 0.3138888888888889 0.029947916666666668 0.04490740740740741
0 0.3484375 0.611574074074074 0.02265625 0.04537037037037037
0 0.27005208333333336 0.44351851851851853 0.03125 0.08425925925925926
0 0.28984375 0.4375 0.015364583333333333 0.044444444444444446
0 0.37734375 0.6087962962962963 0.023958333333333335 0.028703703703703703
0 0.24348958333333334 0.6837962962962963 0.01953125 0.038425925925925926
0 0.38776041666666666 0.5625 0.0390625 0.06111111111111111
0 0.44817708333333334 0.4064814814814815 0.01796875 0.04027777777777778
