0 0.38125 0.8449074074074074 0.078125 0.04212962962962963
0 0.27760416666666665 0.700925925925926 0.028645833333333332 0.047685185185185185
0 0.45729166666666665 0.6800925925925926 0.032552083333333336 0.04722222222222222
0 0.35104166666666664 0.6856481481481481 0.026041666666666668 0.03425925925925926
0 0.21328125 0.4824074074074074 0.02421875 0.038425925925925926
0 0.64296875 0.549537037037037 0.03411458333333333 0.04259259259259259
0 0.3765625 0.7384259259259259 0.026041666666666668 0.03564814814814815
0 0.44947916666666665 0.7856481481481481 0.03125 0.037037037037037035
0 0.34661458333333334 0.9671296296296297 0.04348958333333333 0.03518518518518519
0 0.4140625 0.8013888888888889 0.029166666666666667 0.03935185185185185
0 0.7315104166666667 0.5805555555555556 0.03177083333333333 0.04351851851851852
0 0.3731770833333333 0.700925925925926 0.02890625 0.040740740740740744
0 0.5018229166666667 0.7111111111111111 0.028645833333333332 0.047685185185185185
0 0.29244791666666664 0.5111111111111111 0.023958333333333335 0.04027777777777778
0 0.4700520833333333 0.3800925925925926 0.015625 0.038425925925925926
0 0.48151041666666666 0.37777777777777777 0.013541666666666667 0.043055555555555555
0 0.34088541666666666 0.8486111111111111 0.016927083333333332 0.03657407407407407
