0 0.39427083333333335 0.8 0.07369791666666667 0.060648148148148145
0 0.7682291666666666 0.5467592592592593 0.03619791666666667 0.05416666666666667
0 0.6872395833333333 0.5046296296296297 0.04088541666666667 0.047685185185185185
0 0.41822916666666665 0.7212962962962963 0.0296875 0.043055555555555555
0 0.3489583333333333 0.6708333333333333 0.032552083333333336 0.04953703703703704
0 0.4752604166666667 0.6296296296296297 0.03515625 0.05416666666666667
0 0.30442708333333335 0.4444444444444444 0.026822916666666665 0.049074074074074076
0 0.5119791666666667 0.3925925925925926 0.025260416666666667 0.04027777777777778
0 0.46640625 0.7564814814814815 0.03203125 0.03657407407407407
0 0.22916666666666666 0.4513888888888889 0.0328125 0.04259259259259259
0 0.48854166666666665 0.38564814814814813 0.026041666666666668 0.04212962962962963
0 0.2911458333333333 0.649074074074074 0.030208333333333334 0.04583333333333333
0 0.4466145833333333 0.7064814814814815 0.027604166666666666 0.0699074074074074
0 0.36953125 0.9634259259259259 0.0453125 0.03935185185185185
0 0.3736979166666667 0.6990740740740741 0.03177083333333333 0.038425925925925926
0 0.5346354166666667 0.7027777777777777 0.036458333333333336 0.052314814814814814
0 0.3541666666666667 0.8236111111111111 0.018229166666666668 0.028703703703703703
