0 0.19322916666666667 0.6282407407407408 0.0390625 0.043055555555555555
0 0.9809895833333333 0.4787037037037037 0.03203125 0.04861111111111111
0 0.2375 0.7842592592592592 0.025260416666666667 0.03796296296296296
0 0.3046875 0.5356481481481481 0.021354166666666667 0.03981481481481482
0 0.18098958333333334 0.6986111111111111 0.04505208333333333 0.031018518518518518
0 0.7325520833333333 0.25555555555555554 0.05572916666666667 0.05648148148148148
0 0.009114583333333334 0.5111111111111111 0.0171875 0.03564814814814815
0 0.66953125 0.35462962962962963 0.0515625 0.04953703703703704
0 0.93671875 0.6981481481481482 0.07578125 0.0787037037037037
0 0.78828125 0.19907407407407407 0.05390625 0.08055555555555556
0 0.5901041666666667 0.49074074074074076 0.029947916666666668 0.056018518518518516
0 0.6799479166666667 0.5324074074074074 0.02578125 0.04675925925925926
0 0.903125 0.25555555555555554 0.04010416666666667 0.04861111111111111
0 0.12005208333333334 0.6055555555555555 0.03046875 0.15462962962962962
0 0.08984375 0.8648148148148148 0.023958333333333335 0.037037037037037035
0 0.25234375 0.700462962962963 0.017447916666666667 0.03148148148148148
0 0.73828125 0.3189814814814815 0.022916666666666665 0.04583333333333333
0 0.3203125 0.549074074074074 0.018229166666666668 0.031018518518518518
0 0.11432291666666666 0.6435185185185185 0.022395833333333334 0.02175925925925926
0 0.11640625 0.6199074074074075 0.015625 0.02638888888888889
0 0.12526041666666668 0.5888888888888889 0.025260416666666667 0.024074074074074074
0 0.11953125 0.5453703703703704 0.029427083333333333 0.03935185185185185
0 0.12552083333333333 0.6759259259259259 0.017447916666666667 0.03194444444444444
0 0.9239583333333333 0.6949074074074074 0.0265625 0.02962962962962963
0 0.9403645833333333 0.6842592592592592 0.015104166666666667 0.044444444444444446
0 0.95 0.700925925925926 0.016145833333333335 0.031018518518518518
0 0.7520833333333333 0.2449074074074074 0.023177083333333334 0.024074074074074074
0 0.6752604166666667 0.3574074074074074 0.024739583333333332 0.044444444444444446
