0 0.38359375 0.8199074074074074 0.0765625 0.046296296296296294
0 0.5174479166666667 0.7023148148148148 0.0375 0.055092592592592596
0 0.7572916666666667 0.5652777777777778 0.0296875 0.04814814814814815
0 0.6674479166666667 0.5101851851851852 0.030989583333333334 0.049074074074074076
0 0.4317708333333333 0.7578703703703704 0.030729166666666665 0.04814814814814815
0 0.39947916666666666 0.7305555555555555 0.029166666666666667 0.0375
0 0.34817708333333336 0.6796296296296296 0.029427083333333333 0.040740740740740744
0 0.22421875 0.4486111111111111 0.0296875 0.04583333333333333
0 0.28098958333333335 0.6722222222222223 0.029947916666666668 0.049074074074074076
0 0.29739583333333336 0.4722222222222222 0.021354166666666667 0.04027777777777778
0 0.3502604166666667 0.9629629629629629 0.032552083333333336 0.0375
0 0.4515625 0.7689814814814815 0.030989583333333334 0.03935185185185185
0 0.46432291666666664 0.6527777777777778 0.026302083333333334 0.04953703703703704
0 0.4864583333333333 0.38796296296296295 0.016145833333333335 0.03657407407407407
0 0.5 0.3851851851851852 0.016927083333333332 0.03935185185185185
0 0.3703125 0.7208333333333333 0.023177083333333334 0.037037037037037035
0 0.3458333333333333 0.8291666666666667 0.0140625 0.031018518518518518
