0 0.40182291666666664 0.6162037037037037 0.02578125 0.033796296296296297
0 0.23697916666666666 0.6777777777777778 0.02109375 0.032407407407407406
0 0.3796875 0.8111111111111111 0.036458333333333336 0.04953703703703704
0 0.2734375 0.449537037037037 0.02734375 0.03611111111111111
0 0.39869791666666665 0.47685185185185186 0.019270833333333334 0.033796296296296297
0 0.35859375 0.5976851851851852 0.020052083333333335 0.03148148148148148
0 0.44453125 0.41759259259259257 0.02421875 0.04537037037037037
0 0.4625 0.3958333333333333 0.027083333333333334 0.04398148148148148
0 0.4231770833333333 0.4199074074074074 0.023958333333333335 0.03981481481481482
0 0.28932291666666665 0.5310185185185186 0.020572916666666666 0.03194444444444444
0 0.34817708333333336 0.6509259259259259 0.030208333333333334 0.06481481481481481
0 0.42421875 0.30416666666666664 0.026041666666666668 0.04351851851851852
0 0.43203125 0.624537037037037 0.08020833333333334 0.06666666666666667
0 0.3580729166666667 0.5634259259259259 0.03125 0.03981481481481482
0 0.371875 0.39166666666666666 0.026041666666666668 0.04259259259259259
0 0.28098958333333335 0.4273148148148148 0.017708333333333333 0.027314814814814816
0 0.47109375 0.3212962962962963 0.01796875 0.03981481481481482
