0 0.48541666666666666 0.5143518518518518 0.019270833333333334 0.044444444444444446
0 0.33229166666666665 0.7231481481481481 0.021614583333333333 0.04583333333333333
0 0.41822916666666665 0.35509259259259257 0.017447916666666667 0.02638888888888889
0 0.3859375 0.6416666666666667 0.022395833333333334 0.044444444444444446
0 0.365625 0.44583333333333336 0.020572916666666666 0.02824074074074074
0 0.4270833333333333 0.42407407407407405 0.015104166666666667 0.027777777777777776
0 0.31666666666666665 0.6509259259259259 0.023958333333333335 0.04351851851851852
0 0.32708333333333334 0.41435185185185186 0.018229166666666668 0.024537037037037038
0 0.4825520833333333 0.649537037037037 0.029166666666666667 0.04675925925925926
0 0.31145833333333334 0.4078703703703704 0.0203125 0.02546296296296296
0 0.3020833333333333 0.47685185185185186 0.02265625 0.03009259259259259
0 0.6364583333333333 0.3337962962962963 0.01484375 0.03981481481481482
0 0.41380208333333335 0.37777777777777777 0.01640625 0.02546296296296296
0 0.5192708333333333 0.4583333333333333 0.019791666666666666 0.03287037037037037
0 0.5057291666666667 0.5518518518518518 0.04401041666666667 0.10833333333333334
0 0.31875 0.5356481481481481 0.025260416666666667 0.0375
0 0.4609375 0.35694444444444445 0.015885416666666666 0.026851851851851852
0 0.3763020833333333 0.475 0.022395833333333334 0.02962962962962963
0 0.41302083333333334 0.9023148148148148 0.0546875 0.09398148148148149
0 0.3971354166666667 0.9287037037037037 0.015885416666666666 0.04212962962962963
0 0.41432291666666665 0.9037037037037037 0.023177083333333334 0.047685185185185185
