0 0.3020833333333333 0.23842592592592593 0.0390625 0.06018518518518518
0 0.26536458333333335 0.04953703703703704 0.03463541666666667 0.047685185185185185
0 0.296875 0.031018518518518518 0.026041666666666668 0.0412037037037037
0 0.3611979166666667 0.10231481481481482 0.022395833333333334 0.05324074074074074
0 0.42265625 0.06851851851851852 0.019010416666666665 0.03333333333333333
0 0.42473958333333334 0.055092592592592596 0.03567708333333333 0.05324074074074074
0 0.5846354166666666 0.05324074074074074 0.040625 0.10231481481481482
0 0.57421875 0.07037037037037037 0.018489583333333334 0.032407407407407406
0 0.5856770833333333 0.044444444444444446 0.017447916666666667 0.03657407407407407
0 0.2559895833333333 0.7513888888888889 0.04244791666666667 0.08935185185185185
0 0.25625 0.7527777777777778 0.023697916666666666 0.05092592592592592
