0 0.5125 0.55 0.024479166666666666 0.04351851851851852
0 0.5421875 0.4185185185185185 0.016666666666666666 0.03518518518518519
0 0.6283854166666667 0.19814814814814816 0.027083333333333334 0.04583333333333333
0 0.5677083333333334 0.6226851851851852 0.029166666666666667 0.046296296296296294
0 0.5166666666666667 0.5037037037037037 0.02265625 0.033796296296296297
0 0.6575520833333334 0.5518518518518518 0.0234375 0.04675925925925926
0 0.6140625 0.275 0.022395833333333334 0.05324074074074074
0 0.62734375 0.6092592592592593 0.02109375 0.04537037037037037
0 0.44635416666666666 0.4305555555555556 0.030729166666666665 0.04259259259259259
0 0.5190104166666667 0.7092592592592593 0.022395833333333334 0.040740740740740744
0 0.2877604166666667 0.38842592592592595 0.026041666666666668 0.04675925925925926
0 0.37838541666666664 0.8203703703703704 0.023177083333333334 0.04351851851851852
0 0.6268229166666667 0.549074074074074 0.020572916666666666 0.050462962962962966
0 0.56015625 0.37175925925925923 0.017447916666666667 0.03657407407407407
0 0.4986979166666667 0.6430555555555556 0.015364583333333333 0.03564814814814815
0 0.4895833333333333 0.525 0.07291666666666667 0.07222222222222222
0 0.5986979166666667 0.7393518518518518 0.019010416666666665 0.026851851851851852
