0 0.4625 0.512962962962963 0.046614583333333334 0.12037037037037036
0 0.46197916666666666 0.6439814814814815 0.022395833333333334 0.04583333333333333
0 0.3302083333333333 0.7763888888888889 0.028385416666666666 0.049074074074074076
0 0.5072916666666667 0.8898148148148148 0.02734375 0.03981481481481482
0 0.4765625 0.8050925925925926 0.03046875 0.04537037037037037
0 0.6635416666666667 0.4050925925925926 0.0265625 0.05555555555555555
0 0.3919270833333333 0.4199074074074074 0.030989583333333334 0.06157407407407407
0 0.47682291666666665 0.47453703703703703 0.019010416666666665 0.038425925925925926
0 0.5346354166666667 0.65 0.022135416666666668 0.04490740740740741
0 0.40234375 0.3199074074074074 0.029947916666666668 0.05138888888888889
0 0.5755208333333334 0.35648148148148145 0.02421875 0.044444444444444446
0 0.43385416666666665 0.4791666666666667 0.028645833333333332 0.05740740740740741
0 0.5713541666666667 0.575462962962963 0.027083333333333334 0.05462962962962963
0 0.5625 0.43842592592592594 0.022395833333333334 0.04953703703703704
0 0.37447916666666664 0.24444444444444444 0.043229166666666666 0.075
0 0.41484375 0.3912037037037037 0.022916666666666665 0.06296296296296296
0 0.31484375 0.7240740740740741 0.021875 0.043055555555555555
0 0.4236979166666667 0.5541666666666667 0.023958333333333335 0.05092592592592592
