0 0.32864583333333336 0.41712962962962963 0.016927083333333332 0.027314814814814816
0 0.4609375 0.36157407407407405 0.01796875 0.026851851851851852
0 0.3625 0.4444444444444444 0.020572916666666666 0.03009259259259259
0 0.4197916666666667 0.3560185185185185 0.017447916666666667 0.02638888888888889
0 0.42109375 0.42453703703703705 0.015104166666666667 0.029166666666666667
0 0.37994791666666666 0.6365740740740741 0.019270833333333334 0.033796296296296297
0 0.33255208333333336 0.725 0.024479166666666666 0.0375
0 0.29765625 0.48009259259259257 0.020052083333333335 0.03518518518518519
0 0.5119791666666667 0.4439814814814815 0.019270833333333334 0.027314814814814816
0 0.43359375 0.8763888888888889 0.05390625 0.08981481481481482
0 0.6359375 0.33055555555555555 0.014322916666666666 0.04027777777777778
0 0.4747395833333333 0.6412037037037037 0.027083333333333334 0.04861111111111111
0 0.3171875 0.5361111111111111 0.027083333333333334 0.037037037037037035
0 0.3065104166666667 0.6402777777777777 0.022395833333333334 0.04351851851851852
0 0.37421875 0.4773148148148148 0.019270833333333334 0.029166666666666667
0 0.3067708333333333 0.4166666666666667 0.020833333333333332 0.02824074074074074
0 0.5002604166666667 0.5439814814814815 0.05677083333333333 0.10601851851851851
0 0.47734375 0.5111111111111111 0.029947916666666668 0.031018518518518518
0 0.4171875 0.8976851851851851 0.01953125 0.041666666666666664
0 0.434375 0.8763888888888889 0.016145833333333335 0.03981481481481482
