0 0.25885416666666666 0.6777777777777778 0.07057291666666667 0.06018518518518518
0 0.37552083333333336 0.8416666666666667 0.026302083333333334 0.047685185185185185
0 0.409375 0.8324074074074074 0.036458333333333336 0.05740740740740741
0 0.38697916666666665 0.4074074074074074 0.02734375 0.038425925925925926
0 0.39114583333333336 0.5958333333333333 0.034895833333333334 0.058333333333333334
0 0.44973958333333336 0.6212962962962963 0.045572916666666664 0.0699074074074074
0 0.4083333333333333 0.33611111111111114 0.03515625 0.05
0 0.35260416666666666 0.5833333333333334 0.036458333333333336 0.05416666666666667
0 0.22057291666666667 0.9050925925925926 0.04088541666666667 0.06666666666666667
0 0.38645833333333335 0.8930555555555556 0.044270833333333336 0.0763888888888889
0 0.14114583333333333 0.562962962962963 0.02421875 0.08333333333333333
0 0.2859375 0.6407407407407407 0.026302083333333334 0.04814814814814815
0 0.2609375 0.28703703703703703 0.04192708333333333 0.07361111111111111
0 0.2752604166666667 0.4986111111111111 0.022916666666666665 0.047685185185185185
0 0.428125 0.6518518518518519 0.039322916666666666 0.03611111111111111
0 0.16119791666666666 0.5574074074074075 0.018489583333333334 0.03148148148148148
0 0.3333333333333333 0.44212962962962965 0.019791666666666666 0.043055555555555555
0 0.3421875 0.5171296296296296 0.030208333333333334 0.03657407407407407
