0 0.44947916666666665 0.8013888888888889 0.022395833333333334 0.055092592592592596
0 0.68515625 0.6268518518518519 0.026822916666666665 0.0587962962962963
0 0.7828125 0.41805555555555557 0.024479166666666666 0.05787037037037037
0 0.5317708333333333 0.39305555555555555 0.023697916666666666 0.05648148148148148
0 0.5981770833333333 0.6398148148148148 0.0296875 0.05555555555555555
0 0.68359375 0.4532407407407407 0.024479166666666666 0.05185185185185185
0 0.43854166666666666 0.7402777777777778 0.02265625 0.04722222222222222
0 0.66328125 0.6703703703703704 0.023177083333333334 0.06157407407407407
0 0.6963541666666667 0.3638888888888889 0.027864583333333335 0.049074074074074076
0 0.634375 0.9060185185185186 0.02734375 0.04398148148148148
0 0.52578125 0.33564814814814814 0.033854166666666664 0.05416666666666667
0 0.5776041666666667 0.47638888888888886 0.023177083333333334 0.053703703703703705
0 0.5119791666666667 0.44305555555555554 0.029166666666666667 0.04351851851851852
0 0.50859375 0.25416666666666665 0.04348958333333333 0.05740740740740741
0 0.6135416666666667 0.812037037037037 0.023177083333333334 0.04861111111111111
0 0.5466145833333333 0.5592592592592592 0.019010416666666665 0.04027777777777778
0 0.60390625 0.5236111111111111 0.04114583333333333 0.13240740740740742
0 0.6182291666666667 0.4842592592592593 0.019010416666666665 0.031018518518518518
