0 0.59453125 0.3189814814814815 0.020052083333333335 0.03611111111111111
0 0.5838541666666667 0.34444444444444444 0.018489583333333334 0.04027777777777778
0 0.63984375 0.0912037037037037 0.0421875 0.08194444444444444
0 0.41640625 0.06944444444444445 0.025260416666666667 0.046296296296296294
0 0.29192708333333334 0.5569444444444445 0.03046875 0.06481481481481481
0 0.3528645833333333 0.42083333333333334 0.027604166666666666 0.05277777777777778
0 0.40911458333333334 0.22546296296296298 0.03619791666666667 0.05277777777777778
0 0.45703125 0.08287037037037037 0.020833333333333332 0.05185185185185185
0 0.41015625 0.36064814814814816 0.0328125 0.049074074074074076
0 0.2591145833333333 0.16712962962962963 0.0359375 0.04722222222222222
0 0.26979166666666665 0.24768518518518517 0.03229166666666667 0.040740740740740744
0 0.4861979166666667 0.15416666666666667 0.040364583333333336 0.06851851851851852
0 0.48333333333333334 0.25555555555555554 0.04479166666666667 0.12037037037037036
0 0.22994791666666667 0.24305555555555555 0.03567708333333333 0.040740740740740744
0 0.284375 0.36157407407407405 0.030989583333333334 0.04351851851851852
0 0.25729166666666664 0.3597222222222222 0.034895833333333334 0.04861111111111111
0 0.32109375 0.2898148148148148 0.023177083333333334 0.038425925925925926
0 0.5942708333333333 0.31805555555555554 0.04479166666666667 0.12453703703703704
0 0.2890625 0.9791666666666666 0.03359375 0.0412037037037037
0 0.4078125 0.3768518518518518 0.017447916666666667 0.020833333333333332
0 0.33828125 0.20462962962962963 0.02109375 0.05555555555555555
