0 0.3536458333333333 0.649074074074074 0.07786458333333333 0.06759259259259259
0 0.39010416666666664 0.600462962962963 0.02734375 0.0412037037037037
0 0.4239583333333333 0.8134259259259259 0.03177083333333333 0.04722222222222222
0 0.43307291666666664 0.5328703703703703 0.02421875 0.047685185185185185
0 0.446875 0.5967592592592592 0.026041666666666668 0.04814814814814815
0 0.421875 0.45231481481481484 0.027864583333333335 0.05138888888888889
0 0.3640625 0.5407407407407407 0.033854166666666664 0.044444444444444446
0 0.4744791666666667 0.31851851851851853 0.03671875 0.034722222222222224
0 0.2752604166666667 0.7703703703703704 0.030989583333333334 0.04953703703703704
0 0.43645833333333334 0.7564814814814815 0.03229166666666667 0.04398148148148148
0 0.25755208333333335 0.5069444444444444 0.033854166666666664 0.05
0 0.39453125 0.7564814814814815 0.025 0.046296296296296294
0 0.37890625 0.39490740740740743 0.032552083333333336 0.04259259259259259
0 0.3828125 0.2810185185185185 0.03515625 0.04953703703703704
0 0.28463541666666664 0.4986111111111111 0.03828125 0.05324074074074074
0 0.4356770833333333 0.38796296296296295 0.026041666666666668 0.04351851851851852
0 0.4578125 0.3921296296296296 0.024479166666666666 0.046296296296296294
0 0.4765625 0.5412037037037037 0.029166666666666667 0.05324074074074074
