0 0.4705729166666667 0.662962962962963 0.05572916666666667 0.1050925925925926
0 0.4278645833333333 0.4625 0.015104166666666667 0.02361111111111111
0 0.34322916666666664 0.5828703703703704 0.015364583333333333 0.032407407407407406
0 0.51640625 0.5837962962962963 0.01796875 0.03333333333333333
0 0.39375 0.44537037037037036 0.01640625 0.02962962962962963
0 0.29791666666666666 0.5106481481481482 0.02109375 0.03148148148148148
0 0.4161458333333333 0.562962962962963 0.017447916666666667 0.02824074074074074
0 0.6072916666666667 0.4449074074074074 0.022916666666666665 0.05185185185185185
0 0.29609375 0.4777777777777778 0.02109375 0.03194444444444444
0 0.2765625 0.5217592592592593 0.024739583333333332 0.031018518518518518
0 0.3028645833333333 0.6587962962962963 0.016927083333333332 0.047685185185185185
0 0.30546875 0.7898148148148149 0.01484375 0.03194444444444444
0 0.2869791666666667 0.5467592592592593 0.015625 0.023148148148148147
0 0.37213541666666666 0.7625 0.01953125 0.049074074074074076
0 0.4864583333333333 0.7717592592592593 0.026041666666666668 0.04675925925925926
0 0.29713541666666665 0.8263888888888888 0.0171875 0.0375
0 0.3606770833333333 0.6087962962962963 0.018229166666666668 0.029166666666666667
0 0.46484375 0.6402777777777777 0.021614583333333333 0.044444444444444446
