0 0.43697916666666664 0.8337962962962963 0.025 0.033796296296296297
0 0.4739583333333333 0.46620370370370373 0.021875 0.04259259259259259
0 0.35859375 0.40324074074074073 0.019791666666666666 0.03148148148148148
0 0.3299479166666667 0.6893518518518519 0.017708333333333333 0.037037037037037035
0 0.37604166666666666 0.5958333333333333 0.020052083333333335 0.037037037037037035
0 0.46588541666666666 0.6018518518518519 0.031510416666666666 0.053703703703703705
0 0.31588541666666664 0.5064814814814815 0.022395833333333334 0.03888888888888889
0 0.41770833333333335 0.32037037037037036 0.019791666666666666 0.026851851851851852
0 0.2994791666666667 0.5916666666666667 0.020052083333333335 0.04490740740740741
0 0.4166666666666667 0.3921296296296296 0.01875 0.02824074074074074
0 0.3059895833333333 0.3861111111111111 0.020572916666666666 0.026851851851851852
0 0.29140625 0.44537037037037036 0.023177083333333334 0.03888888888888889
0 0.45807291666666666 0.3314814814814815 0.01796875 0.031018518518518518
0 0.3731770833333333 0.44583333333333336 0.01875 0.030555555555555555
0 0.4908854166666667 0.4981481481481482 0.06041666666666667 0.10138888888888889
0 0.5078125 0.4009259259259259 0.017447916666666667 0.029166666666666667
0 0.3268229166666667 0.37962962962962965 0.015625 0.027314814814814816
0 0.4466145833333333 0.8175925925925925 0.059375 0.08981481481481482
0 0.6346354166666667 0.29074074074074074 0.015625 0.03287037037037037
0 0.44947916666666665 0.8111111111111111 0.015625 0.0375
