0 0.6322916666666667 0.4078703703703704 0.028645833333333332 0.04259259259259259
0 0.6408854166666667 0.2791666666666667 0.034375 0.029166666666666667
0 0.5828125 0.8574074074074074 0.03046875 0.044444444444444446
0 0.5041666666666667 0.5421296296296296 0.025 0.04722222222222222
0 0.6463541666666667 0.65 0.021614583333333333 0.04351851851851852
0 0.5520833333333334 0.45925925925925926 0.047135416666666666 0.052314814814814814
0 0.6869791666666667 0.6361111111111111 0.01875 0.034722222222222224
0 0.37734375 0.8782407407407408 0.021354166666666667 0.04861111111111111
0 0.4783854166666667 0.8185185185185185 0.03203125 0.059722222222222225
0 0.5471354166666667 0.812037037037037 0.025 0.03657407407407407
0 0.5111979166666667 0.7129629629629629 0.028645833333333332 0.03796296296296296
0 0.6794270833333333 0.8157407407407408 0.024479166666666666 0.046296296296296294
0 0.5932291666666667 0.4199074074074074 0.015885416666666666 0.024074074074074074
0 0.34427083333333336 0.4537037037037037 0.03125 0.059722222222222225
0 0.32916666666666666 0.5009259259259259 0.036458333333333336 0.055092592592592596
0 0.5708333333333333 0.6356481481481482 0.015625 0.02962962962962963
0 0.5768229166666666 0.6694444444444444 0.07786458333333333 0.0625
0 0.6044270833333333 0.6842592592592592 0.027083333333333334 0.026851851851851852
