0 0.35052083333333334 0.4634259259259259 0.07864583333333333 0.04259259259259259
0 0.5653645833333333 0.28425925925925927 0.029166666666666667 0.052314814814814814
0 0.496875 0.6703703703703704 0.016666666666666666 0.033796296296296297
0 0.6229166666666667 0.4587962962962963 0.025520833333333333 0.043055555555555555
0 0.6010416666666667 0.7754629629629629 0.023958333333333335 0.027777777777777776
0 0.51171875 0.7078703703703704 0.02421875 0.03935185185185185
0 0.34322916666666664 0.3023148148148148 0.02421875 0.04537037037037037
0 0.25546875 0.3888888888888889 0.04739583333333333 0.04583333333333333
0 0.42864583333333334 0.4074074074074074 0.03828125 0.04814814814814815
0 0.6067708333333334 0.5342592592592592 0.026302083333333334 0.04212962962962963
0 0.5059895833333333 0.3476851851851852 0.030208333333333334 0.05416666666666667
0 0.5494791666666666 0.5976851851851852 0.026822916666666665 0.05416666666666667
0 0.5713541666666667 0.5032407407407408 0.027604166666666666 0.043055555555555555
0 0.58046875 0.16435185185185186 0.04088541666666667 0.04722222222222222
0 0.5028645833333333 0.3861111111111111 0.021354166666666667 0.03518518518518519
0 0.35130208333333335 0.7976851851851852 0.013802083333333333 0.04259259259259259
0 0.6252604166666667 0.5675925925925925 0.02734375 0.04398148148148148
0 0.38177083333333334 0.4689814814814815 0.025260416666666667 0.027777777777777776
0 0.25078125 0.3560185185185185 0.016666666666666666 0.02638888888888889
