0 0.6356770833333333 0.3398148148148148 0.020572916666666666 0.030555555555555555
0 0.684375 0.225 0.024739583333333332 0.030555555555555555
0 0.6236979166666666 0.33194444444444443 0.022395833333333334 0.029166666666666667
0 0.6028645833333334 0.324537037037037 0.02109375 0.03009259259259259
0 0.7135416666666666 0.19953703703703704 0.023697916666666666 0.04351851851851852
0 0.4752604166666667 0.2675925925925926 0.06145833333333333 0.04953703703703704
0 0.54765625 0.674074074074074 0.030208333333333334 0.047685185185185185
0 0.5302083333333333 0.8333333333333334 0.024479166666666666 0.04814814814814815
0 0.5734375 0.8513888888888889 0.0328125 0.07361111111111111
0 0.5861979166666667 0.5995370370370371 0.04192708333333333 0.06527777777777778
0 0.7223958333333333 0.12083333333333333 0.03125 0.04675925925925926
0 0.31302083333333336 0.8296296296296296 0.07604166666666666 0.08888888888888889
0 0.5546875 0.4203703703703704 0.019010416666666665 0.03333333333333333
0 0.47682291666666665 0.5259259259259259 0.021614583333333333 0.044444444444444446
0 0.4979166666666667 0.43796296296296294 0.028385416666666666 0.04259259259259259
0 0.8244791666666667 0.3939814814814815 0.02265625 0.04212962962962963
0 0.5041666666666667 0.888425925925926 0.028385416666666666 0.055092592592592596
0 0.4864583333333333 0.2074074074074074 0.058333333333333334 0.03981481481481482
0 0.32578125 0.4625 0.06328125 0.07685185185185185
0 0.7580729166666667 0.12546296296296297 0.0265625 0.04722222222222222
0 0.41354166666666664 0.5546296296296296 0.033854166666666664 0.044444444444444446
0 0.62109375 0.3300925925925926 0.06328125 0.05092592592592592
0 0.5338541666666666 0.5046296296296297 0.020052083333333335 0.04953703703703704
0 0.30442708333333335 0.7282407407407407 0.03567708333333333 0.043055555555555555
0 0.69609375 0.21712962962962962 0.06666666666666667 0.07777777777777778
0 0.5526041666666667 0.7162037037037037 0.029166666666666667 0.04814814814814815
0 0.84375 0.3175925925925926 0.023177083333333334 0.05277777777777778
0 0.5177083333333333 0.21203703703703702 0.0203125 0.03287037037037037
0 0.5216145833333333 0.25046296296296294 0.018229166666666668 0.0375
0 0.49453125 0.2337962962962963 0.0140625 0.026851851851851852
0 0.33645833333333336 0.4546296296296296 0.017447916666666667 0.03888888888888889
0 0.5046875 0.5236111111111111 0.023697916666666666 0.04259259259259259
0 0.5075520833333333 0.49583333333333335 0.015364583333333333 0.0412037037037037
0 0.5994791666666667 0.6143518518518518 0.017708333333333333 0.02638888888888889
0 0.2916666666666667 0.8277777777777777 0.015364583333333333 0.027777777777777776
0 0.3125 0.8402777777777778 0.015885416666666666 0.02638888888888889
0 0.35651041666666666 0.8472222222222222 0.02890625 0.04212962962962963
