0 0.26666666666666666 0.6643518518518519 0.025520833333333333 0.024537037037037038
0 0.40677083333333336 0.43657407407407406 0.02578125 0.03888888888888889
0 0.41744791666666664 0.3625 0.03463541666666667 0.04814814814814815
0 0.40729166666666666 0.9347222222222222 0.027864583333333335 0.056018518518518516
0 0.4473958333333333 0.6953703703703704 0.029427083333333333 0.055092592592592596
0 0.3416666666666667 0.4634259259259259 0.024479166666666666 0.04259259259259259
0 0.23307291666666666 0.9671296296296297 0.032552083333333336 0.05092592592592592
0 0.4036458333333333 0.6240740740740741 0.018229166666666668 0.03611111111111111
0 0.37578125 0.6365740740740741 0.026041666666666668 0.03657407407407407
0 0.13984375 0.5847222222222223 0.028125 0.03888888888888889
0 0.35520833333333335 0.5398148148148149 0.028385416666666666 0.03564814814814815
0 0.26927083333333335 0.5050925925925925 0.020572916666666666 0.03657407407407407
0 0.24166666666666667 0.28935185185185186 0.026302083333333334 0.047685185185185185
0 0.38645833333333335 0.8606481481481482 0.02265625 0.044444444444444446
0 0.24270833333333333 0.6791666666666667 0.06979166666666667 0.04351851851851852
0 0.4421875 0.8768518518518519 0.026302083333333334 0.05694444444444444
0 0.4661458333333333 0.6217592592592592 0.026041666666666668 0.0587962962962963
