0 0.6145833333333334 0.5180555555555556 0.04453125 0.12129629629629629
0 0.45078125 0.8097222222222222 0.027083333333333334 0.04583333333333333
0 0.6880208333333333 0.4583333333333333 0.025 0.05277777777777778
0 0.6877604166666667 0.6388888888888888 0.021614583333333333 0.04722222222222222
0 0.5330729166666667 0.3439814814814815 0.027083333333333334 0.0587962962962963
0 0.7794270833333333 0.4166666666666667 0.02265625 0.058333333333333334
0 0.5354166666666667 0.3990740740740741 0.025 0.04675925925925926
0 0.6703125 0.6787037037037037 0.01953125 0.05648148148148148
0 0.50859375 0.24537037037037038 0.0375 0.060648148148148145
0 0.69453125 0.36018518518518516 0.04401041666666667 0.046296296296296294
0 0.6065104166666667 0.6430555555555556 0.027083333333333334 0.06666666666666667
0 0.6302083333333334 0.9175925925925926 0.02578125 0.04027777777777778
0 0.5830729166666667 0.4777777777777778 0.02265625 0.0375
0 0.6239583333333333 0.8018518518518518 0.023958333333333335 0.04814814814814815
0 0.4390625 0.7509259259259259 0.020572916666666666 0.04398148148148148
0 0.5182291666666666 0.44722222222222224 0.028385416666666666 0.04537037037037037
0 0.6317708333333333 0.4930555555555556 0.018489583333333334 0.031018518518518518
0 0.5463541666666667 0.5652777777777778 0.026302083333333334 0.04259259259259259
