0 0.3924479166666667 0.625462962962963 0.033854166666666664 0.12129629629629629
0 0.32786458333333335 0.5356481481481481 0.01796875 0.03425925925925926
0 0.5338541666666666 0.39444444444444443 0.024739583333333332 0.050462962962962966
0 0.42161458333333335 0.7106481481481481 0.021875 0.050462962962962966
0 0.5153645833333333 0.6685185185185185 0.015885416666666666 0.03657407407407407
0 0.4791666666666667 0.9777777777777777 0.018489583333333334 0.03888888888888889
0 0.3203125 0.3731481481481482 0.02109375 0.053703703703703705
0 0.5549479166666667 0.5851851851851851 0.021614583333333333 0.03981481481481482
0 0.4125 0.875462962962963 0.019791666666666666 0.037037037037037035
0 0.42161458333333335 0.49074074074074076 0.024739583333333332 0.04490740740740741
0 0.3421875 0.4217592592592593 0.0203125 0.04537037037037037
0 0.40286458333333336 0.4527777777777778 0.018229166666666668 0.03333333333333333
0 0.31875 0.7916666666666666 0.025260416666666667 0.05740740740740741
0 0.39375 0.6611111111111111 0.023958333333333335 0.05694444444444444
0 0.3841145833333333 0.5472222222222223 0.01953125 0.04259259259259259
0 0.5317708333333333 0.449537037037037 0.02265625 0.041666666666666664
0 0.5325520833333334 0.48703703703703705 0.020052083333333335 0.04351851851851852
