0 0.39401041666666664 0.5032407407407408 0.05572916666666667 0.1087962962962963
0 0.5479166666666667 0.5064814814814815 0.02109375 0.03981481481481482
0 0.5244791666666667 0.38796296296296295 0.029427083333333333 0.038425925925925926
0 0.4627604166666667 0.9041666666666667 0.023177083333333334 0.038425925925925926
0 0.51640625 0.43194444444444446 0.022916666666666665 0.03981481481481482
0 0.3028645833333333 0.2851851851851852 0.02109375 0.033796296296296297
0 0.2950520833333333 0.7328703703703704 0.02890625 0.05092592592592592
0 0.5390625 0.3425925925925926 0.027083333333333334 0.05138888888888889
0 0.346875 0.5199074074074074 0.022395833333333334 0.04675925925925926
0 0.3932291666666667 0.674074074074074 0.029947916666666668 0.04259259259259259
0 0.49609375 0.5907407407407408 0.024479166666666666 0.037037037037037035
0 0.31588541666666664 0.350462962962963 0.016666666666666666 0.034722222222222224
0 0.37994791666666666 0.38564814814814813 0.02109375 0.049074074074074076
0 0.39296875 0.8115740740740741 0.02578125 0.03657407407407407
0 0.31276041666666665 0.45185185185185184 0.018489583333333334 0.03287037037037037
0 0.37864583333333335 0.5402777777777777 0.028125 0.06527777777777778
0 0.40208333333333335 0.4310185185185185 0.03359375 0.04675925925925926
