0 0.32890625 0.9472222222222222 0.04375 0.10138888888888889
0 0.60625 0.29953703703703705 0.03619791666666667 0.12407407407407407
0 0.4828125 0.2833333333333333 0.05807291666666667 0.11203703703703703
0 0.28020833333333334 0.6231481481481481 0.0390625 0.06296296296296296
0 0.48203125 0.1837962962962963 0.03958333333333333 0.06666666666666667
0 0.30442708333333335 0.33425925925925926 0.021614583333333333 0.041666666666666664
0 0.6408854166666667 0.125 0.039322916666666666 0.07592592592592592
0 0.3921875 0.38472222222222224 0.026822916666666665 0.046296296296296294
0 0.32838541666666665 0.23703703703703705 0.018489583333333334 0.05185185185185185
0 0.34401041666666665 0.4648148148148148 0.028385416666666666 0.04351851851851852
0 0.23802083333333332 0.38935185185185184 0.03203125 0.044444444444444446
0 0.40234375 0.37962962962962965 0.027864583333333335 0.059722222222222225
0 0.40963541666666664 0.11018518518518519 0.04010416666666667 0.07824074074074074
0 0.240625 0.20879629629629629 0.029947916666666668 0.03981481481481482
0 0.20208333333333334 0.2722222222222222 0.034375 0.04814814814814815
0 0.3885416666666667 0.24027777777777778 0.029947916666666668 0.03333333333333333
0 0.27005208333333336 0.4041666666666667 0.03359375 0.04212962962962963
0 0.4083333333333333 0.24861111111111112 0.025260416666666667 0.0375
0 0.25677083333333334 0.28703703703703703 0.0328125 0.04212962962962963
0 0.5971354166666667 0.3263888888888889 0.01953125 0.03657407407407407
0 0.60703125 0.2796296296296296 0.021614583333333333 0.05555555555555555
0 0.4505208333333333 0.11574074074074074 0.023697916666666666 0.0712962962962963
0 0.32578125 0.9574074074074074 0.029427083333333333 0.044444444444444446
