0 0.36015625 0.4550925925925926 0.07291666666666667 0.05740740740740741
0 0.6270833333333333 0.5648148148148148 0.027083333333333334 0.04351851851851852
0 0.3455729166666667 0.3138888888888889 0.022135416666666668 0.03333333333333333
0 0.6 0.7611111111111111 0.025 0.02824074074074074
0 0.49661458333333336 0.6638888888888889 0.017708333333333333 0.03194444444444444
0 0.6283854166666667 0.45046296296296295 0.026041666666666668 0.043055555555555555
0 0.509375 0.6884259259259259 0.022135416666666668 0.03611111111111111
0 0.5786458333333333 0.49583333333333335 0.024479166666666666 0.04675925925925926
0 0.4401041666666667 0.42685185185185187 0.017447916666666667 0.06759259259259259
0 0.59296875 0.15046296296296297 0.0421875 0.0587962962962963
0 0.5690104166666666 0.274537037037037 0.028645833333333332 0.05185185185185185
0 0.26197916666666665 0.39305555555555555 0.03411458333333333 0.060648148148148145
0 0.35494791666666664 0.7893518518518519 0.020833333333333332 0.047685185185185185
0 0.51484375 0.3486111111111111 0.03307291666666667 0.058333333333333334
0 0.5520833333333334 0.5939814814814814 0.030989583333333334 0.050462962962962966
0 0.3885416666666667 0.4638888888888889 0.026041666666666668 0.02638888888888889
0 0.2565104166666667 0.34814814814814815 0.019010416666666665 0.028703703703703703
0 0.5114583333333333 0.3837962962962963 0.0234375 0.04212962962962963
