0 0.3109375 0.8356481481481481 0.03046875 0.05277777777777778
0 0.33489583333333334 0.46111111111111114 0.01875 0.034722222222222224
0 0.4041666666666667 0.9236111111111112 0.02109375 0.03564814814814815
0 0.4153645833333333 0.7625 0.02578125 0.044444444444444446
0 0.39479166666666665 0.49074074074074076 0.022395833333333334 0.04537037037037037
0 0.5072916666666667 0.7050925925925926 0.019270833333333334 0.04398148148148148
0 0.41015625 0.5333333333333333 0.0265625 0.041666666666666664
0 0.31171875 0.4097222222222222 0.02109375 0.04861111111111111
0 0.5552083333333333 0.6199074074074075 0.021875 0.04212962962962963
0 0.32083333333333336 0.575 0.0171875 0.03611111111111111
0 0.5260416666666666 0.5324074074074074 0.022395833333333334 0.03518518518518519
0 0.3692708333333333 0.6106481481481482 0.016927083333333332 0.043055555555555555
0 0.5317708333333333 0.500462962962963 0.024479166666666666 0.03148148148148148
0 0.5364583333333334 0.4361111111111111 0.025260416666666667 0.04814814814814815
0 0.3893229166666667 0.6421296296296296 0.035416666666666666 0.11296296296296296
0 0.38723958333333336 0.6782407407407407 0.02578125 0.06759259259259259
