0 0.44895833333333335 0.7231481481481481 0.019791666666666666 0.037037037037037035
0 0.465625 0.7023148148148148 0.022135416666666668 0.03194444444444444
0 0.46119791666666665 0.5166666666666667 0.027604166666666666 0.044444444444444446
0 0.2981770833333333 0.49444444444444446 0.019010416666666665 0.052314814814814814
0 0.31588541666666664 0.4236111111111111 0.024479166666666666 0.037037037037037035
0 0.3263020833333333 0.3 0.014322916666666666 0.02638888888888889
0 0.4140625 0.30694444444444446 0.015104166666666667 0.027777777777777776
0 0.45260416666666664 0.25601851851851853 0.015885416666666666 0.03148148148148148
0 0.35546875 0.3175925925925926 0.019270833333333334 0.027314814814814816
0 0.46380208333333334 0.700462962962963 0.05572916666666667 0.09074074074074075
0 0.2877604166666667 0.3597222222222222 0.023697916666666666 0.041666666666666664
0 0.30885416666666665 0.2916666666666667 0.017708333333333333 0.026851851851851852
0 0.371875 0.5120370370370371 0.018489583333333334 0.040740740740740744
0 0.4153645833333333 0.2375 0.0171875 0.028703703703703703
0 0.5049479166666667 0.3101851851851852 0.01796875 0.032407407407407406
0 0.33125 0.6078703703703704 0.021875 0.03148148148148148
0 0.37057291666666664 0.37037037037037035 0.017447916666666667 0.03148148148148148
0 0.4869791666666667 0.4060185185185185 0.0546875 0.10925925925925926
0 0.46588541666666666 0.3861111111111111 0.018489583333333334 0.05185185185185185
0 0.6299479166666667 0.20972222222222223 0.01640625 0.03425925925925926
