0 0.39036458333333335 0.5805555555555556 0.04192708333333333 0.11064814814814815
0 0.40625 0.7319444444444444 0.0296875 0.04259259259259259
0 0.5416666666666666 0.399537037037037 0.027083333333333334 0.05694444444444444
0 0.3046875 0.35694444444444445 0.02265625 0.050462962962962966
0 0.3268229166666667 0.4148148148148148 0.019270833333333334 0.04675925925925926
0 0.50234375 0.6597222222222222 0.020833333333333332 0.0412037037037037
0 0.3171875 0.524074074074074 0.023697916666666666 0.03888888888888889
0 0.52265625 0.49212962962962964 0.026302083333333334 0.04722222222222222
0 0.39947916666666666 0.8805555555555555 0.02421875 0.0375
0 0.4078125 0.48935185185185187 0.025260416666666667 0.05138888888888889
0 0.46796875 0.9685185185185186 0.022135416666666668 0.03657407407407407
0 0.553125 0.5703703703703704 0.023177083333333334 0.041666666666666664
0 0.3567708333333333 0.5703703703703704 0.021875 0.03194444444444444
0 0.3846354166666667 0.44537037037037036 0.020833333333333332 0.05138888888888889
0 0.52734375 0.46296296296296297 0.024739583333333332 0.05
0 0.3033854166666667 0.7953703703703704 0.03046875 0.049074074074074076
0 0.37916666666666665 0.6189814814814815 0.030729166666666665 0.06481481481481481
