0 0.38958333333333334 0.4527777777777778 0.052083333333333336 0.11388888888888889
0 0.4901041666666667 0.5541666666666667 0.02578125 0.03888888888888889
0 0.45703125 0.8643518518518518 0.019791666666666666 0.037037037037037035
0 0.38776041666666666 0.7620370370370371 0.02265625 0.03148148148148148
0 0.30130208333333336 0.24074074074074073 0.022395833333333334 0.044444444444444446
0 0.3104166666666667 0.40925925925925927 0.017447916666666667 0.032407407407407406
0 0.5453125 0.3138888888888889 0.028125 0.04722222222222222
0 0.5114583333333333 0.39861111111111114 0.02109375 0.04027777777777778
0 0.33619791666666665 0.49027777777777776 0.025520833333333333 0.03888888888888889
0 0.3723958333333333 0.34814814814814815 0.02109375 0.04583333333333333
0 0.38359375 0.6421296296296296 0.0296875 0.047685185185185185
0 0.51875 0.3486111111111111 0.03125 0.04351851851851852
0 0.3098958333333333 0.30972222222222223 0.015885416666666666 0.034722222222222224
0 0.3885416666666667 0.40324074074074073 0.0265625 0.04814814814814815
0 0.5416666666666666 0.46805555555555556 0.032552083333333336 0.05277777777777778
0 0.2877604166666667 0.6972222222222222 0.03125 0.04398148148148148
0 0.37265625 0.4949074074074074 0.015104166666666667 0.034722222222222224
