0 0.29661458333333335 0.6675925925925926 0.027083333333333334 0.03981481481481482
0 0.45208333333333334 0.44351851851851853 0.03515625 0.040740740740740744
0 0.40286458333333336 0.5532407407407407 0.023697916666666666 0.03935185185185185
0 0.43515625 0.6949074074074074 0.028385416666666666 0.03657407407407407
0 0.43046875 0.8694444444444445 0.023697916666666666 0.04814814814814815
0 0.49322916666666666 0.7166666666666667 0.02890625 0.05092592592592592
0 0.45859375 0.9666666666666667 0.027083333333333334 0.046296296296296294
0 0.3880208333333333 0.47962962962962963 0.03333333333333333 0.04814814814814815
0 0.2765625 0.34120370370370373 0.0234375 0.0625
0 0.45416666666666666 0.6412037037037037 0.019010416666666665 0.033796296296296297
0 0.5067708333333333 0.9203703703703704 0.020572916666666666 0.032407407407407406
0 0.2734375 0.9888888888888889 0.016927083333333332 0.020370370370370372
0 0.27395833333333336 0.6828703703703703 0.08229166666666667 0.059722222222222225
0 0.5221354166666666 0.6291666666666667 0.03567708333333333 0.05648148148148148
0 0.32708333333333334 0.5254629629629629 0.029947916666666668 0.04212962962962963
0 0.17161458333333332 0.5986111111111111 0.030989583333333334 0.044444444444444446
0 0.4583333333333333 0.37222222222222223 0.03333333333333333 0.0412037037037037
