0 0.35859375 0.9541666666666667 0.04895833333333333 0.09074074074074075
0 0.6088541666666667 0.3439814814814815 0.03619791666666667 0.12824074074074074
0 0.60703125 0.3416666666666667 0.017447916666666667 0.03564814814814815
0 0.37994791666666666 0.45185185185185184 0.023958333333333335 0.04259259259259259
0 0.27369791666666665 0.7046296296296296 0.0390625 0.07268518518518519
0 0.6411458333333333 0.20046296296296295 0.0390625 0.08055555555555556
0 0.3026041666666667 0.40925925925925927 0.028645833333333332 0.044444444444444446
0 0.39947916666666666 0.32222222222222224 0.03046875 0.05277777777777778
0 0.34088541666666666 0.5347222222222222 0.025520833333333333 0.0587962962962963
0 0.2682291666666667 0.47962962962962963 0.03359375 0.04490740740740741
0 0.32369791666666664 0.29768518518518516 0.016666666666666666 0.06018518518518518
0 0.3828125 0.3074074074074074 0.03177083333333333 0.03888888888888889
0 0.40390625 0.45092592592592595 0.02265625 0.04675925925925926
0 0.18802083333333333 0.3439814814814815 0.03854166666666667 0.052314814814814814
0 0.44895833333333335 0.18611111111111112 0.021614583333333333 0.06666666666666667
0 0.23098958333333333 0.2828703703703704 0.03125 0.043055555555555555
0 0.4088541666666667 0.175 0.034895833333333334 0.08425925925925926
0 0.4901041666666667 0.3509259259259259 0.05182291666666667 0.10787037037037037
0 0.23177083333333334 0.46435185185185185 0.03203125 0.04212962962962963
0 0.24661458333333333 0.3625 0.034375 0.04027777777777778
0 0.35546875 0.9574074074074074 0.03203125 0.049074074074074076
0 0.6005208333333333 0.36944444444444446 0.02265625 0.04490740740740741
0 0.48125 0.2523148148148148 0.0390625 0.07268518518518519
