0 0.23828125 0.6699074074074074 0.07083333333333333 0.046296296296296294
0 0.25677083333333334 0.4791666666666667 0.028385416666666666 0.049074074074074076
0 0.21328125 0.9439814814814815 0.034895833333333334 0.07222222222222222
0 0.41744791666666664 0.6537037037037037 0.019010416666666665 0.031018518518518518
0 0.321875 0.45 0.03723958333333333 0.05
0 0.44427083333333334 0.6212962962962963 0.029947916666666668 0.049074074074074076
0 0.38776041666666666 0.4212962962962963 0.0296875 0.04861111111111111
0 0.13671875 0.5680555555555555 0.029427083333333333 0.02638888888888889
0 0.33541666666666664 0.5254629629629629 0.031510416666666666 0.04398148148148148
0 0.3653645833333333 0.8449074074074074 0.029427083333333333 0.04814814814814815
0 0.3807291666666667 0.9171296296296296 0.02734375 0.050462962962962966
0 0.34427083333333336 0.5962962962962963 0.029166666666666667 0.049074074074074076
0 0.24010416666666667 0.28194444444444444 0.03333333333333333 0.052314814814814814
0 0.3828125 0.6083333333333333 0.027864583333333335 0.03981481481481482
0 0.3984375 0.3453703703703704 0.03515625 0.052314814814814814
0 0.4080729166666667 0.8462962962962963 0.028385416666666666 0.05740740740740741
0 0.2635416666666667 0.6592592592592592 0.020052083333333335 0.02962962962962963
0 0.12682291666666667 0.586574074074074 0.01484375 0.0375
