0 0.5778645833333333 0.24259259259259258 0.018489583333333334 0.032407407407407406
0 0.26901041666666664 0.9138888888888889 0.02109375 0.029166666666666667
0 0.32890625 0.16435185185185186 0.026041666666666668 0.03981481481481482
0 0.25807291666666665 0.2310185185185185 0.035416666666666666 0.040740740740740744
0 0.4864583333333333 0.03518518518518519 0.04140625 0.062037037037037036
0 0.28802083333333334 0.23842592592592593 0.029947916666666668 0.0412037037037037
0 0.2765625 0.125 0.031510416666666666 0.03981481481481482
0 0.41822916666666665 0.24166666666666667 0.02890625 0.04953703703703704
0 0.40859375 0.09722222222222222 0.03177083333333333 0.04861111111111111
0 0.35859375 0.30324074074074076 0.029947916666666668 0.05
0 0.265625 0.047685185185185185 0.035416666666666666 0.05277777777777778
0 0.33958333333333335 0.09305555555555556 0.020572916666666666 0.04722222222222222
0 0.584375 0.21851851851851853 0.037760416666666664 0.12222222222222222
0 0.24375 0.1259259259259259 0.030208333333333334 0.04490740740740741
0 0.2981770833333333 0.42824074074074076 0.03333333333333333 0.07083333333333333
0 0.48333333333333334 0.13935185185185187 0.03619791666666667 0.13194444444444445
0 0.26875 0.913425925925926 0.047135416666666666 0.08703703703703704
0 0.5908854166666667 0.21388888888888888 0.0140625 0.03194444444444444
