0 0.35130208333333335 0.6388888888888888 0.07213541666666666 0.07175925925925926
0 0.2921875 0.49027777777777776 0.03802083333333333 0.05648148148148148
0 0.4322916666666667 0.5837962962962963 0.03515625 0.043055555555555555
0 0.45026041666666666 0.39814814814814814 0.030208333333333334 0.03657407407407407
0 0.37734375 0.5907407407407408 0.0203125 0.03333333333333333
0 0.38567708333333334 0.7388888888888889 0.026041666666666668 0.044444444444444446
0 0.42135416666666664 0.7523148148148148 0.026302083333333334 0.04861111111111111
0 0.43020833333333336 0.5199074074074074 0.030729166666666665 0.050462962962962966
0 0.46119791666666665 0.5254629629629629 0.028645833333333332 0.05555555555555555
0 0.38958333333333334 0.28564814814814815 0.03697916666666667 0.060648148148148145
0 0.26067708333333334 0.4912037037037037 0.029947916666666668 0.05740740740740741
0 0.37526041666666665 0.387037037037037 0.03125 0.06388888888888888
0 0.4739583333333333 0.31712962962962965 0.03567708333333333 0.05138888888888889
0 0.34869791666666666 0.5412037037037037 0.029166666666666667 0.04537037037037037
0 0.42265625 0.43657407407407406 0.032552083333333336 0.06157407407407407
0 0.2674479166666667 0.737037037037037 0.03229166666666667 0.07175925925925926
0 0.4200520833333333 0.8111111111111111 0.030989583333333334 0.03888888888888889
0 0.44375 0.38055555555555554 0.021354166666666667 0.03425925925925926
