0 0.5690104166666666 0.6620370370370371 0.06692708333333333 0.07407407407407407
0 0.5640625 0.6194444444444445 0.025 0.05925925925925926
0 0.6434895833333333 0.275 0.03854166666666667 0.05
0 0.5479166666666667 0.449537037037037 0.023958333333333335 0.03611111111111111
0 0.58203125 0.8574074074074074 0.03125 0.04212962962962963
0 0.6268229166666667 0.39305555555555555 0.028645833333333332 0.033796296296296297
0 0.6408854166666667 0.6291666666666667 0.023177083333333334 0.03935185185185185
0 0.5872395833333334 0.4212962962962963 0.020833333333333332 0.041666666666666664
0 0.5924479166666666 0.687037037037037 0.026041666666666668 0.03425925925925926
0 0.3731770833333333 0.8777777777777778 0.01796875 0.04861111111111111
0 0.4953125 0.5416666666666666 0.0265625 0.046296296296296294
0 0.5057291666666667 0.7046296296296296 0.023697916666666666 0.03564814814814815
0 0.5463541666666667 0.7981481481481482 0.023958333333333335 0.04212962962962963
0 0.6716145833333333 0.8027777777777778 0.020052083333333335 0.032407407407407406
0 0.6828125 0.6365740740740741 0.017708333333333333 0.03611111111111111
0 0.47734375 0.8189814814814815 0.028645833333333332 0.04953703703703704
0 0.32526041666666666 0.4842592592592593 0.02890625 0.04861111111111111
0 0.33229166666666665 0.4388888888888889 0.024739583333333332 0.05324074074074074
