0 0.58125 0.6666666666666666 0.0671875 0.05416666666666667
0 0.6338541666666667 0.43425925925925923 0.0328125 0.046296296296296294
0 0.64296875 0.6819444444444445 0.0265625 0.037037037037037035
0 0.58671875 0.43148148148148147 0.0328125 0.04537037037037037
0 0.4622395833333333 0.8439814814814814 0.028385416666666666 0.050462962962962966
0 0.6947916666666667 0.8310185185185185 0.034895833333333334 0.04351851851851852
0 0.5817708333333333 0.8611111111111112 0.0234375 0.037037037037037035
0 0.5169270833333334 0.5671296296296297 0.03411458333333333 0.041666666666666664
0 0.35651041666666666 0.4847222222222222 0.03515625 0.05277777777777778
0 0.5419270833333333 0.8407407407407408 0.017447916666666667 0.0587962962962963
0 0.553125 0.47175925925925927 0.0421875 0.05462962962962963
0 0.5158854166666667 0.725 0.024739583333333332 0.046296296296296294
0 0.33671875 0.5300925925925926 0.024479166666666666 0.06018518518518518
0 0.6447916666666667 0.3101851851851852 0.023697916666666666 0.04212962962962963
0 0.6859375 0.6606481481481481 0.02109375 0.03796296296296296
0 0.5713541666666667 0.6467592592592593 0.022395833333333334 0.031018518518518518
0 0.6028645833333334 0.6810185185185185 0.01640625 0.03194444444444444
0 0.38828125 0.8865740740740741 0.02109375 0.03333333333333333
