0 0.5190104166666667 0.7324074074074074 0.027864583333333335 0.03981481481481482
0 0.41744791666666664 0.3902777777777778 0.027864583333333335 0.03518518518518519
0 0.5510416666666667 0.275 0.03567708333333333 0.05092592592592592
0 0.3421875 0.27037037037037037 0.024479166666666666 0.04675925925925926
0 0.6057291666666667 0.7888888888888889 0.027864583333333335 0.03564814814814815
0 0.5666666666666667 0.5027777777777778 0.029947916666666668 0.04490740740740741
0 0.4934895833333333 0.3837962962962963 0.018489583333333334 0.03564814814814815
0 0.3453125 0.788425925925926 0.016927083333333332 0.03935185185185185
0 0.5354166666666667 0.5833333333333334 0.027083333333333334 0.05138888888888889
0 0.6057291666666667 0.5824074074074074 0.025520833333333333 0.043055555555555555
0 0.24765625 0.3902777777777778 0.03203125 0.0375
0 0.5690104166666666 0.1726851851851852 0.033854166666666664 0.04675925925925926
0 0.4908854166666667 0.33564814814814814 0.029947916666666668 0.052314814814814814
0 0.34453125 0.4722222222222222 0.07864583333333333 0.03981481481481482
0 0.6153645833333333 0.44351851851851853 0.026822916666666665 0.05648148148148148
0 0.49895833333333334 0.675 0.01484375 0.02962962962962963
0 0.3684895833333333 0.4722222222222222 0.026041666666666668 0.02546296296296296
