0 0.39348958333333334 0.4740740740740741 0.022916666666666665 0.02824074074074074
0 0.3494791666666667 0.3398148148148148 0.019270833333333334 0.033796296296296297
0 0.5044270833333333 0.6930555555555555 0.022916666666666665 0.03611111111111111
0 0.634375 0.5800925925925926 0.025520833333333333 0.050462962962962966
0 0.5856770833333333 0.5032407407407408 0.028645833333333332 0.04675925925925926
0 0.5791666666666667 0.28379629629629627 0.027864583333333335 0.050462962962962966
0 0.3546875 0.8018518518518518 0.022135416666666668 0.04490740740740741
0 0.6002604166666666 0.15601851851851853 0.04895833333333333 0.05694444444444444
0 0.5549479166666667 0.600462962962963 0.02890625 0.043055555555555555
0 0.2635416666666667 0.3888888888888889 0.025 0.046296296296296294
0 0.4471354166666667 0.45046296296296295 0.0171875 0.03518518518518519
0 0.26223958333333336 0.3611111111111111 0.016666666666666666 0.030555555555555555
0 0.5158854166666667 0.39166666666666666 0.027083333333333334 0.04814814814814815
0 0.634375 0.4601851851851852 0.03046875 0.04814814814814815
0 0.59609375 0.6212962962962963 0.020052083333333335 0.027777777777777776
0 0.49557291666666664 0.6657407407407407 0.016927083333333332 0.029166666666666667
0 0.5989583333333334 0.7662037037037037 0.020052083333333335 0.026851851851851852
0 0.3692708333333333 0.46111111111111114 0.07239583333333334 0.06620370370370371
0 0.5263020833333333 0.37777777777777777 0.02265625 0.043055555555555555
