0 0.33958333333333335 0.48333333333333334 0.04401041666666667 0.11944444444444445
0 0.39114583333333336 0.8648148148148148 0.026041666666666668 0.03657407407407407
0 0.5260416666666666 0.38657407407407407 0.023177083333333334 0.05416666666666667
0 0.2171875 0.7333333333333333 0.0203125 0.03657407407407407
0 0.1984375 0.7092592592592593 0.024479166666666666 0.03333333333333333
0 0.30755208333333334 0.37592592592592594 0.01484375 0.034722222222222224
0 0.33255208333333336 0.649537037037037 0.0265625 0.040740740740740744
0 0.3020833333333333 0.45231481481481484 0.025520833333333333 0.043055555555555555
0 0.24296875 0.2324074074074074 0.022135416666666668 0.04490740740740741
0 0.46197916666666666 0.34074074074074073 0.029166666666666667 0.04027777777777778
0 0.33984375 0.7694444444444445 0.028385416666666666 0.03425925925925926
0 0.2703125 0.30092592592592593 0.020052083333333335 0.05092592592592592
0 0.44947916666666665 0.42777777777777776 0.021875 0.04861111111111111
0 0.4315104166666667 0.6060185185185185 0.023697916666666666 0.033796296296296297
0 0.27395833333333336 0.5212962962962963 0.029947916666666668 0.043055555555555555
0 0.46510416666666665 0.5222222222222223 0.02734375 0.05
0 0.25390625 0.41759259259259257 0.01796875 0.033796296296296297
0 0.33880208333333334 0.4708333333333333 0.016927083333333332 0.03981481481481482
