0 0.3807291666666667 0.44675925925925924 0.042708333333333334 0.11805555555555555
0 0.5479166666666667 0.31527777777777777 0.02734375 0.04953703703703704
0 0.5046875 0.39351851851851855 0.02109375 0.04351851851851852
0 0.3026041666666667 0.40324074074074073 0.020572916666666666 0.033796296296296297
0 0.28020833333333334 0.6967592592592593 0.0296875 0.049074074074074076
0 0.31197916666666664 0.29583333333333334 0.01640625 0.03564814814814815
0 0.30182291666666666 0.22777777777777777 0.023177083333333334 0.04027777777777778
0 0.45026041666666666 0.850925925925926 0.025260416666666667 0.03425925925925926
0 0.48671875 0.5518518518518518 0.021875 0.03148148148148148
0 0.5359375 0.46064814814814814 0.019791666666666666 0.0375
0 0.37578125 0.637962962962963 0.028125 0.038425925925925926
0 0.5072916666666667 0.3402777777777778 0.03046875 0.05324074074074074
0 0.3307291666666667 0.5023148148148148 0.019270833333333334 0.04490740740740741
0 0.37526041666666665 0.7597222222222222 0.021354166666666667 0.034722222222222224
0 0.365625 0.3472222222222222 0.019010416666666665 0.04212962962962963
0 0.3684895833333333 0.40555555555555556 0.0203125 0.0375
0 0.3736979166666667 0.47638888888888886 0.023697916666666666 0.05324074074074074
