0 0.4158854166666667 0.3773148148148148 0.022916666666666665 0.02962962962962963
0 0.4908854166666667 0.549074074074074 0.014583333333333334 0.03564814814814815
0 0.5861979166666667 0.16898148148148148 0.027864583333333335 0.050462962962962966
0 0.50234375 0.5907407407407408 0.01953125 0.03888888888888889
0 0.35494791666666664 0.6958333333333333 0.014583333333333334 0.041666666666666664
0 0.3653645833333333 0.2625 0.02578125 0.0412037037037037
0 0.46015625 0.36574074074074076 0.029947916666666668 0.03935185185185185
0 0.6395833333333333 0.3787037037037037 0.027604166666666666 0.08333333333333333
0 0.64296875 0.4759259259259259 0.028645833333333332 0.041666666666666664
0 0.6135416666666667 0.05462962962962963 0.0359375 0.0587962962962963
0 0.5609375 0.5032407407407408 0.03125 0.037037037037037035
0 0.6010416666666667 0.38842592592592595 0.027864583333333335 0.0412037037037037
0 0.5341145833333333 0.2810185185185185 0.01953125 0.03518518518518519
0 0.2674479166666667 0.2828703703703704 0.028385416666666666 0.04351851851851852
0 0.60078125 0.6435185185185185 0.019270833333333334 0.03148148148148148
0 0.3953125 0.35509259259259257 0.07291666666666667 0.07268518518518519
0 0.5234375 0.28564814814814815 0.020052083333333335 0.038425925925925926
0 0.26328125 0.25787037037037036 0.016666666666666666 0.032407407407407406
