0 0.4609375 0.35555555555555557 0.023697916666666666 0.03564814814814815
0 0.49583333333333335 0.4925925925925926 0.014583333333333334 0.03564814814814815
0 0.5669270833333333 0.4476851851851852 0.02890625 0.04537037037037037
0 0.6 0.5851851851851851 0.021614583333333333 0.027314814814814816
0 0.6276041666666666 0.022222222222222223 0.0328125 0.047685185185185185
0 0.5388020833333333 0.2513888888888889 0.016927083333333332 0.03564814814814815
0 0.4895833333333333 0.33611111111111114 0.030729166666666665 0.04212962962962963
0 0.6567708333333333 0.3731481481481482 0.029166666666666667 0.04583333333333333
0 0.6390625 0.43148148148148147 0.020833333333333332 0.033796296296296297
0 0.2760416666666667 0.22453703703703703 0.021614583333333333 0.03981481481481482
0 0.60546875 0.11064814814814815 0.025260416666666667 0.04398148148148148
0 0.39557291666666666 0.2574074074074074 0.023958333333333335 0.03981481481481482
0 0.5510416666666667 0.22870370370370371 0.016666666666666666 0.03657407407407407
0 0.6213541666666667 0.362962962962963 0.025260416666666667 0.04027777777777778
0 0.365625 0.6523148148148148 0.015885416666666666 0.03935185185185185
0 0.4361979166666667 0.3194444444444444 0.062239583333333334 0.08611111111111111
0 0.5098958333333333 0.55 0.017708333333333333 0.03657407407407407
