0 0.5986979166666667 0.6111111111111112 0.06302083333333333 0.09351851851851851
0 0.7622395833333333 0.6259259259259259 0.027864583333333335 0.05555555555555555
0 0.5619791666666667 0.7143518518518519 0.024479166666666666 0.04814814814814815
0 0.6145833333333334 0.7851851851851852 0.022135416666666668 0.049074074074074076
0 0.53671875 0.5800925925925926 0.023958333333333335 0.03333333333333333
0 0.5611979166666666 0.26666666666666666 0.03984375 0.04583333333333333
0 0.5697916666666667 0.37453703703703706 0.0390625 0.044444444444444446
0 0.5270833333333333 0.46574074074074073 0.037760416666666664 0.053703703703703705
0 0.5216145833333333 0.9666666666666667 0.028385416666666666 0.049074074074074076
0 0.38359375 0.6787037037037037 0.024479166666666666 0.04212962962962963
0 0.6739583333333333 0.5842592592592593 0.027604166666666666 0.04537037037037037
0 0.5515625 0.4222222222222222 0.029947916666666668 0.043055555555555555
0 0.58359375 0.5509259259259259 0.0265625 0.04212962962962963
0 0.65 0.7601851851851852 0.023958333333333335 0.046296296296296294
0 0.7028645833333333 0.5120370370370371 0.03203125 0.056018518518518516
0 0.3770833333333333 0.737037037037037 0.02734375 0.04583333333333333
0 0.5484375 0.874537037037037 0.0265625 0.06527777777777778
0 0.6213541666666667 0.5842592592592593 0.01796875 0.03564814814814815
