0 0.3729166666666667 0.4726851851851852 0.03229166666666667 0.027314814814814816
0 0.56875 0.5074074074074074 0.0296875 0.04259259259259259
0 0.6044270833333333 0.7898148148148149 0.02421875 0.027777777777777776
0 0.5765625 0.16944444444444445 0.0390625 0.05324074074074074
0 0.5549479166666667 0.2791666666666667 0.03515625 0.06157407407407407
0 0.496875 0.38981481481481484 0.02265625 0.03148148148148148
0 0.41796875 0.4078703703703704 0.027083333333333334 0.038425925925925926
0 0.34739583333333335 0.7967592592592593 0.013802083333333333 0.040740740740740744
0 0.49765625 0.6787037037037037 0.016927083333333332 0.031018518518518518
0 0.5169270833333334 0.7231481481481481 0.024479166666666666 0.040740740740740744
0 0.5466145833333333 0.5990740740740741 0.0265625 0.04675925925925926
0 0.61953125 0.4587962962962963 0.02890625 0.04675925925925926
0 0.496875 0.34675925925925927 0.03046875 0.04722222222222222
0 0.25286458333333334 0.3921296296296296 0.04791666666666667 0.038425925925925926
0 0.3419270833333333 0.29074074074074074 0.023697916666666666 0.04814814814814815
0 0.3455729166666667 0.4726851851851852 0.08203125 0.03935185185185185
0 0.6125 0.5680555555555555 0.028645833333333332 0.04675925925925926
