0 0.50390625 0.6726851851851852 0.06979166666666667 0.09444444444444444
0 0.6234375 0.6842592592592592 0.0296875 0.04537037037037037
0 0.2953125 0.48194444444444445 0.021614583333333333 0.06342592592592593
0 0.5265625 0.6995370370370371 0.027083333333333334 0.038425925925925926
0 0.5653645833333333 0.4981481481481482 0.03203125 0.03425925925925926
0 0.54921875 0.7606481481481482 0.03307291666666667 0.037037037037037035
0 0.49375 0.7699074074074074 0.031510416666666666 0.03935185185185185
0 0.49583333333333335 0.8486111111111111 0.031510416666666666 0.04259259259259259
0 0.5421875 0.549074074074074 0.0296875 0.05
0 0.36354166666666665 0.9314814814814815 0.04244791666666667 0.05462962962962963
0 0.63515625 0.3523148148148148 0.03671875 0.04027777777777778
0 0.6184895833333334 0.41435185185185186 0.026041666666666668 0.04675925925925926
0 0.5817708333333333 0.850462962962963 0.040364583333333336 0.04814814814814815
0 0.45364583333333336 0.5560185185185185 0.029947916666666668 0.04398148148148148
0 0.6497395833333334 0.7138888888888889 0.015364583333333333 0.03425925925925926
