0 0.21041666666666667 0.7162037037037037 0.025 0.0375
0 0.5463541666666667 0.39861111111111114 0.020572916666666666 0.052314814814814814
0 0.40338541666666666 0.875462962962963 0.027083333333333334 0.040740740740740744
0 0.28619791666666666 0.30277777777777776 0.020052083333333335 0.03425925925925926
0 0.3541666666666667 0.6523148148148148 0.028385416666666666 0.06527777777777778
0 0.4739583333333333 0.5375 0.026041666666666668 0.04722222222222222
0 0.4588541666666667 0.43148148148148147 0.016666666666666666 0.03796296296296296
0 0.27395833333333336 0.42083333333333334 0.022916666666666665 0.04212962962962963
0 0.4390625 0.6143518518518518 0.02734375 0.05416666666666667
0 0.31692708333333336 0.4625 0.02578125 0.04490740740740741
0 0.3171875 0.37592592592592594 0.01640625 0.03796296296296296
0 0.35989583333333336 0.7828703703703703 0.027864583333333335 0.0375
0 0.29765625 0.5337962962962963 0.030208333333333334 0.04351851851851852
0 0.26015625 0.2300925925925926 0.030729166666666665 0.05416666666666667
0 0.47239583333333335 0.34074074074074073 0.03515625 0.03888888888888889
0 0.3536458333333333 0.4930555555555556 0.04453125 0.12916666666666668
0 0.22578125 0.7449074074074075 0.0296875 0.03935185185185185
0 0.3572916666666667 0.4652777777777778 0.024739583333333332 0.027314814814814816
