0 0.43645833333333334 0.6319444444444444 0.04375 0.11990740740740741
0 0.12213541666666666 0.975 0.06380208333333333 0.04351851851851852
0 0.4473958333333333 0.7736111111111111 0.02734375 0.05277777777777778
0 0.4140625 0.39444444444444443 0.019010416666666665 0.03564814814814815
0 0.3489583333333333 0.5597222222222222 0.016666666666666666 0.02546296296296296
0 0.25104166666666666 0.7037037037037037 0.026302083333333334 0.044444444444444446
0 0.43645833333333334 0.4439814814814815 0.0171875 0.03194444444444444
0 0.3104166666666667 0.40555555555555556 0.026302083333333334 0.0375
0 0.2875 0.562962962962963 0.023958333333333335 0.041666666666666664
0 0.6153645833333333 0.5351851851851852 0.017447916666666667 0.05555555555555555
0 0.27578125 0.6787037037037037 0.019791666666666666 0.05138888888888889
0 0.5080729166666667 0.6231481481481481 0.023958333333333335 0.04675925925925926
0 0.33671875 0.7111111111111111 0.022135416666666668 0.05324074074074074
0 0.3182291666666667 0.3726851851851852 0.021614583333333333 0.030555555555555555
0 0.33645833333333336 0.524074074074074 0.01640625 0.03009259259259259
0 0.42734375 0.538425925925926 0.018489583333333334 0.027777777777777776
0 0.29322916666666665 0.38055555555555554 0.025260416666666667 0.032407407407407406
0 0.446875 0.6620370370370371 0.023177083333333334 0.052314814814814814
0 0.10833333333333334 0.9837962962962963 0.031510416666666666 0.02962962962962963
