0 0.32369791666666664 0.9699074074074074 0.05234375 0.05787037037037037
0 0.40625 0.43842592592592594 0.018489583333333334 0.02546296296296296
0 0.3578125 0.48148148148148145 0.01796875 0.03287037037037037
0 0.27447916666666666 0.4476851851851852 0.022395833333333334 0.029166666666666667
0 0.4278645833333333 0.34675925925925927 0.01875 0.022685185185185187
0 0.6075520833333333 0.3351851851851852 0.02109375 0.046296296296296294
0 0.3015625 0.7226851851851852 0.027083333333333334 0.044444444444444446
0 0.2911458333333333 0.3851851851851852 0.02109375 0.030555555555555555
0 0.47265625 0.6648148148148149 0.02734375 0.04212962962962963
0 0.5072916666666667 0.46574074074074073 0.01484375 0.030555555555555555
0 0.36614583333333334 0.649074074074074 0.021614583333333333 0.05277777777777778
0 0.296875 0.40694444444444444 0.019270833333333334 0.03148148148148148
0 0.29244791666666664 0.6773148148148148 0.01875 0.029166666666666667
0 0.34140625 0.4537037037037037 0.015364583333333333 0.031018518518518518
0 0.2984375 0.537962962962963 0.018489583333333334 0.0375
0 0.38958333333333334 0.3476851851851852 0.016145833333333335 0.02546296296296296
0 0.4752604166666667 0.5509259259259259 0.05911458333333333 0.10925925925925926
0 0.46145833333333336 0.5263888888888889 0.01875 0.04259259259259259
