0 0.4078125 0.2865740740740741 0.06796875 0.08657407407407407
0 0.5927083333333333 0.09398148148148149 0.026041666666666668 0.047685185185185185
0 0.59921875 0.5625 0.019270833333333334 0.034722222222222224
0 0.609375 0.3194444444444444 0.027864583333333335 0.04259259259259259
0 0.6434895833333333 0.4050925925925926 0.026822916666666665 0.04490740740740741
0 0.37395833333333334 0.20324074074074075 0.026302083333333334 0.043055555555555555
0 0.50390625 0.525 0.024739583333333332 0.03888888888888889
0 0.6421875 0.32083333333333336 0.02734375 0.06018518518518518
0 0.3609375 0.6236111111111111 0.018489583333333334 0.05324074074074074
0 0.56171875 0.4236111111111111 0.030208333333333334 0.03935185185185185
0 0.26588541666666665 0.18518518518518517 0.01875 0.034722222222222224
0 0.5265625 0.21342592592592594 0.0234375 0.04583333333333333
0 0.49296875 0.4685185185185185 0.018489583333333334 0.03333333333333333
0 0.27057291666666666 0.20092592592592592 0.022916666666666665 0.04722222222222222
0 0.4713541666666667 0.3 0.0328125 0.038425925925925926
0 0.434375 0.30833333333333335 0.0328125 0.0412037037037037
0 0.5440104166666667 0.19953703703703704 0.01484375 0.04351851851851852
