0 0.44479166666666664 0.31527777777777777 0.027604166666666666 0.03611111111111111
0 0.49505208333333334 0.46435185185185185 0.015104166666666667 0.03194444444444444
0 0.59765625 0.08518518518518518 0.022916666666666665 0.04953703703703704
0 0.5994791666666667 0.5560185185185185 0.02109375 0.028703703703703703
0 0.6520833333333333 0.33287037037037037 0.03229166666666667 0.055092592592592596
0 0.546875 0.20092592592592592 0.016927083333333332 0.03518518518518519
0 0.5661458333333333 0.4185185185185185 0.019791666666666666 0.03148148148148148
0 0.534375 0.21388888888888888 0.016145833333333335 0.03564814814814815
0 0.3846354166666667 0.22314814814814815 0.027083333333333334 0.04398148148148148
0 0.6421875 0.4023148148148148 0.025520833333333333 0.03796296296296296
0 0.48072916666666665 0.30416666666666664 0.028645833333333332 0.038425925925925926
0 0.3625 0.6212962962962963 0.019270833333333334 0.05092592592592592
0 0.61640625 0.32037037037037036 0.023958333333333335 0.043055555555555555
0 0.27291666666666664 0.19537037037037036 0.02265625 0.041666666666666664
0 0.5075520833333333 0.5199074074074074 0.01875 0.037037037037037035
0 0.421875 0.2828703703703704 0.07161458333333333 0.08981481481481482
