0 0.4036458333333333 0.8625 0.022395833333333334 0.049074074074074076
0 0.4236979166666667 0.4388888888888889 0.036458333333333336 0.04351851851851852
0 0.43046875 0.9486111111111111 0.025520833333333333 0.053703703703703705
0 0.3729166666666667 0.5458333333333333 0.032552083333333336 0.04351851851851852
0 0.29635416666666664 0.5203703703703704 0.03229166666666667 0.03518518518518519
0 0.359375 0.4666666666666667 0.03802083333333333 0.04675925925925926
0 0.25416666666666665 0.3143518518518518 0.025260416666666667 0.049074074074074076
0 0.4236979166666667 0.6351851851851852 0.026041666666666668 0.0412037037037037
0 0.15078125 0.5930555555555556 0.028125 0.038425925925925926
0 0.2518229166666667 0.9768518518518519 0.028125 0.03935185185185185
0 0.40078125 0.6671296296296296 0.02734375 0.04351851851851852
0 0.4315104166666667 0.36435185185185187 0.03697916666666667 0.04537037037037037
0 0.4674479166666667 0.8925925925925926 0.024479166666666666 0.04814814814814815
0 0.46432291666666664 0.6995370370370371 0.03125 0.056018518518518516
0 0.490625 0.625462962962963 0.03046875 0.05694444444444444
0 0.2557291666666667 0.6791666666666667 0.07291666666666667 0.04398148148148148
0 0.28098958333333335 0.6611111111111111 0.017447916666666667 0.04583333333333333
