0 0.33984375 0.9495370370370371 0.04375 0.1
0 0.60703125 0.3143518518518518 0.03411458333333333 0.1337962962962963
0 0.6075520833333333 0.29768518518518516 0.020833333333333332 0.05462962962962963
0 0.25234375 0.3148148148148148 0.03515625 0.037037037037037035
0 0.2760416666666667 0.6537037037037037 0.031510416666666666 0.062037037037037036
0 0.3255208333333333 0.25601851851851853 0.0171875 0.06342592592592593
0 0.19270833333333334 0.30324074074074076 0.04244791666666667 0.04490740740740741
0 0.4075520833333333 0.13333333333333333 0.033854166666666664 0.07453703703703704
0 0.23463541666666668 0.4263888888888889 0.03307291666666667 0.056018518518518516
0 0.40338541666666666 0.2712962962962963 0.028645833333333332 0.03796296296296296
0 0.47994791666666664 0.21203703703703702 0.04140625 0.0699074074074074
0 0.4046875 0.40925925925925927 0.0265625 0.06759259259259259
0 0.23671875 0.23796296296296296 0.0390625 0.04675925925925926
0 0.3932291666666667 0.2689814814814815 0.019010416666666665 0.03333333333333333
0 0.2721354166666667 0.4310185185185185 0.030989583333333334 0.043055555555555555
0 0.45 0.1439814814814815 0.02109375 0.06296296296296296
0 0.48359375 0.3111111111111111 0.058333333333333334 0.1125
0 0.640625 0.15324074074074073 0.0359375 0.07592592592592592
0 0.3859375 0.4078703703703704 0.025 0.047685185185185185
0 0.29635416666666664 0.3592592592592593 0.037760416666666664 0.05925925925925926
0 0.3411458333333333 0.4912037037037037 0.025520833333333333 0.05416666666666667
0 0.33932291666666664 0.9541666666666667 0.024739583333333332 0.053703703703703705
0 0.5984375 0.3439814814814815 0.019791666666666666 0.030555555555555555
