0 0.50234375 0.33287037037037037 0.026302083333333334 0.02962962962962963
0 0.2916666666666667 0.16944444444444445 0.023697916666666666 0.03611111111111111
0 0.3171875 0.11157407407407408 0.02421875 0.0412037037037037
0 0.28125 0.03194444444444444 0.03411458333333333 0.06574074074074074
0 0.40677083333333336 0.009722222222222222 0.0234375 0.017592592592592594
0 0.3736979166666667 0.06388888888888888 0.01953125 0.030555555555555555
0 0.35104166666666664 0.016666666666666666 0.020052083333333335 0.02824074074074074
0 0.33359375 0.2962962962962963 0.020572916666666666 0.025925925925925925
0 0.3692708333333333 0.19907407407407407 0.022135416666666668 0.03981481481481482
0 0.4518229166666667 0.19907407407407407 0.030989583333333334 0.040740740740740744
0 0.47942708333333334 0.08101851851851852 0.06458333333333334 0.10555555555555556
0 0.496875 0.33935185185185185 0.06510416666666667 0.08009259259259259
0 0.46119791666666665 0.06342592592592593 0.02109375 0.05648148148148148
0 0.4856770833333333 0.36018518518518516 0.020052083333333335 0.03148148148148148
