0 0.40729166666666666 0.47638888888888886 0.023697916666666666 0.03148148148148148
0 0.5020833333333333 0.6935185185185185 0.021354166666666667 0.03518518518518519
0 0.6005208333333333 0.7574074074074074 0.01953125 0.03148148148148148
0 0.5828125 0.2726851851851852 0.027083333333333334 0.05694444444444444
0 0.6104166666666667 0.15555555555555556 0.03697916666666667 0.05787037037037037
0 0.26666666666666666 0.3902777777777778 0.032552083333333336 0.03657407407407407
0 0.6403645833333333 0.5824074074074074 0.025520833333333333 0.041666666666666664
0 0.45755208333333336 0.4638888888888889 0.03463541666666667 0.04259259259259259
0 0.59375 0.49675925925925923 0.0265625 0.04351851851851852
0 0.3580729166666667 0.3560185185185185 0.024479166666666666 0.04583333333333333
0 0.49114583333333334 0.6583333333333333 0.017708333333333333 0.02962962962962963
0 0.3546875 0.8018518518518518 0.01875 0.03611111111111111
0 0.5567708333333333 0.6064814814814815 0.028125 0.040740740740740744
0 0.2635416666666667 0.3574074074074074 0.023697916666666666 0.02962962962962963
0 0.5278645833333333 0.37777777777777777 0.029947916666666668 0.04722222222222222
0 0.3809895833333333 0.45925925925925926 0.08098958333333334 0.06944444444444445
0 0.63671875 0.46296296296296297 0.03359375 0.056018518518518516
0 0.5197916666666667 0.3925925925925926 0.0234375 0.0412037037037037
