0 0.37473958333333335 0.462037037037037 0.039322916666666666 0.1287037037037037
0 0.2981770833333333 0.4046296296296296 0.016927083333333332 0.03657407407407407
0 0.3184895833333333 0.5087962962962963 0.018229166666666668 0.03657407407407407
0 0.29635416666666664 0.22592592592592592 0.029166666666666667 0.0412037037037037
0 0.47994791666666664 0.5615740740740741 0.021614583333333333 0.034722222222222224
0 0.26666666666666666 0.7046296296296296 0.029947916666666668 0.04722222222222222
0 0.52109375 0.47314814814814815 0.024479166666666666 0.04583333333333333
0 0.5046875 0.34074074074074073 0.028385416666666666 0.05277777777777778
0 0.31223958333333335 0.30416666666666664 0.026302083333333334 0.05925925925925926
0 0.4395833333333333 0.8495370370370371 0.024479166666666666 0.03796296296296296
0 0.5010416666666667 0.4078703703703704 0.021354166666666667 0.043055555555555555
0 0.36614583333333334 0.7689814814814815 0.0234375 0.03981481481481482
0 0.36015625 0.35555555555555557 0.0234375 0.047685185185185185
0 0.3653645833333333 0.6439814814814815 0.023958333333333335 0.03981481481481482
0 0.5505208333333333 0.33287037037037037 0.02578125 0.05277777777777778
0 0.3614583333333333 0.41435185185185186 0.028385416666666666 0.05
