0 0.3515625 0.6486111111111111 0.07838541666666667 0.05462962962962963
0 0.284375 0.8138888888888889 0.028645833333333332 0.04861111111111111
0 0.4635416666666667 0.39166666666666666 0.02421875 0.050462962962962966
0 0.43046875 0.3921296296296296 0.027083333333333334 0.05277777777777778
0 0.42109375 0.4675925925925926 0.0296875 0.05740740740740741
0 0.4049479166666667 0.7726851851851851 0.028125 0.047685185185185185
0 0.43515625 0.8282407407407407 0.03359375 0.0625
0 0.37213541666666666 0.41805555555555557 0.03125 0.04490740740740741
0 0.4609375 0.6064814814814815 0.02734375 0.040740740740740744
0 0.27395833333333336 0.5203703703703704 0.030208333333333334 0.04675925925925926
0 0.43776041666666665 0.5407407407407407 0.023958333333333335 0.05
0 0.4765625 0.31805555555555554 0.03567708333333333 0.05
0 0.4822916666666667 0.5532407407407407 0.03307291666666667 0.060648148148148145
0 0.371875 0.2833333333333333 0.03984375 0.05185185185185185
0 0.3770833333333333 0.5467592592592593 0.036458333333333336 0.04722222222222222
0 0.25442708333333336 0.5199074074074074 0.033854166666666664 0.05416666666666667
0 0.39765625 0.6064814814814815 0.028125 0.04675925925925926
0 0.44869791666666664 0.7689814814814815 0.03359375 0.047685185185185185
