0 0.540625 0.6337962962962963 0.06666666666666667 0.075
0 0.4739583333333333 0.5208333333333334 0.023697916666666666 0.04259259259259259
0 0.50078125 0.6861111111111111 0.021614583333333333 0.038425925925925926
0 0.5861979166666667 0.8018518518518518 0.018229166666666668 0.03888888888888889
0 0.5364583333333334 0.7356481481481482 0.019791666666666666 0.03194444444444444
0 0.61640625 0.3773148148148148 0.013541666666666667 0.043055555555555555
0 0.56171875 0.6527777777777778 0.023697916666666666 0.04537037037037037
0 0.3104166666666667 0.44675925925925924 0.03958333333333333 0.053703703703703705
0 0.62890625 0.6199074074074075 0.02734375 0.06018518518518518
0 0.6640625 0.638425925925926 0.029427083333333333 0.052314814814814814
0 0.4903645833333333 0.7847222222222222 0.020052083333333335 0.04537037037037037
0 0.5817708333333333 0.4078703703703704 0.0296875 0.043055555555555555
0 0.6393229166666666 0.26666666666666666 0.026822916666666665 0.038425925925925926
0 0.5375 0.45740740740740743 0.0171875 0.030555555555555555
0 0.53671875 0.5615740740740741 0.023697916666666666 0.05324074074074074
0 0.3109375 0.4046296296296296 0.025260416666666667 0.044444444444444446
0 0.3640625 0.8587962962962963 0.0140625 0.07453703703703704
0 0.6419270833333334 0.7425925925925926 0.021875 0.033796296296296297
