0 0.60390625 0.29583333333333334 0.014583333333333334 0.03518518518518519
0 0.31197916666666664 0.9796296296296296 0.017447916666666667 0.03425925925925926
0 0.39817708333333335 0.38564814814814813 0.034375 0.04814814814814815
0 0.6403645833333333 0.11666666666666667 0.035416666666666666 0.07175925925925926
0 0.3450520833333333 0.45 0.0296875 0.04722222222222222
0 0.26015625 0.2763888888888889 0.03411458333333333 0.0412037037037037
0 0.3299479166666667 0.22592592592592592 0.022135416666666668 0.043055555555555555
0 0.20703125 0.26064814814814813 0.044270833333333336 0.03888888888888889
0 0.25364583333333335 0.19722222222222222 0.0203125 0.029166666666666667
0 0.24322916666666666 0.38657407407407407 0.03046875 0.043055555555555555
0 0.24296875 0.19722222222222222 0.021875 0.03148148148148148
0 0.27317708333333335 0.39305555555555555 0.03125 0.04814814814814815
0 0.4114583333333333 0.09907407407407408 0.030989583333333334 0.07083333333333333
0 0.48385416666666664 0.17546296296296296 0.03515625 0.06898148148148148
0 0.30572916666666666 0.32083333333333336 0.021354166666666667 0.030555555555555555
0 0.45286458333333335 0.11342592592592593 0.02265625 0.06898148148148148
0 0.3138020833333333 0.9587962962962963 0.043229166666666666 0.08703703703703704
0 0.39166666666666666 0.23148148148148148 0.03359375 0.03935185185185185
0 0.2830729166666667 0.6060185185185185 0.03984375 0.062037037037037036
0 0.60234375 0.30648148148148147 0.03984375 0.13564814814814816
0 0.4830729166666667 0.28194444444444444 0.041666666666666664 0.09953703703703703
0 0.40911458333333334 0.24768518518518517 0.02109375 0.03935185185185185
0 0.5950520833333334 0.33611111111111114 0.019791666666666666 0.030555555555555555
0 0.41041666666666665 0.37824074074074077 0.03229166666666667 0.059722222222222225
