0 0.028125 0.16666666666666666 0.030208333333333334 0.05185185185185185
0 0.024479166666666666 0.17037037037037037 0.04505208333333333 0.1050925925925926
0 0.28958333333333336 0.3138888888888889 0.024739583333333332 0.0412037037037037
0 0.30572916666666666 0.41898148148148145 0.026302083333333334 0.047685185185185185
0 0.35598958333333336 0.624537037037037 0.026302083333333334 0.05092592592592592
0 0.3494791666666667 0.2564814814814815 0.02421875 0.04027777777777778
0 0.49166666666666664 0.3912037037037037 0.014583333333333334 0.027777777777777776
0 0.5020833333333333 0.31712962962962965 0.0171875 0.031018518518518518
0 0.55390625 0.6953703703703704 0.026822916666666665 0.043055555555555555
0 0.3888020833333333 0.29212962962962963 0.020052083333333335 0.03194444444444444
0 0.25494791666666666 0.27546296296296297 0.0265625 0.04814814814814815
0 0.43776041666666665 0.4550925925925926 0.01640625 0.03333333333333333
0 0.45390625 0.6138888888888889 0.02109375 0.047685185185185185
0 0.45026041666666666 0.19305555555555556 0.021875 0.03333333333333333
0 0.4348958333333333 0.1449074074074074 0.0234375 0.034722222222222224
0 0.375 0.34305555555555556 0.016927083333333332 0.03194444444444444
0 0.4046875 0.4861111111111111 0.03177083333333333 0.13240740740740742
0 0.00859375 0.13518518518518519 0.017447916666666667 0.014351851851851852
0 0.4036458333333333 0.5162037037037037 0.019010416666666665 0.05416666666666667
0 0.43776041666666665 0.17037037037037037 0.017708333333333333 0.037037037037037035
