0 0.37421875 0.7087962962962963 0.021354166666666667 0.024537037037037038
0 0.35885416666666664 0.7 0.019010416666666665 0.02824074074074074
0 0.265625 0.055092592592592596 0.04479166666666667 0.10462962962962963
0 0.41848958333333336 0.04027777777777778 0.028385416666666666 0.050462962962962966
0 0.4278645833333333 0.4185185185185185 0.03828125 0.05
0 0.5604166666666667 0.39351851851851855 0.03125 0.044444444444444446
0 0.2171875 0.19583333333333333 0.022916666666666665 0.040740740740740744
0 0.43645833333333334 0.15185185185185185 0.0296875 0.04537037037037037
0 0.359375 0.40555555555555556 0.021875 0.03148148148148148
0 0.39088541666666665 0.6666666666666666 0.021875 0.028703703703703703
0 0.5028645833333333 0.34444444444444444 0.030989583333333334 0.04814814814814815
0 0.4546875 0.19814814814814816 0.03177083333333333 0.07824074074074074
0 0.31953125 0.4009259259259259 0.01875 0.03333333333333333
0 0.3346354166666667 0.18564814814814815 0.02421875 0.05648148148148148
0 0.5690104166666666 0.3578703703703704 0.0296875 0.05277777777777778
0 0.521875 0.5087962962962963 0.028385416666666666 0.044444444444444446
0 0.23359375 0.22037037037037038 0.03333333333333333 0.1337962962962963
0 0.3723958333333333 0.7111111111111111 0.08333333333333333 0.053703703703703705
0 0.30182291666666666 0.1638888888888889 0.0203125 0.03888888888888889
0 0.3223958333333333 0.14722222222222223 0.023177083333333334 0.04259259259259259
0 0.47213541666666664 0.22361111111111112 0.022395833333333334 0.03518518518518519
