0 0.40338541666666666 0.4837962962962963 0.03463541666666667 0.12962962962962962
0 0.4205729166666667 0.7138888888888889 0.021875 0.031018518518518518
0 0.43307291666666664 0.5504629629629629 0.02265625 0.043055555555555555
0 0.5541666666666667 0.4356481481481482 0.017447916666666667 0.04027777777777778
0 0.3338541666666667 0.38796296296296295 0.017447916666666667 0.03796296296296296
0 0.3984375 0.38935185185185184 0.01796875 0.03425925925925926
0 0.48802083333333335 0.8277777777777777 0.022916666666666665 0.03935185185185185
0 0.5213541666666667 0.5166666666666667 0.01484375 0.02962962962962963
0 0.34661458333333334 0.2740740740740741 0.0171875 0.037037037037037035
0 0.32578125 0.2222222222222222 0.024479166666666666 0.044444444444444446
0 0.41458333333333336 0.3 0.021875 0.044444444444444446
0 0.5348958333333333 0.28564814814814815 0.022916666666666665 0.06435185185185185
0 0.53359375 0.32546296296296295 0.016666666666666666 0.03981481481481482
0 0.42994791666666665 0.3402777777777778 0.023177083333333334 0.044444444444444446
0 0.32786458333333335 0.6351851851851852 0.024479166666666666 0.05740740740740741
0 0.39791666666666664 0.524537037037037 0.022395833333333334 0.06018518518518518
0 0.5354166666666667 0.24305555555555555 0.0171875 0.044444444444444446
