0 0.48098958333333336 0.4166666666666667 0.0265625 0.030555555555555555
0 0.49635416666666665 0.538425925925926 0.014322916666666666 0.03518518518518519
0 0.5669270833333333 0.5027777777777778 0.029427083333333333 0.04675925925925926
0 0.5127604166666667 0.5981481481481481 0.015885416666666666 0.03888888888888889
0 0.28125 0.27361111111111114 0.028645833333333332 0.03888888888888889
0 0.415625 0.3037037037037037 0.03307291666666667 0.03518518518518519
0 0.6578125 0.4305555555555556 0.025260416666666667 0.047685185185185185
0 0.37109375 0.6986111111111111 0.01953125 0.04675925925925926
0 0.6359375 0.49027777777777776 0.020572916666666666 0.034722222222222224
0 0.6067708333333334 0.1638888888888889 0.024739583333333332 0.044444444444444446
0 0.6299479166666667 0.07546296296296297 0.031510416666666666 0.05092592592592592
0 0.5989583333333334 0.6291666666666667 0.020052083333333335 0.029166666666666667
0 0.6244791666666667 0.4166666666666667 0.019010416666666665 0.034722222222222224
0 0.49635416666666665 0.38472222222222224 0.0296875 0.03888888888888889
0 0.53984375 0.300462962962963 0.017708333333333333 0.03148148148148148
0 0.45677083333333335 0.38564814814814813 0.06197916666666667 0.09259259259259259
0 0.5533854166666666 0.2722222222222222 0.015885416666666666 0.034722222222222224
