0 0.7223958333333333 0.07962962962962963 0.017708333333333333 0.034722222222222224
0 0.63984375 0.22870370370370371 0.021614583333333333 0.03148148148148148
0 0.6231770833333333 0.21296296296296297 0.018229166666666668 0.03333333333333333
0 0.6908854166666667 0.10462962962962963 0.02109375 0.03194444444444444
0 0.6122395833333333 0.2125 0.023958333333333335 0.031018518518518518
0 0.3203125 0.725 0.07578125 0.07546296296296297
0 0.3611979166666667 0.28564814814814815 0.025520833333333333 0.04027777777777778
0 0.50546875 0.7712962962962963 0.019270833333333334 0.06666666666666667
0 0.7247395833333333 0.02546296296296296 0.028125 0.04212962962962963
0 0.5611979166666666 0.3490740740740741 0.02421875 0.043055555555555555
0 0.5442708333333334 0.7310185185185185 0.03046875 0.046296296296296294
0 0.621875 0.21666666666666667 0.07213541666666666 0.06527777777777778
0 0.5205729166666667 0.575 0.03515625 0.047685185185185185
0 0.5471354166666667 0.15046296296296297 0.0265625 0.034722222222222224
0 0.5481770833333334 0.2967592592592593 0.02578125 0.03981481481481482
0 0.35703125 0.3143518518518518 0.06744791666666666 0.07546296296296297
0 0.8244791666666667 0.2537037037037037 0.026302083333333334 0.04027777777777778
0 0.3255208333333333 0.575 0.034895833333333334 0.04027777777777778
0 0.70078125 0.09907407407407408 0.06354166666666666 0.07361111111111111
0 0.4921875 0.4041666666666667 0.022135416666666668 0.03981481481481482
0 0.5799479166666667 0.7449074074074075 0.03854166666666667 0.08796296296296297
0 0.42161458333333335 0.45092592592592595 0.036458333333333336 0.03981481481481482
0 0.8541666666666666 0.17916666666666667 0.026041666666666668 0.04722222222222222
0 0.5838541666666667 0.4828703703703704 0.04791666666666667 0.0625
0 0.5518229166666667 0.6069444444444444 0.030729166666666665 0.05277777777777778
0 0.521875 0.41574074074074074 0.027604166666666666 0.04675925925925926
0 0.5197916666666667 0.1111111111111111 0.019010416666666665 0.03935185185185185
0 0.50078125 0.11342592592592593 0.01484375 0.03287037037037037
0 0.48854166666666665 0.08425925925925926 0.06302083333333333 0.044444444444444446
0 0.4890625 0.1388888888888889 0.06067708333333333 0.03611111111111111
0 0.7049479166666667 0.09351851851851851 0.01640625 0.038425925925925926
0 0.50078125 0.29768518518518516 0.02578125 0.04675925925925926
0 0.30078125 0.7166666666666667 0.014322916666666666 0.024537037037037038
0 0.3184895833333333 0.7268518518518519 0.012239583333333333 0.031018518518518518
0 0.3494791666666667 0.737037037037037 0.016927083333333332 0.028703703703703703
