0 0.3455729166666667 0.675 0.016666666666666666 0.03796296296296296
0 0.45078125 0.5087962962962963 0.03697916666666667 0.05324074074074074
0 0.22760416666666666 0.6050925925925926 0.02734375 0.04212962962962963
0 0.5940104166666667 0.6430555555555556 0.0296875 0.05277777777777778
0 0.5630208333333333 0.7583333333333333 0.029947916666666668 0.04675925925925926
0 0.5265625 0.6833333333333333 0.026041666666666668 0.0375
0 0.5052083333333334 0.7416666666666667 0.0296875 0.044444444444444446
0 0.3302083333333333 0.9819444444444444 0.015364583333333333 0.029166666666666667
0 0.3299479166666667 0.3925925925925926 0.022395833333333334 0.05092592592592592
0 0.5125 0.9685185185185186 0.027083333333333334 0.05138888888888889
0 0.5252604166666667 0.38287037037037036 0.030208333333333334 0.04398148148148148
0 0.58125 0.9657407407407408 0.03046875 0.04351851851851852
0 0.5208333333333334 0.47314814814814815 0.03046875 0.04212962962962963
0 0.46197916666666666 0.5685185185185185 0.025 0.04259259259259259
0 0.48776041666666664 0.8805555555555555 0.028645833333333332 0.049074074074074076
0 0.32708333333333334 0.6875 0.09296875 0.06435185185185185
0 0.38828125 0.5550925925925926 0.023958333333333335 0.04212962962962963
