0 0.23828125 0.6726851851851852 0.09817708333333333 0.07222222222222222
0 0.34609375 0.5347222222222222 0.02890625 0.040740740740740744
0 0.39427083333333335 0.43287037037037035 0.03411458333333333 0.049074074074074076
0 0.2234375 0.9518518518518518 0.034895833333333334 0.056018518518518516
0 0.4234375 0.8597222222222223 0.026822916666666665 0.053703703703703705
0 0.4309895833333333 0.6722222222222223 0.03229166666666667 0.05277777777777778
0 0.2598958333333333 0.48148148148148145 0.03046875 0.04953703703703704
0 0.36302083333333335 0.6231481481481481 0.022135416666666668 0.03009259259259259
0 0.2328125 0.27546296296296297 0.03567708333333333 0.049074074074074076
0 0.32786458333333335 0.46064814814814814 0.03515625 0.04814814814814815
0 0.3953125 0.6217592592592592 0.020572916666666666 0.03425925925925926
0 0.4010416666666667 0.3597222222222222 0.05130208333333333 0.0824074074074074
0 0.26145833333333335 0.6560185185185186 0.028645833333333332 0.03009259259259259
0 0.37447916666666664 0.8578703703703704 0.025 0.04722222222222222
0 0.45234375 0.6208333333333333 0.0296875 0.05648148148148148
0 0.13411458333333334 0.5777777777777777 0.03307291666666667 0.03518518518518519
0 0.38958333333333334 0.9171296296296296 0.0296875 0.05462962962962963
