0 0.35859375 0.6837962962962963 0.022135416666666668 0.027777777777777776
0 0.46588541666666666 0.5199074074074074 0.03125 0.05324074074074074
0 0.60546875 0.6425925925925926 0.023958333333333335 0.055092592592592596
0 0.5716145833333334 0.7708333333333334 0.025260416666666667 0.04861111111111111
0 0.5119791666666667 0.7458333333333333 0.031510416666666666 0.05092592592592592
0 0.33645833333333336 0.4185185185185185 0.0203125 0.055092592592592596
0 0.5395833333333333 0.6861111111111111 0.02578125 0.040740740740740744
0 0.540625 0.38657407407407407 0.029166666666666667 0.049074074074074076
0 0.23411458333333332 0.6013888888888889 0.027864583333333335 0.04398148148148148
0 0.49765625 0.8842592592592593 0.023958333333333335 0.046296296296296294
0 0.47578125 0.575925925925926 0.023177083333333334 0.04259259259259259
0 0.5200520833333333 0.9685185185185186 0.023958333333333335 0.041666666666666664
0 0.340625 0.9884259259259259 0.015885416666666666 0.01898148148148148
0 0.5815104166666667 0.9898148148148148 0.03307291666666667 0.013425925925925926
0 0.5953125 0.9898148148148148 0.02734375 0.01712962962962963
0 0.34348958333333335 0.6902777777777778 0.08671875 0.060648148148148145
0 0.5927083333333333 0.8731481481481481 0.023177083333333334 0.04027777777777778
0 0.534375 0.47685185185185186 0.033854166666666664 0.041666666666666664
0 0.39921875 0.5777777777777777 0.013802083333333333 0.027314814814814816
