0 0.33932291666666664 0.47638888888888886 0.04296875 0.12685185185185185
0 0.521875 0.3726851851851852 0.029947916666666668 0.05787037037037037
0 0.3140625 0.3712962962962963 0.015885416666666666 0.0375
0 0.39895833333333336 0.8587962962962963 0.02578125 0.0375
0 0.20494791666666667 0.7166666666666667 0.020052083333333335 0.04814814814814815
0 0.47578125 0.5032407407407408 0.025 0.05138888888888889
0 0.33203125 0.649537037037037 0.029166666666666667 0.03888888888888889
0 0.45755208333333336 0.42268518518518516 0.021354166666666667 0.05138888888888889
0 0.2526041666666667 0.4185185185185185 0.026822916666666665 0.04722222222222222
0 0.465625 0.3398148148148148 0.025 0.04490740740740741
0 0.2825520833333333 0.30185185185185187 0.024739583333333332 0.04675925925925926
0 0.30807291666666664 0.44675925925925924 0.0203125 0.04861111111111111
0 0.4432291666666667 0.5842592592592593 0.020052083333333335 0.03333333333333333
0 0.3268229166666667 0.7694444444444445 0.03125 0.04212962962962963
0 0.25494791666666666 0.22777777777777777 0.024479166666666666 0.05277777777777778
0 0.27734375 0.5175925925925926 0.0265625 0.037037037037037035
0 0.3375 0.47129629629629627 0.015625 0.0412037037037037
0 0.2234375 0.7236111111111111 0.0203125 0.04212962962962963
