0 0.3328125 0.9768518518518519 0.02265625 0.034722222222222224
0 0.46536458333333336 0.5268518518518519 0.0265625 0.05138888888888889
0 0.4044270833333333 0.4300925925925926 0.019270833333333334 0.027314814814814816
0 0.35625 0.4759259259259259 0.019270833333333334 0.031018518518518518
0 0.2989583333333333 0.4060185185185185 0.020833333333333332 0.027777777777777776
0 0.3416666666666667 0.4486111111111111 0.016927083333333332 0.031018518518518518
0 0.29765625 0.5310185185185186 0.022395833333333334 0.032407407407407406
0 0.28984375 0.6648148148148149 0.018489583333333334 0.03425925925925926
0 0.2890625 0.38796296296296295 0.020572916666666666 0.029166666666666667
0 0.3640625 0.6416666666666667 0.02109375 0.046296296296296294
0 0.43125 0.34444444444444444 0.01875 0.024074074074074074
0 0.34479166666666666 0.9537037037037037 0.055989583333333336 0.09074074074074075
0 0.4674479166666667 0.6523148148148148 0.029166666666666667 0.04351851851851852
0 0.6096354166666667 0.3351851851851852 0.017708333333333333 0.03611111111111111
0 0.38958333333333334 0.34444444444444444 0.016145833333333335 0.023148148148148147
0 0.30416666666666664 0.7129629629629629 0.024739583333333332 0.044444444444444446
0 0.5028645833333333 0.4648148148148148 0.016666666666666666 0.03009259259259259
0 0.2752604166666667 0.4597222222222222 0.021354166666666667 0.02962962962962963
0 0.47890625 0.55 0.05260416666666667 0.1087962962962963
0 0.34427083333333336 0.95 0.019270833333333334 0.047685185185185185
