0 0.30182291666666666 0.5324074074074074 0.023177083333333334 0.04027777777777778
0 0.45703125 0.5884259259259259 0.024479166666666666 0.04583333333333333
0 0.5411458333333333 0.5652777777777778 0.016145833333333335 0.04398148148148148
0 0.58046875 0.8777777777777778 0.03333333333333333 0.04675925925925926
0 0.5674479166666667 0.5115740740740741 0.027083333333333334 0.027777777777777776
0 0.63671875 0.3699074074074074 0.03958333333333333 0.04675925925925926
0 0.53984375 0.8064814814814815 0.025520833333333333 0.05185185185185185
0 0.48541666666666666 0.7907407407407407 0.021354166666666667 0.038425925925925926
0 0.6260416666666667 0.7222222222222222 0.035416666666666666 0.05
0 0.4942708333333333 0.8828703703703704 0.023697916666666666 0.03935185185185185
0 0.6205729166666667 0.4527777777777778 0.026302083333333334 0.038425925925925926
0 0.2989583333333333 0.4981481481481482 0.017708333333333333 0.047685185185185185
0 0.515625 0.7111111111111111 0.0671875 0.08055555555555556
0 0.53984375 0.7356481481481482 0.02578125 0.03287037037037037
0 0.5283854166666667 0.6648148148148149 0.02265625 0.040740740740740744
0 0.6205729166666667 0.7976851851851852 0.0203125 0.031018518518518518
0 0.36692708333333335 0.9550925925925926 0.019010416666666665 0.03796296296296296
