0 0.46536458333333336 0.24259259259259258 0.021614583333333333 0.04675925925925926
0 0.4796875 0.5388888888888889 0.027083333333333334 0.02962962962962963
0 0.46770833333333334 0.5666666666666667 0.025 0.032407407407407406
0 0.3171875 0.28564814814814815 0.02109375 0.03425925925925926
0 0.29739583333333336 0.34953703703703703 0.0234375 0.04490740740740741
0 0.41484375 0.1050925925925926 0.016927083333333332 0.029166666666666667
0 0.31197916666666664 0.15231481481481482 0.016666666666666666 0.030555555555555555
0 0.3260416666666667 0.16574074074074074 0.015364583333333333 0.029166666666666667
0 0.371875 0.24027777777777778 0.020052083333333335 0.029166666666666667
0 0.62734375 0.07453703703703704 0.01796875 0.04675925925925926
0 0.3515625 0.18287037037037038 0.018229166666666668 0.031018518518518518
0 0.33151041666666664 0.4740740740740741 0.01953125 0.02824074074074074
0 0.4127604166666667 0.17777777777777778 0.02109375 0.03194444444444444
0 0.45026041666666666 0.12083333333333333 0.021354166666666667 0.03009259259259259
0 0.3692708333333333 0.3736111111111111 0.020052083333333335 0.04398148148148148
0 0.50234375 0.16620370370370371 0.01796875 0.03425925925925926
0 0.4546875 0.3773148148148148 0.029427083333333333 0.04398148148148148
0 0.4828125 0.26435185185185184 0.059895833333333336 0.10555555555555556
0 0.28125 0.20879629629629629 0.018229166666666668 0.06898148148148148
0 0.48020833333333335 0.5416666666666666 0.054427083333333334 0.09212962962962963
