0 0.40520833333333334 0.43148148148148147 0.013541666666666667 0.03009259259259259
0 0.5127604166666667 0.38796296296296295 0.013802083333333333 0.025925925925925925
0 0.54140625 0.31712962962962965 0.016145833333333335 0.03148148148148148
0 0.42994791666666665 0.2310185185185185 0.0171875 0.03333333333333333
0 0.33229166666666665 0.29768518518518516 0.01640625 0.025925925925925925
0 0.34010416666666665 0.19444444444444445 0.017447916666666667 0.03287037037037037
0 0.40598958333333335 0.2708333333333333 0.018489583333333334 0.03425925925925926
0 0.3411458333333333 0.5314814814814814 0.025260416666666667 0.058333333333333334
0 0.509375 0.7083333333333334 0.024739583333333332 0.03935185185185185
0 0.40625 0.18101851851851852 0.019791666666666666 0.03425925925925926
0 0.5096354166666667 0.15324074074074073 0.022395833333333334 0.05138888888888889
0 0.31979166666666664 0.3050925925925926 0.015885416666666666 0.03009259259259259
0 0.5161458333333333 0.38796296296296295 0.0140625 0.02361111111111111
0 0.3145833333333333 0.13842592592592592 0.023958333333333335 0.046296296296296294
0 0.42994791666666665 0.5833333333333334 0.019270833333333334 0.033796296296296297
0 0.44583333333333336 0.42268518518518516 0.016145833333333335 0.034722222222222224
0 0.41354166666666664 0.4162037037037037 0.03619791666666667 0.10648148148148148
