0 0.42734375 0.48009259259259257 0.017708333333333333 0.02962962962962963
0 0.4921875 0.7902777777777777 0.028385416666666666 0.04675925925925926
0 0.31354166666666666 0.8046296296296296 0.016145833333333335 0.03333333333333333
0 0.29635416666666664 0.49537037037037035 0.022395833333333334 0.03194444444444444
0 0.6096354166666667 0.4601851851851852 0.019791666666666666 0.05
0 0.3072916666666667 0.6861111111111111 0.022135416666666668 0.03935185185185185
0 0.5239583333333333 0.6050925925925926 0.0171875 0.037037037037037035
0 0.2986979166666667 0.8435185185185186 0.02109375 0.03518518518518519
0 0.42552083333333335 0.5833333333333334 0.016666666666666666 0.02824074074074074
0 0.39505208333333336 0.4587962962962963 0.016927083333333332 0.03333333333333333
0 0.30182291666666666 0.5273148148148148 0.020572916666666666 0.03009259259259259
0 0.46796875 0.663425925925926 0.06302083333333333 0.10277777777777777
0 0.36276041666666664 0.6388888888888888 0.019791666666666666 0.03425925925925926
0 0.27786458333333336 0.5254629629629629 0.02578125 0.029166666666666667
0 0.378125 0.788425925925926 0.021354166666666667 0.05277777777777778
0 0.3463541666666667 0.6111111111111112 0.019791666666666666 0.03194444444444444
0 0.47317708333333336 0.6708333333333333 0.01484375 0.03981481481481482
