0 0.5729166666666666 0.6574074074074074 0.07994791666666666 0.0625
0 0.6861979166666666 0.6194444444444445 0.026822916666666665 0.04027777777777778
0 0.5145833333333333 0.7305555555555555 0.02734375 0.04490740740740741
0 0.34791666666666665 0.5824074074074074 0.025 0.04675925925925926
0 0.5942708333333333 0.40555555555555556 0.03177083333333333 0.03287037037037037
0 0.509375 0.5916666666666667 0.03958333333333333 0.04537037037037037
0 0.5247395833333334 0.4777777777777778 0.02421875 0.04490740740740741
0 0.7171875 0.7606481481481482 0.028645833333333332 0.05138888888888889
0 0.6005208333333333 0.29907407407407405 0.028385416666666666 0.041666666666666664
0 0.5544270833333333 0.44907407407407407 0.019791666666666666 0.032407407407407406
0 0.64296875 0.6824074074074075 0.0234375 0.04027777777777778
0 0.4231770833333333 0.9453703703703704 0.03229166666666667 0.044444444444444446
0 0.5911458333333334 0.8337962962962963 0.03359375 0.03935185185185185
0 0.5549479166666667 0.8439814814814814 0.030208333333333334 0.04351851851851852
0 0.47578125 0.8685185185185185 0.028385416666666666 0.044444444444444446
0 0.33151041666666664 0.6351851851851852 0.0296875 0.04722222222222222
0 0.6010416666666667 0.65 0.015104166666666667 0.025
0 0.56328125 0.6 0.022395833333333334 0.041666666666666664
