0 0.3065104166666667 0.6680555555555555 0.07057291666666667 0.06157407407407407
0 0.42161458333333335 0.8625 0.038802083333333334 0.06111111111111111
0 0.40078125 0.8138888888888889 0.028385416666666666 0.05
0 0.32838541666666665 0.4625 0.027083333333333334 0.05277777777777778
0 0.31744791666666666 0.287962962962963 0.029947916666666668 0.044444444444444446
0 0.3888020833333333 0.5060185185185185 0.028645833333333332 0.05185185185185185
0 0.19869791666666667 0.5523148148148148 0.02890625 0.06296296296296296
0 0.4359375 0.39166666666666666 0.02734375 0.03888888888888889
0 0.3854166666666667 0.4212962962962963 0.028645833333333332 0.047685185185185185
0 0.3458333333333333 0.6287037037037037 0.02578125 0.04537037037037037
0 0.3763020833333333 0.5652777777777778 0.028645833333333332 0.044444444444444446
0 0.43072916666666666 0.5768518518518518 0.025260416666666667 0.04490740740740741
0 0.43776041666666665 0.8032407407407407 0.035416666666666666 0.05462962962962963
0 0.25755208333333335 0.862037037037037 0.039322916666666666 0.05787037037037037
0 0.45651041666666664 0.6375 0.0328125 0.047685185185185185
0 0.44479166666666664 0.3296296296296296 0.0328125 0.04861111111111111
0 0.4778645833333333 0.5925925925925926 0.032552083333333336 0.05416666666666667
0 0.22109375 0.5435185185185185 0.02109375 0.03425925925925926
