0 0.4015625 0.5069444444444444 0.042708333333333334 0.12731481481481483
0 0.59921875 0.4046296296296296 0.025 0.04583333333333333
0 0.2708333333333333 0.7601851851851852 0.028125 0.03981481481481482
0 0.4765625 0.6287037037037037 0.029947916666666668 0.053703703703703705
0 0.5200520833333333 0.34629629629629627 0.024739583333333332 0.041666666666666664
0 0.39895833333333336 0.6486111111111111 0.027604166666666666 0.03981481481481482
0 0.4466145833333333 0.8796296296296297 0.02890625 0.03333333333333333
0 0.3567708333333333 0.38657407407407407 0.020572916666666666 0.04583333333333333
0 0.5049479166666667 0.43657407407407406 0.01796875 0.0375
0 0.2546875 0.7217592592592592 0.01875 0.04027777777777778
0 0.5174479166666667 0.5560185185185185 0.028385416666666666 0.05138888888888889
0 0.36328125 0.47453703703703703 0.028125 0.05185185185185185
0 0.4205729166666667 0.7972222222222223 0.035416666666666666 0.03935185185185185
0 0.3138020833333333 0.24259259259259258 0.04114583333333333 0.06388888888888888
0 0.3346354166666667 0.30648148148148147 0.027864583333333335 0.04537037037037037
0 0.32838541666666665 0.41944444444444445 0.027604166666666666 0.052314814814814814
0 0.40989583333333335 0.4675925925925926 0.019791666666666666 0.024074074074074074
0 0.35546875 0.5398148148148149 0.0328125 0.047685185185185185
