0 0.38776041666666666 0.6277777777777778 0.07604166666666666 0.06296296296296296
0 0.4515625 0.38935185185185184 0.026822916666666665 0.04953703703703704
0 0.43385416666666665 0.41898148148148145 0.024479166666666666 0.047685185185185185
0 0.36953125 0.39351851851851855 0.02421875 0.04583333333333333
0 0.3059895833333333 0.549537037037037 0.039322916666666666 0.034722222222222224
0 0.39088541666666665 0.8208333333333333 0.0296875 0.041666666666666664
0 0.29010416666666666 0.44305555555555554 0.026302083333333334 0.043055555555555555
0 0.4197916666666667 0.47824074074074074 0.03203125 0.049074074074074076
0 0.4765625 0.3194444444444444 0.029947916666666668 0.04861111111111111
0 0.35598958333333336 0.6425925925925926 0.022135416666666668 0.03657407407407407
0 0.4205729166666667 0.31527777777777777 0.03046875 0.04537037037037037
0 0.2703125 0.4476851851851852 0.028125 0.05092592592592592
0 0.3927083333333333 0.5574074074074075 0.04869791666666667 0.05
0 0.3846354166666667 0.7148148148148148 0.022916666666666665 0.05462962962962963
0 0.24348958333333334 0.6842592592592592 0.01875 0.04675925925925926
0 0.40390625 0.48703703703703705 0.014583333333333334 0.027777777777777776
0 0.36744791666666665 0.6064814814814815 0.03359375 0.02824074074074074
