0 0.5463541666666667 0.5203703703703704 0.044270833333333336 0.12083333333333333
0 0.5815104166666667 0.9004629629629629 0.031510416666666666 0.03287037037037037
0 0.61015625 0.6648148148148149 0.026302083333333334 0.05138888888888889
0 0.46536458333333336 0.4351851851851852 0.026041666666666668 0.04675925925925926
0 0.5453125 0.6430555555555556 0.025520833333333333 0.052314814814814814
0 0.6372395833333333 0.6050925925925926 0.023958333333333335 0.04583333333333333
0 0.4786458333333333 0.33425925925925926 0.027864583333333335 0.06111111111111111
0 0.40625 0.7953703703703704 0.025 0.044444444444444446
0 0.7377604166666667 0.412962962962963 0.02734375 0.0587962962962963
0 0.390625 0.7314814814814815 0.021875 0.049074074074074076
0 0.46041666666666664 0.24351851851851852 0.04114583333333333 0.06157407407407407
0 0.6447916666666667 0.362962962962963 0.03125 0.05
0 0.52109375 0.47824074074074074 0.022135416666666668 0.047685185185185185
0 0.5635416666666667 0.8171296296296297 0.027864583333333335 0.03935185185185185
0 0.50078125 0.5375 0.025520833333333333 0.0587962962962963
0 0.6361979166666667 0.4513888888888889 0.023697916666666666 0.047685185185185185
0 0.5627604166666667 0.4837962962962963 0.02734375 0.032407407407407406
