0 0.3653645833333333 0.49583333333333335 0.03125 0.021296296296296296
0 0.5205729166666667 0.7666666666666667 0.018229166666666668 0.030555555555555555
0 0.41302083333333334 0.39861111111111114 0.0265625 0.041666666666666664
0 0.5309895833333333 0.611574074074074 0.03046875 0.07777777777777778
0 0.34427083333333336 0.8041666666666667 0.01796875 0.0375
0 0.4828125 0.34444444444444444 0.03359375 0.04722222222222222
0 0.3411458333333333 0.27037037037037037 0.020052083333333335 0.05185185185185185
0 0.50234375 0.6944444444444444 0.025260416666666667 0.03981481481481482
0 0.24322916666666666 0.4078703703703704 0.026041666666666668 0.049074074074074076
0 0.6046875 0.812037037037037 0.029947916666666668 0.03564814814814815
0 0.5950520833333334 0.6097222222222223 0.023958333333333335 0.049074074074074076
0 0.484375 0.39166666666666666 0.030989583333333334 0.05185185185185185
0 0.5606770833333333 0.19305555555555556 0.040364583333333336 0.04537037037037037
0 0.5604166666666667 0.5138888888888888 0.030208333333333334 0.059722222222222225
0 0.5427083333333333 0.2953703703703704 0.0328125 0.053703703703703705
0 0.61484375 0.4625 0.02578125 0.06759259259259259
0 0.3421875 0.4930555555555556 0.07604166666666666 0.040740740740740744
