0 0.32838541666666665 0.5060185185185185 0.01796875 0.0375
0 0.56328125 0.39490740740740743 0.02734375 0.041666666666666664
0 0.6065104166666667 0.1 0.029947916666666668 0.05138888888888889
0 0.5708333333333333 0.18796296296296297 0.03359375 0.041666666666666664
0 0.3848958333333333 0.25833333333333336 0.0296875 0.04537037037037037
0 0.5828125 0.5106481481481482 0.03177083333333333 0.05787037037037037
0 0.4322916666666667 0.25925925925925924 0.026302083333333334 0.044444444444444446
0 0.5161458333333333 0.5689814814814815 0.030989583333333334 0.060648148148148145
0 0.4940104166666667 0.3592592592592593 0.04869791666666667 0.05092592592592592
0 0.5981770833333333 0.5064814814814815 0.03229166666666667 0.06342592592592593
0 0.3255208333333333 0.4912037037037037 0.05 0.11296296296296296
0 0.5067708333333333 0.12268518518518519 0.028645833333333332 0.040740740740740744
0 0.3572916666666667 0.513425925925926 0.023177083333333334 0.03333333333333333
0 0.31640625 0.4759259259259259 0.019270833333333334 0.03148148148148148
0 0.5877604166666667 0.2462962962962963 0.04140625 0.06805555555555555
0 0.58515625 0.2712962962962963 0.016927083333333332 0.02962962962962963
0 0.4934895833333333 0.04861111111111111 0.015364583333333333 0.03194444444444444
0 0.5192708333333333 0.056018518518518516 0.018229166666666668 0.03888888888888889
0 0.39947916666666666 0.027314814814814816 0.05078125 0.055092592592592596
