0 0.34713541666666664 0.6541666666666667 0.07708333333333334 0.06296296296296296
0 0.38567708333333334 0.55 0.027864583333333335 0.04583333333333333
0 0.23984375 0.5351851851851852 0.031510416666666666 0.03935185185185185
0 0.4205729166666667 0.40324074074074073 0.025520833333333333 0.04490740740740741
0 0.45416666666666666 0.7828703703703703 0.03723958333333333 0.04722222222222222
0 0.39427083333333335 0.6143518518518518 0.025260416666666667 0.03888888888888889
0 0.47552083333333334 0.3287037037037037 0.03515625 0.05416666666666667
0 0.3697916666666667 0.4356481481481482 0.030989583333333334 0.040740740740740744
0 0.4427083333333333 0.549537037037037 0.021354166666666667 0.04814814814814815
0 0.46953125 0.6129629629629629 0.04635416666666667 0.04537037037037037
0 0.41041666666666665 0.788425925925926 0.0296875 0.038425925925925926
0 0.41484375 0.48703703703703705 0.02265625 0.050462962962962966
0 0.46484375 0.3888888888888889 0.023958333333333335 0.04490740740740741
0 0.2765625 0.8152777777777778 0.03619791666666667 0.043055555555555555
0 0.26614583333333336 0.5300925925925926 0.02578125 0.038425925925925926
0 0.36380208333333336 0.2814814814814815 0.026302083333333334 0.04537037037037037
0 0.26588541666666665 0.7569444444444444 0.028385416666666666 0.04722222222222222
0 0.2828125 0.8319444444444445 0.029166666666666667 0.04351851851851852
0 0.4440104166666667 0.8398148148148148 0.03463541666666667 0.04351851851851852
0 0.49192708333333335 0.5638888888888889 0.031510416666666666 0.05787037037037037
