0 0.4166666666666667 0.3763888888888889 0.03463541666666667 0.12824074074074074
0 0.3377604166666667 0.2638888888888889 0.02890625 0.03935185185185185
0 0.35572916666666665 0.15324074074074073 0.019270833333333334 0.052314814814814814
0 0.44609375 0.41574074074074074 0.017447916666666667 0.03425925925925926
0 0.5552083333333333 0.3189814814814815 0.016666666666666666 0.037037037037037035
0 0.3338541666666667 0.5009259259259259 0.024739583333333332 0.05694444444444444
0 0.42213541666666665 0.16574074074074074 0.018489583333333334 0.04027777777777778
0 0.4361979166666667 0.21574074074074073 0.028385416666666666 0.04722222222222222
0 0.3338541666666667 0.10046296296296296 0.022135416666666668 0.05185185185185185
0 0.5390625 0.18703703703703703 0.0171875 0.03935185185185185
0 0.41354166666666664 0.2550925925925926 0.015625 0.04027777777777778
0 0.5341145833333333 0.15694444444444444 0.023177083333333334 0.05740740740740741
0 0.5361979166666667 0.12314814814814815 0.021614583333333333 0.06759259259259259
0 0.4278645833333333 0.5782407407407407 0.023697916666666666 0.043055555555555555
0 0.5236979166666667 0.38935185185185184 0.015364583333333333 0.030555555555555555
0 0.40572916666666664 0.40324074074074073 0.023958333333333335 0.06712962962962964
0 0.49583333333333335 0.7060185185185185 0.025 0.040740740740740744
