0 0.5416666666666666 0.45787037037037037 0.03411458333333333 0.04583333333333333
0 0.5799479166666667 0.41574074074074074 0.028385416666666666 0.03796296296296296
0 0.66640625 0.6398148148148148 0.030989583333333334 0.0625
0 0.6143229166666667 0.38842592592592595 0.03828125 0.04259259259259259
0 0.5817708333333333 0.8314814814814815 0.03125 0.03888888888888889
0 0.4828125 0.524537037037037 0.03567708333333333 0.05185185185185185
0 0.5380208333333333 0.7578703703703704 0.03046875 0.04814814814814815
0 0.5080729166666667 0.7 0.03046875 0.055092592592592596
0 0.3140625 0.4513888888888889 0.037760416666666664 0.059722222222222225
0 0.3216145833333333 0.41805555555555557 0.02734375 0.04861111111111111
0 0.634375 0.27037037037037037 0.03307291666666667 0.03009259259259259
0 0.3671875 0.8638888888888889 0.0203125 0.05462962962962963
0 0.5471354166666667 0.6412037037037037 0.07083333333333333 0.08148148148148149
0 0.5734375 0.6625 0.03046875 0.031018518518518518
0 0.5484375 0.5726851851851852 0.019791666666666666 0.04537037037037037
0 0.6325520833333333 0.612037037037037 0.018229166666666668 0.03564814814814815
0 0.6552083333333333 0.7675925925925926 0.0203125 0.04675925925925926
0 0.4875 0.8023148148148148 0.021354166666666667 0.044444444444444446
