0 0.359375 0.624537037037037 0.06614583333333333 0.08148148148148149
0 0.3731770833333333 0.7162037037037037 0.024479166666666666 0.046296296296296294
0 0.2916666666666667 0.48194444444444445 0.026822916666666665 0.0412037037037037
0 0.37526041666666665 0.3787037037037037 0.028385416666666666 0.0412037037037037
0 0.43854166666666666 0.37824074074074077 0.030208333333333334 0.04490740740740741
0 0.43385416666666665 0.5782407407407407 0.026041666666666668 0.04351851851851852
0 0.42890625 0.4356481481481482 0.023958333333333335 0.04490740740740741
0 0.26536458333333335 0.4759259259259259 0.0359375 0.07731481481481481
0 0.41796875 0.7449074074074075 0.026302083333333334 0.04675925925925926
0 0.334375 0.5416666666666666 0.029166666666666667 0.046296296296296294
0 0.44921875 0.5120370370370371 0.0265625 0.04537037037037037
0 0.4752604166666667 0.3287037037037037 0.034375 0.05324074074074074
0 0.42239583333333336 0.5046296296296297 0.025520833333333333 0.040740740740740744
0 0.41302083333333334 0.8111111111111111 0.03125 0.03888888888888889
0 0.44921875 0.4078703703703704 0.02109375 0.03518518518518519
0 0.39765625 0.30324074074074076 0.03359375 0.044444444444444446
0 0.25625 0.7222222222222222 0.03046875 0.06435185185185185
0 0.37005208333333334 0.5824074074074074 0.022395833333333334 0.0412037037037037
