0 0.34661458333333334 0.46805555555555556 0.016927083333333332 0.03194444444444444
0 0.26197916666666665 0.5217592592592593 0.015885416666666666 0.03981481481481482
0 0.29739583333333336 0.4236111111111111 0.0140625 0.028703703703703703
0 0.22838541666666667 0.5254629629629629 0.025260416666666667 0.03796296296296296
0 0.3072916666666667 0.5939814814814814 0.019791666666666666 0.05324074074074074
0 0.4578125 0.41435185185185186 0.013020833333333334 0.024074074074074074
0 0.49166666666666664 0.6356481481481482 0.02265625 0.041666666666666664
0 0.34322916666666664 0.42314814814814816 0.015885416666666666 0.03194444444444444
0 0.4296875 0.5074074074074074 0.015625 0.03287037037037037
0 0.60078125 0.6208333333333333 0.021614583333333333 0.046296296296296294
0 0.35 0.28194444444444444 0.021875 0.03333333333333333
0 0.30572916666666666 0.6092592592592593 0.012760416666666666 0.04398148148148148
0 0.40208333333333335 0.7300925925925926 0.03125 0.052314814814814814
0 0.36432291666666666 0.2740740740740741 0.02109375 0.03425925925925926
0 0.41458333333333336 0.5824074074074074 0.03567708333333333 0.125
0 0.44609375 0.3472222222222222 0.014583333333333334 0.029166666666666667
0 0.3385416666666667 0.24861111111111112 0.02578125 0.03333333333333333
0 0.41796875 0.6157407407407407 0.014322916666666666 0.05787037037037037
0 0.019270833333333334 0.674074074074074 0.026041666666666668 0.03796296296296296
0 0.025 0.6736111111111112 0.05 0.05740740740740741
