0 0.5815104166666667 0.6703703703703704 0.06953125 0.06296296296296296
0 0.63359375 0.4217592592592593 0.03359375 0.04722222222222222
0 0.51640625 0.7175925925925926 0.028645833333333332 0.041666666666666664
0 0.6458333333333334 0.6648148148148149 0.015364583333333333 0.03518518518518519
0 0.55234375 0.462037037037037 0.026822916666666665 0.043055555555555555
0 0.5932291666666667 0.4212962962962963 0.023697916666666666 0.04675925925925926
0 0.33541666666666664 0.5125 0.035416666666666666 0.05
0 0.4739583333333333 0.8351851851851851 0.030989583333333334 0.04259259259259259
0 0.6442708333333333 0.2916666666666667 0.035416666666666666 0.038425925925925926
0 0.5471354166666667 0.8226851851851852 0.025520833333333333 0.03657407407407407
0 0.5119791666666667 0.5527777777777778 0.0265625 0.044444444444444446
0 0.35182291666666665 0.46805555555555556 0.0328125 0.05925925925925926
0 0.6911458333333333 0.6462962962962963 0.017447916666666667 0.03981481481481482
0 0.6059895833333333 0.6824074074074075 0.026041666666666668 0.02962962962962963
0 0.5723958333333333 0.6481481481481481 0.01796875 0.028703703703703703
0 0.58359375 0.8574074074074074 0.021614583333333333 0.03611111111111111
0 0.6893229166666667 0.836574074074074 0.01796875 0.032407407407407406
0 0.3848958333333333 0.8902777777777777 0.020833333333333332 0.03425925925925926
