0 0.5572916666666666 0.6657407407407407 0.08020833333333334 0.049074074074074076
0 0.6255208333333333 0.7055555555555556 0.020052083333333335 0.03888888888888889
0 0.49947916666666664 0.7212962962962963 0.019270833333333334 0.043055555555555555
0 0.44921875 0.8476851851851852 0.03203125 0.049074074074074076
0 0.6049479166666667 0.42916666666666664 0.026041666666666668 0.03796296296296296
0 0.6145833333333334 0.31574074074074077 0.021875 0.03287037037037037
0 0.5276041666666667 0.8513888888888889 0.021614583333333333 0.04027777777777778
0 0.6716145833333333 0.649537037037037 0.019010416666666665 0.0412037037037037
0 0.55234375 0.6296296296296297 0.026822916666666665 0.02546296296296296
0 0.4981770833333333 0.5981481481481481 0.04609375 0.04814814814814815
0 0.5645833333333333 0.8569444444444444 0.018229166666666668 0.03518518518518519
0 0.5578125 0.45 0.02265625 0.03935185185185185
0 0.3390625 0.5314814814814814 0.029427083333333333 0.04675925925925926
0 0.3216145833333333 0.5800925925925926 0.034375 0.03564814814814815
0 0.5263020833333333 0.47685185185185186 0.019791666666666666 0.03194444444444444
0 0.5859375 0.6759259259259259 0.015885416666666666 0.027777777777777776
0 0.3859375 0.9143518518518519 0.0203125 0.03564814814814815
0 0.6963541666666667 0.8037037037037037 0.018489583333333334 0.047685185185185185
