0 0.49244791666666665 0.47962962962962963 0.023958333333333335 0.041666666666666664
0 0.5666666666666667 0.5648148148148148 0.03125 0.04814814814814815
0 0.65859375 0.49074074074074076 0.022916666666666665 0.050462962962962966
0 0.28098958333333335 0.32916666666666666 0.021614583333333333 0.046296296296296294
0 0.62890625 0.13518518518518519 0.030989583333333334 0.044444444444444446
0 0.42916666666666664 0.3592592592592593 0.028645833333333332 0.04027777777777778
0 0.5166666666666667 0.6504629629629629 0.02265625 0.04675925925925926
0 0.62421875 0.4759259259259259 0.019010416666666665 0.03657407407407407
0 0.37552083333333336 0.762962962962963 0.027864583333333335 0.04351851851851852
0 0.55546875 0.31666666666666665 0.01484375 0.03935185185185185
0 0.63046875 0.5407407407407407 0.021354166666666667 0.049074074074074076
0 0.6119791666666666 0.2162037037037037 0.0265625 0.0375
0 0.5067708333333333 0.44305555555555554 0.026822916666666665 0.034722222222222224
0 0.49635416666666665 0.5902777777777778 0.015364583333333333 0.038425925925925926
0 0.4713541666666667 0.4532407407407407 0.07005208333333333 0.08611111111111111
0 0.54140625 0.3597222222222222 0.01484375 0.0375
0 0.5986979166666667 0.6833333333333333 0.019270833333333334 0.02962962962962963
