0 0.11302083333333333 0.3662037037037037 0.0234375 0.034722222222222224
0 0.29270833333333335 0.4199074074074074 0.029166666666666667 0.05324074074074074
0 0.43828125 0.4583333333333333 0.026822916666666665 0.05694444444444444
0 0.2994791666666667 0.7430555555555556 0.021354166666666667 0.028703703703703703
0 0.14895833333333333 0.6069444444444444 0.0296875 0.04953703703703704
0 0.2677083333333333 0.7393518518518518 0.020052083333333335 0.031018518518518518
0 0.062239583333333334 0.04722222222222222 0.030989583333333334 0.047685185185185185
0 0.034375 0.01898148148148148 0.03046875 0.04722222222222222
0 0.3028645833333333 0.3125 0.025 0.040740740740740744
0 0.49765625 0.6569444444444444 0.022135416666666668 0.046296296296296294
0 0.565625 0.8166666666666667 0.028125 0.04675925925925926
0 0.5986979166666667 0.8393518518518519 0.05182291666666667 0.11296296296296296
0 0.48125 0.4925925925925926 0.03229166666666667 0.06759259259259259
0 0.3067708333333333 0.6439814814814815 0.03046875 0.04027777777777778
0 0.11380208333333333 0.33194444444444443 0.01875 0.037037037037037035
0 0.23828125 0.49675925925925923 0.020833333333333332 0.060648148148148145
0 0.5809895833333333 0.7870370370370371 0.02265625 0.05185185185185185
0 0.22265625 0.42824074074074076 0.043229166666666666 0.11527777777777778
0 0.17421875 0.46805555555555556 0.03046875 0.05092592592592592
0 0.4356770833333333 0.6398148148148148 0.0203125 0.02546296296296296
0 0.11276041666666667 0.36944444444444446 0.04375 0.12268518518518519
0 0.28880208333333335 0.7574074074074074 0.029166666666666667 0.04212962962962963
0 0.3653645833333333 0.48055555555555557 0.022916666666666665 0.03981481481481482
0 0.46875 0.39444444444444443 0.02265625 0.03518518518518519
0 0.4627604166666667 0.36527777777777776 0.021614583333333333 0.03518518518518519
0 0.3854166666666667 0.4791666666666667 0.020052083333333335 0.043055555555555555
0 0.21197916666666666 0.44814814814814813 0.012760416666666666 0.024537037037037038
0 0.22421875 0.43287037037037035 0.017708333333333333 0.04583333333333333
0 0.21796875 0.38935185185185184 0.017708333333333333 0.040740740740740744
0 0.09817708333333333 0.3814814814814815 0.009895833333333333 0.027777777777777776
0 0.19817708333333334 0.6699074074074074 0.053125 0.05555555555555555
0 0.16354166666666667 0.7050925925925926 0.057291666666666664 0.07916666666666666
0 0.16510416666666666 0.6754629629629629 0.028645833333333332 0.03981481481481482
0 0.14010416666666667 0.7087962962962963 0.027083333333333334 0.031018518518518518
0 0.13359375 0.7337962962962963 0.03619791666666667 0.0962962962962963
