0 0.19427083333333334 0.4310185185185185 0.04505208333333333 0.12407407407407407
0 0.190625 0.7550925925925925 0.054947916666666666 0.08981481481481482
0 0.16953125 0.6819444444444445 0.059895833333333336 0.046296296296296294
0 0.4630208333333333 0.6425925925925926 0.019010416666666665 0.034722222222222224
0 0.06536458333333334 0.06157407407407407 0.028645833333333332 0.04583333333333333
0 0.48984375 0.5064814814814815 0.018489583333333334 0.03611111111111111
0 0.3606770833333333 0.4828703703703704 0.018229166666666668 0.038425925925925926
0 0.19765625 0.5324074074074074 0.0265625 0.060648148148148145
0 0.184375 0.475462962962963 0.022395833333333334 0.05462962962962963
0 0.2734375 0.7361111111111112 0.030989583333333334 0.05138888888888889
0 0.3026041666666667 0.3347222222222222 0.019270833333333334 0.0375
0 0.0890625 0.37037037037037035 0.04244791666666667 0.1259259259259259
0 0.4200520833333333 0.6712962962962963 0.021875 0.03148148148148148
0 0.23854166666666668 0.6995370370370371 0.020833333333333332 0.04490740740740741
0 0.33567708333333335 0.46574074074074073 0.027864583333333335 0.056018518518518516
0 0.3203125 0.6865740740740741 0.026822916666666665 0.04259259259259259
0 0.1375 0.6282407407407408 0.02734375 0.05185185185185185
0 0.03567708333333333 0.03796296296296296 0.034375 0.040740740740740744
0 0.20104166666666667 0.4912037037037037 0.022395833333333334 0.0625
0 0.5041666666666667 0.7564814814814815 0.029166666666666667 0.046296296296296294
0 0.5651041666666666 0.8337962962962963 0.04296875 0.11527777777777778
0 0.41744791666666664 0.4476851851851852 0.024479166666666666 0.03935185185185185
0 0.08359375 0.3277777777777778 0.0171875 0.031018518518518518
0 0.08697916666666666 0.3712962962962963 0.015625 0.03611111111111111
0 0.07760416666666667 0.39675925925925926 0.016145833333333335 0.028703703703703703
0 0.1234375 0.7347222222222223 0.031510416666666666 0.09583333333333334
0 0.15130208333333334 0.6990740740740741 0.019010416666666665 0.03333333333333333
0 0.17135416666666667 0.7611111111111111 0.017447916666666667 0.03194444444444444
0 0.2598958333333333 0.6958333333333333 0.019791666666666666 0.02962962962962963
0 0.5502604166666667 0.8097222222222222 0.017447916666666667 0.02962962962962963
0 0.5721354166666667 0.8050925925925926 0.019791666666666666 0.03148148148148148
0 0.2911458333333333 0.35324074074074074 0.0140625 0.03425925925925926
0 0.44114583333333335 0.3560185185185185 0.019791666666666666 0.028703703703703703
0 0.46015625 0.36342592592592593 0.020572916666666666 0.03657407407407407
