0 0.24114583333333334 0.4356481481481482 0.02265625 0.033796296296296297
0 0.29739583333333336 0.45231481481481484 0.029166666666666667 0.06851851851851852
0 0.165625 0.6087962962962963 0.020833333333333332 0.03981481481481482
0 0.3020833333333333 0.7587962962962963 0.030729166666666665 0.03935185185185185
0 0.45390625 0.4666666666666667 0.02421875 0.050462962962962966
0 0.5182291666666666 0.6550925925925926 0.01953125 0.04722222222222222
0 0.44583333333333336 0.6347222222222222 0.0171875 0.032407407407407406
0 0.07109375 0.046296296296296294 0.0265625 0.05
0 0.30625 0.32916666666666666 0.024479166666666666 0.04722222222222222
0 0.5830729166666667 0.7712962962962963 0.023177083333333334 0.05787037037037037
0 0.4942708333333333 0.4962962962962963 0.026041666666666668 0.055092592592592596
0 0.4822916666666667 0.399537037037037 0.022916666666666665 0.04259259259259259
0 0.375 0.48518518518518516 0.01875 0.043055555555555555
0 0.046614583333333334 0.010648148148148148 0.025 0.020833333333333332
0 0.23880208333333333 0.42268518518518516 0.03567708333333333 0.1398148148148148
0 0.31875 0.6351851851851852 0.03229166666666667 0.03564814814814815
0 0.26145833333333335 0.4875 0.02109375 0.060648148148148145
0 0.12994791666666666 0.36203703703703705 0.035416666666666666 0.1175925925925926
0 0.39375 0.4787037037037037 0.024479166666666666 0.050462962962962966
0 0.17916666666666667 0.4476851851851852 0.0296875 0.05694444444444444
0 0.14427083333333332 0.7361111111111112 0.03958333333333333 0.07777777777777778
0 0.17161458333333332 0.6944444444444444 0.053385416666666664 0.08518518518518518
0 0.14869791666666668 0.6888888888888889 0.019791666666666666 0.028703703703703703
0 0.19375 0.675 0.015364583333333333 0.03564814814814815
0 0.21171875 0.6662037037037037 0.05625 0.062037037037037036
0 0.12239583333333333 0.38101851851851853 0.01796875 0.025925925925925925
0 0.12916666666666668 0.3453703703703704 0.013541666666666667 0.03611111111111111
0 0.13802083333333334 0.32222222222222224 0.014583333333333334 0.02638888888888889
0 0.23932291666666666 0.4013888888888889 0.020572916666666666 0.029166666666666667
0 0.22942708333333334 0.3712962962962963 0.019010416666666665 0.02962962962962963
0 0.228125 0.45694444444444443 0.020572916666666666 0.04537037037037037
0 0.61796875 0.837037037037037 0.050520833333333334 0.11666666666666667
0 0.59921875 0.8032407407407407 0.016927083333333332 0.04398148148148148
0 0.5942708333333333 0.8402777777777778 0.02421875 0.03333333333333333
0 0.47213541666666664 0.3726851851851852 0.018229166666666668 0.025
