0 0.23307291666666666 0.6180555555555556 0.021614583333333333 0.040740740740740744
0 0.13072916666666667 0.04722222222222222 0.023697916666666666 0.04675925925925926
0 0.5979166666666667 0.6620370370370371 0.020572916666666666 0.03888888888888889
0 0.5166666666666667 0.48194444444444445 0.023697916666666666 0.040740740740740744
0 0.09322916666666667 0.018518518518518517 0.027604166666666666 0.04027777777777778
0 0.6278645833333333 0.7305555555555555 0.025 0.04583333333333333
0 0.20755208333333333 0.3611111111111111 0.040364583333333336 0.11712962962962963
0 0.5408854166666667 0.37916666666666665 0.028645833333333332 0.03981481481481482
0 0.5684895833333333 0.5083333333333333 0.017447916666666667 0.029166666666666667
0 0.31875 0.3990740740740741 0.04479166666666667 0.13287037037037036
0 0.19895833333333332 0.6194444444444445 0.03125 0.04490740740740741
0 0.6473958333333333 0.7523148148148148 0.02109375 0.0375
0 0.36328125 0.6106481481481482 0.034375 0.04027777777777778
0 0.5114583333333333 0.6240740740740741 0.01640625 0.03148148148148148
0 0.715625 0.836574074074074 0.051041666666666666 0.10972222222222222
0 0.22057291666666667 0.3976851851851852 0.0203125 0.03518518518518519
0 0.19791666666666666 0.38101851851851853 0.024479166666666666 0.03194444444444444
0 0.20833333333333334 0.36018518518518516 0.0203125 0.02962962962962963
0 0.20390625 0.3388888888888889 0.02890625 0.023148148148148147
0 0.21640625 0.32222222222222224 0.015885416666666666 0.024537037037037038
0 0.334375 0.45231481481481484 0.022135416666666668 0.03425925925925926
0 0.3182291666666667 0.3814814814814815 0.019791666666666666 0.02962962962962963
0 0.3078125 0.35648148148148145 0.021354166666666667 0.03009259259259259
0 0.3046875 0.4263888888888889 0.016927083333333332 0.03425925925925926
0 0.2830729166666667 0.4388888888888889 0.017447916666666667 0.02962962962962963
0 0.3671875 0.41898148148148145 0.0203125 0.06018518518518518
0 0.3421875 0.500462962962963 0.01484375 0.034722222222222224
0 0.453125 0.49074074074074076 0.016145833333333335 0.02962962962962963
0 0.46067708333333335 0.48055555555555557 0.015885416666666666 0.02962962962962963
0 0.5609375 0.4046296296296296 0.019791666666666666 0.05555555555555555
0 0.7059895833333333 0.8532407407407407 0.028385416666666666 0.038425925925925926
0 0.3697916666666667 0.762962962962963 0.019010416666666665 0.028703703703703703
0 0.38333333333333336 0.7587962962962963 0.018229166666666668 0.034722222222222224
0 0.22890625 0.674074074074074 0.06067708333333333 0.08055555555555556
0 0.20338541666666668 0.7393518518518518 0.05260416666666667 0.06018518518518518
0 0.28489583333333335 0.6560185185185186 0.06145833333333333 0.04398148148148148
0 0.27734375 0.6800925925925926 0.020572916666666666 0.029166666666666667
