0 0.73984375 0.8560185185185185 0.028125 0.04027777777777778
0 0.31171875 0.6615740740740741 0.061197916666666664 0.04027777777777778
0 0.38307291666666665 0.5953703703703703 0.03125 0.0375
0 0.11432291666666666 0.011111111111111112 0.021875 0.02175925925925926
0 0.23697916666666666 0.5773148148148148 0.019270833333333334 0.05277777777777778
0 0.15234375 0.040740740740740744 0.029166666666666667 0.03935185185185185
0 0.646875 0.7263888888888889 0.024479166666666666 0.052314814814814814
0 0.5416666666666666 0.48564814814814816 0.025260416666666667 0.04490740740740741
0 0.2526041666666667 0.6652777777777777 0.058333333333333334 0.09259259259259259
0 0.75 0.8342592592592593 0.05130208333333333 0.1125
0 0.6270833333333333 0.6648148148148149 0.022395833333333334 0.044444444444444446
0 0.5408854166666667 0.625 0.01875 0.031018518518518518
0 0.36302083333333335 0.5097222222222222 0.0265625 0.05277777777777778
0 0.3932291666666667 0.4356481481481482 0.020052083333333335 0.04027777777777778
0 0.22708333333333333 0.7398148148148148 0.05078125 0.050462962962962966
0 0.012760416666666666 0.44675925925925924 0.027083333333333334 0.05138888888888889
0 0.30494791666666665 0.44537037037037036 0.0375 0.06342592592592593
0 0.59296875 0.5092592592592593 0.018489583333333334 0.03564814814814815
0 0.2596354166666667 0.6259259259259259 0.020572916666666666 0.046296296296296294
0 0.23802083333333332 0.36064814814814816 0.04635416666666667 0.10694444444444444
0 0.3072916666666667 0.6814814814814815 0.017708333333333333 0.027314814814814816
0 0.22473958333333333 0.38055555555555554 0.020052083333333335 0.03564814814814815
0 0.23359375 0.3375 0.025520833333333333 0.03657407407407407
0 0.24973958333333332 0.32175925925925924 0.01640625 0.034722222222222224
0 0.24166666666666667 0.39814814814814814 0.01953125 0.0412037037037037
0 0.36302083333333335 0.44907407407407407 0.0203125 0.02962962962962963
0 0.33697916666666666 0.412962962962963 0.011458333333333333 0.03009259259259259
0 0.34348958333333335 0.3472222222222222 0.020572916666666666 0.022222222222222223
0 0.35052083333333334 0.37175925925925923 0.019270833333333334 0.03518518518518519
0 0.35 0.38981481481481484 0.03229166666666667 0.1162037037037037
0 0.48203125 0.4949074074074074 0.015625 0.027314814814814816
0 0.48515625 0.48148148148148145 0.012760416666666666 0.027777777777777776
0 0.5645833333333333 0.37962962962962965 0.02109375 0.03287037037037037
0 0.5880208333333333 0.4060185185185185 0.022135416666666668 0.04490740740740741
0 0.6611979166666667 0.7388888888888889 0.02578125 0.03425925925925926
0 0.396875 0.7708333333333334 0.014583333333333334 0.030555555555555555
0 0.4041666666666667 0.7587962962962963 0.018489583333333334 0.03333333333333333
