0 0.22630208333333332 0.3490740740740741 0.040625 0.05416666666666667
0 0.18489583333333334 0.4166666666666667 0.0484375 0.050462962962962966
0 0.23671875 0.4287037037037037 0.041666666666666664 0.0412037037037037
0 0.2981770833333333 0.4791666666666667 0.0390625 0.0712962962962963
0 0.22708333333333333 0.5402777777777777 0.030208333333333334 0.05
0 0.2609375 0.55 0.0328125 0.03611111111111111
0 0.26979166666666665 0.7805555555555556 0.04192708333333333 0.05185185185185185
0 0.40286458333333336 0.9268518518518518 0.05390625 0.07962962962962963
0 0.4041666666666667 0.9254629629629629 0.030729166666666665 0.04212962962962963
0 0.3375 0.6 0.02734375 0.05787037037037037
0 0.37838541666666664 0.49583333333333335 0.022395833333333334 0.05092592592592592
0 0.40598958333333335 0.49675925925925923 0.031510416666666666 0.0712962962962963
0 0.48802083333333335 0.41944444444444445 0.0640625 0.10787037037037037
0 0.39453125 0.38333333333333336 0.028645833333333332 0.04953703703703704
0 0.38515625 0.37222222222222223 0.03203125 0.04027777777777778
0 0.3203125 0.3675925925925926 0.021875 0.05787037037037037
0 0.40625 0.24722222222222223 0.04609375 0.09537037037037037
0 0.44869791666666664 0.24814814814814815 0.028645833333333332 0.06574074074074074
0 0.48098958333333336 0.32407407407407407 0.03854166666666667 0.07268518518518519
0 0.60703125 0.375 0.0296875 0.12407407407407407
0 0.6075520833333333 0.36203703703703705 0.0203125 0.04351851851851852
0 0.6026041666666667 0.41203703703703703 0.025 0.04675925925925926
0 0.6421875 0.2671296296296296 0.03984375 0.07268518518518519
