0 0.09036458333333333 0.32685185185185184 0.017708333333333333 0.03657407407407407
0 0.5783854166666667 0.8384259259259259 0.05182291666666667 0.11527777777777778
0 0.20078125 0.43148148148148147 0.046875 0.11574074074074074
0 0.17473958333333334 0.736574074074074 0.0609375 0.0837962962962963
0 0.31692708333333336 0.6712962962962963 0.033854166666666664 0.03935185185185185
0 0.521875 0.7731481481481481 0.024479166666666666 0.04861111111111111
0 0.20364583333333333 0.5365740740740741 0.027864583333333335 0.05138888888888889
0 0.48671875 0.5027777777777778 0.018229166666666668 0.03425925925925926
0 0.5559895833333334 0.8032407407407407 0.023958333333333335 0.04537037037037037
0 0.033854166666666664 0.02546296296296296 0.03229166666666667 0.040740740740740744
0 0.13723958333333333 0.6199074074074075 0.027864583333333335 0.049074074074074076
0 0.2981770833333333 0.3212962962962963 0.024479166666666666 0.04537037037037037
0 0.36875 0.48935185185185187 0.025 0.0412037037037037
0 0.0625 0.062037037037037036 0.027604166666666666 0.04675925925925926
0 0.23776041666666667 0.7111111111111111 0.025 0.040740740740740744
0 0.26979166666666665 0.7032407407407407 0.021614583333333333 0.03148148148148148
0 0.44244791666666666 0.3449074074074074 0.023958333333333335 0.06574074074074074
0 0.46145833333333336 0.3675925925925926 0.0203125 0.03981481481481482
0 0.2752604166666667 0.7550925925925925 0.0265625 0.043055555555555555
0 0.425 0.6592592592592592 0.018229166666666668 0.03194444444444444
0 0.47265625 0.6509259259259259 0.01875 0.03425925925925926
0 0.421875 0.449537037037037 0.030729166666666665 0.041666666666666664
0 0.29921875 0.37083333333333335 0.022916666666666665 0.04722222222222222
0 0.5809895833333333 0.8018518518518518 0.017447916666666667 0.03148148148148148
0 0.3453125 0.4773148148148148 0.0328125 0.04259259259259259
0 0.09505208333333333 0.37222222222222223 0.04479166666666667 0.12824074074074074
0 0.08411458333333334 0.39537037037037037 0.011979166666666667 0.02638888888888889
0 0.20286458333333332 0.43657407407407406 0.023697916666666666 0.03425925925925926
0 0.19427083333333334 0.4 0.01484375 0.03287037037037037
0 0.18489583333333334 0.4925925925925926 0.0140625 0.038425925925925926
0 0.19557291666666668 0.4671296296296296 0.024479166666666666 0.02824074074074074
0 0.15651041666666668 0.7476851851851852 0.019791666666666666 0.038425925925925926
0 0.12526041666666668 0.7305555555555555 0.03229166666666667 0.09351851851851851
0 0.17760416666666667 0.6787037037037037 0.05651041666666667 0.06342592592592593
0 0.14947916666666666 0.6842592592592592 0.02265625 0.0375
