0 0.6380208333333334 0.8462962962962963 0.01953125 0.03148148148148148
0 0.2825520833333333 0.4703703703703704 0.021875 0.05462962962962963
0 0.4627604166666667 0.6273148148148148 0.023697916666666666 0.03935185185185185
0 0.32057291666666665 0.3592592592592593 0.025260416666666667 0.05648148148148148
0 0.46796875 0.4671296296296296 0.02265625 0.04027777777777778
0 0.5395833333333333 0.6537037037037037 0.01875 0.05138888888888889
0 0.5161458333333333 0.49722222222222223 0.02578125 0.047685185185185185
0 0.0859375 0.03981481481481482 0.030989583333333334 0.04583333333333333
0 0.2625 0.4212962962962963 0.048177083333333336 0.11388888888888889
0 0.05546875 0.009722222222222222 0.027604166666666666 0.017592592592592594
0 0.6208333333333333 0.7916666666666666 0.0234375 0.043055555555555555
0 0.18411458333333333 0.6060185185185185 0.026302083333333334 0.055092592592592596
0 0.3294270833333333 0.6175925925925926 0.026302083333333334 0.03657407407407407
0 0.5979166666666667 0.7509259259259259 0.022916666666666665 0.0412037037037037
0 0.16510416666666666 0.32731481481481484 0.015885416666666666 0.038425925925925926
0 0.5052083333333334 0.4027777777777778 0.023958333333333335 0.04027777777777778
0 0.2559895833333333 0.45092592592592595 0.02421875 0.046296296296296294
0 0.18828125 0.43425925925925923 0.023697916666666666 0.044444444444444446
0 0.1546875 0.3638888888888889 0.044270833333333336 0.1162037037037037
0 0.14739583333333334 0.3824074074074074 0.02265625 0.028703703703703703
0 0.15494791666666666 0.3439814814814815 0.015364583333333333 0.0412037037037037
0 0.15911458333333334 0.6662037037037037 0.022135416666666668 0.03287037037037037
0 0.18880208333333334 0.687037037037037 0.05625 0.08981481481481482
0 0.23098958333333333 0.6643518518518519 0.054947916666666666 0.06527777777777778
0 0.221875 0.6800925925925926 0.017447916666666667 0.028703703703703703
0 0.16197916666666667 0.7361111111111112 0.04739583333333333 0.07453703703703704
0 0.31875 0.7615740740740741 0.02109375 0.031018518518518518
0 0.3375 0.7564814814814815 0.019791666666666666 0.027314814814814816
0 0.309375 0.47962962962962963 0.024479166666666666 0.03287037037037037
0 0.40078125 0.4828703703703704 0.0171875 0.034722222222222224
0 0.41380208333333335 0.475462962962963 0.015364583333333333 0.030555555555555555
0 0.49192708333333335 0.3675925925925926 0.017708333333333333 0.022222222222222223
0 0.6479166666666667 0.8347222222222223 0.053125 0.11203703703703703
