0 0.09765625 0.3435185185185185 0.027083333333333334 0.04027777777777778
0 0.20286458333333332 0.39351851851851855 0.0203125 0.0375
0 0.21796875 0.5212962962962963 0.0265625 0.047685185185185185
0 0.4276041666666667 0.45 0.025520833333333333 0.06296296296296296
0 0.4309895833333333 0.6509259259259259 0.0171875 0.024537037037037038
0 0.4825520833333333 0.49722222222222223 0.032552083333333336 0.06620370370370371
0 0.2994791666666667 0.3912037037037037 0.022395833333333334 0.047685185185185185
0 0.5552083333333333 0.8013888888888889 0.02265625 0.04722222222222222
0 0.30078125 0.31527777777777777 0.020052083333333335 0.03518518518518519
0 0.5369791666666667 0.7976851851851852 0.023958333333333335 0.04861111111111111
0 0.2520833333333333 0.7263888888888889 0.021354166666666667 0.033796296296296297
0 0.02734375 0.024074074074074074 0.026302083333333334 0.043055555555555555
0 0.3065104166666667 0.6587962962962963 0.03046875 0.04212962962962963
0 0.590625 0.8407407407407408 0.06145833333333333 0.11064814814814815
0 0.20104166666666667 0.4546296296296296 0.019010416666666665 0.05555555555555555
0 0.4830729166666667 0.6564814814814814 0.015885416666666666 0.033796296296296297
0 0.45989583333333334 0.38472222222222224 0.026822916666666665 0.06342592592592593
0 0.059895833333333336 0.047685185185185185 0.031510416666666666 0.044444444444444446
0 0.28203125 0.7222222222222222 0.020052083333333335 0.03009259259259259
0 0.4510416666666667 0.3763888888888889 0.038802083333333334 0.09490740740740741
0 0.5830729166666667 0.7981481481481482 0.0171875 0.03657407407407407
0 0.37161458333333336 0.48148148148148145 0.025 0.04861111111111111
0 0.209375 0.42824074074074076 0.04765625 0.12129629629629629
0 0.17916666666666667 0.4759259259259259 0.01640625 0.04351851851851852
0 0.13932291666666666 0.6134259259259259 0.027604166666666666 0.05324074074074074
0 0.27369791666666665 0.7578703703703704 0.03307291666666667 0.03981481481481482
0 0.35104166666666664 0.47824074074074074 0.028385416666666666 0.049074074074074076
0 0.18567708333333333 0.674537037037037 0.058854166666666666 0.052314814814814814
0 0.1296875 0.7296296296296296 0.0328125 0.09490740740740741
0 0.14557291666666666 0.7310185185185185 0.017447916666666667 0.03888888888888889
0 0.16458333333333333 0.7240740740740741 0.06536458333333334 0.07268518518518519
0 0.15130208333333334 0.6768518518518518 0.027604166666666666 0.03425925925925926
0 0.10078125 0.3680555555555556 0.03203125 0.1310185185185185
0 0.09296875 0.3921296296296296 0.015104166666666667 0.028703703703703703
