0 0.18984375 0.325 0.020052083333333335 0.037037037037037035
0 0.66875 0.8490740740740741 0.0171875 0.03425925925925926
0 0.6356770833333333 0.7731481481481481 0.0234375 0.05925925925925926
0 0.20833333333333334 0.6064814814814815 0.026302083333333334 0.05277777777777778
0 0.34817708333333336 0.6106481481481482 0.01953125 0.03564814814814815
0 0.5388020833333333 0.5060185185185185 0.024739583333333332 0.055092592592592596
0 0.6098958333333333 0.7439814814814815 0.021614583333333333 0.04675925925925926
0 0.56796875 0.6555555555555556 0.016145833333333335 0.04212962962962963
0 0.10807291666666667 0.0412037037037037 0.026822916666666665 0.04027777777777778
0 0.07578125 0.010648148148148148 0.022395833333333334 0.01990740740740741
0 0.4895833333333333 0.475 0.025260416666666667 0.05185185185185185
0 0.19921875 0.4166666666666667 0.021614583333333333 0.047685185185185185
0 0.3458333333333333 0.7592592592592593 0.016927083333333332 0.024537037037037038
0 0.359375 0.7569444444444444 0.016927083333333332 0.025925925925925925
0 0.6815104166666667 0.8328703703703704 0.053385416666666664 0.11388888888888889
0 0.48203125 0.6236111111111111 0.021354166666666667 0.03194444444444444
0 0.3416666666666667 0.4013888888888889 0.026041666666666668 0.062037037037037036
0 0.2916666666666667 0.4115740740740741 0.0421875 0.12083333333333333
0 0.4296875 0.49074074074074076 0.0265625 0.04953703703703704
0 0.18098958333333334 0.36064814814814816 0.041666666666666664 0.12268518518518519
0 0.16979166666666667 0.3787037037037037 0.019010416666666665 0.02638888888888889
0 0.18255208333333334 0.3537037037037037 0.0203125 0.034722222222222224
0 0.17291666666666666 0.6504629629629629 0.026822916666666665 0.03333333333333333
0 0.2596354166666667 0.6597222222222222 0.059375 0.05416666666666667
0 0.25052083333333336 0.6800925925925926 0.023177083333333334 0.033796296296296297
0 0.20885416666666667 0.6824074074074075 0.05807291666666667 0.08101851851851852
0 0.18307291666666667 0.7384259259259259 0.051041666666666666 0.06666666666666667
0 0.3065104166666667 0.45787037037037037 0.022395833333333334 0.043055555555555555
0 0.2872395833333333 0.3990740740740741 0.0203125 0.033796296296296297
0 0.2791666666666667 0.3680555555555556 0.023697916666666666 0.02962962962962963
0 0.28072916666666664 0.4550925925925926 0.023958333333333335 0.04259259259259259
0 0.2713541666666667 0.4300925925925926 0.027604166666666666 0.03888888888888889
0 0.5138020833333333 0.3726851851851852 0.019791666666666666 0.03425925925925926
0 0.5338541666666666 0.39537037037037037 0.01953125 0.046296296296296294
