0 0.22734375 0.35185185185185186 0.040625 0.05416666666666667
0 0.18671875 0.41944444444444445 0.0484375 0.050462962962962966
0 0.24244791666666668 0.43194444444444446 0.041666666666666664 0.0412037037037037
0 0.2953125 0.4777777777777778 0.0390625 0.0712962962962963
0 0.2296875 0.5435185185185185 0.030208333333333334 0.05
0 0.26640625 0.5532407407407407 0.0328125 0.03611111111111111
0 0.2713541666666667 0.7800925925925926 0.03984375 0.04953703703703704
0 0.3859375 0.9601851851851851 0.05390625 0.07962962962962963
0 0.38776041666666666 0.9629629629629629 0.030729166666666665 0.04212962962962963
0 0.3380208333333333 0.6032407407407407 0.02734375 0.05787037037037037
0 0.3765625 0.5087962962962963 0.022395833333333334 0.05092592592592592
0 0.40182291666666664 0.5032407407407408 0.031510416666666666 0.0712962962962963
0 0.4875 0.41898148148148145 0.0640625 0.10787037037037037
0 0.39765625 0.3875 0.028645833333333332 0.04953703703703704
0 0.38203125 0.3763888888888889 0.03203125 0.04027777777777778
0 0.31979166666666664 0.37083333333333335 0.021875 0.05787037037037037
0 0.4041666666666667 0.24768518518518517 0.04609375 0.09537037037037037
0 0.44765625 0.25462962962962965 0.028645833333333332 0.06574074074074074
0 0.4796875 0.32314814814814813 0.03854166666666667 0.07268518518518519
0 0.60625 0.38935185185185184 0.0296875 0.12407407407407407
0 0.6072916666666667 0.37916666666666665 0.0203125 0.04351851851851852
0 0.59921875 0.42453703703703705 0.025 0.04675925925925926
0 0.6411458333333333 0.26990740740740743 0.03984375 0.07268518518518519
