0 0.28489583333333335 0.3148148148148148 0.0609375 0.09027777777777778
0 0.26119791666666664 0.6263888888888889 0.06276041666666667 0.08935185185185185
0 0.3296875 0.6527777777777778 0.05364583333333333 0.08425925925925926
0 0.81328125 0.8148148148148148 0.05859375 0.08842592592592592
0 0.24192708333333332 0.737037037037037 0.05859375 0.03981481481481482
0 0.5861979166666667 0.39444444444444443 0.024739583333333332 0.040740740740740744
0 0.3067708333333333 0.36342592592592593 0.021875 0.04814814814814815
0 0.19817708333333334 0.05138888888888889 0.030989583333333334 0.04537037037037037
0 0.55703125 0.6087962962962963 0.01796875 0.03425925925925926
0 0.010416666666666666 0.41805555555555557 0.022135416666666668 0.05324074074074074
0 0.584375 0.5018518518518519 0.022395833333333334 0.04259259259259259
0 0.66328125 0.6481481481481481 0.016666666666666666 0.033796296296296297
0 0.4375 0.7375 0.020052083333333335 0.02962962962962963
0 0.4244791666666667 0.7824074074074074 0.023697916666666666 0.03888888888888889
0 0.3106770833333333 0.487962962962963 0.024479166666666666 0.04212962962962963
0 0.6260416666666667 0.6708333333333333 0.017447916666666667 0.033796296296296297
0 0.33515625 0.6800925925925926 0.016927083333333332 0.030555555555555555
0 0.39921875 0.44305555555555554 0.01875 0.03657407407407407
0 0.39479166666666665 0.4046296296296296 0.02109375 0.05324074074074074
0 0.39166666666666666 0.5037037037037037 0.0234375 0.056018518518518516
0 0.6098958333333333 0.4078703703703704 0.025 0.040740740740740744
0 0.36875 0.3587962962962963 0.0515625 0.09444444444444444
0 0.36015625 0.5458333333333333 0.025260416666666667 0.05416666666666667
0 0.6682291666666667 0.6828703703703703 0.018489583333333334 0.03148148148148148
0 0.25755208333333335 0.5342592592592592 0.03046875 0.04351851851851852
0 0.39427083333333335 0.5537037037037037 0.020572916666666666 0.04722222222222222
0 0.41640625 0.7240740740740741 0.03333333333333333 0.03796296296296296
0 0.5057291666666667 0.5087962962962963 0.022395833333333334 0.055092592592592596
0 0.265625 0.586574074074074 0.020572916666666666 0.044444444444444446
0 0.6536458333333334 0.49953703703703706 0.04010416666666667 0.040740740740740744
0 0.80625 0.8333333333333334 0.02421875 0.031018518518518518
0 0.36770833333333336 0.32916666666666666 0.030208333333333334 0.03333333333333333
0 0.38828125 0.3597222222222222 0.025 0.03657407407407407
0 0.2953125 0.31805555555555554 0.019010416666666665 0.04675925925925926
0 0.2734375 0.2986111111111111 0.025260416666666667 0.04861111111111111
0 0.2598958333333333 0.28194444444444444 0.019010416666666665 0.0375
0 0.27005208333333336 0.35462962962962963 0.01953125 0.037037037037037035
