0 0.7895833333333333 0.8486111111111111 0.01875 0.03425925925925926
0 0.34088541666666666 0.6513888888888889 0.05651041666666667 0.07685185185185185
0 0.246875 0.7398148148148148 0.05963541666666667 0.04027777777777778
0 0.7966145833333333 0.8231481481481482 0.048177083333333336 0.12407407407407407
0 0.2669270833333333 0.6509259259259259 0.06015625 0.08287037037037037
0 0.6572916666666667 0.6648148148148149 0.015625 0.03518518518518519
0 0.5942708333333333 0.3851851851851852 0.023958333333333335 0.0412037037037037
0 0.3106770833333333 0.5254629629629629 0.024479166666666666 0.04861111111111111
0 0.37916666666666665 0.41944444444444445 0.01796875 0.05092592592592592
0 0.28489583333333335 0.47824074074074074 0.028645833333333332 0.04953703703703704
0 0.28020833333333334 0.3212962962962963 0.06875 0.056018518518518516
0 0.5809895833333333 0.4930555555555556 0.024739583333333332 0.033796296296296297
0 0.5671875 0.6240740740740741 0.016666666666666666 0.03425925925925926
0 0.41328125 0.3402777777777778 0.034375 0.05277777777777778
0 0.3888020833333333 0.5291666666666667 0.02265625 0.04027777777777778
0 0.39375 0.3162037037037037 0.026041666666666668 0.050462962962962966
0 0.43255208333333334 0.737037037037037 0.019270833333333334 0.03148148148148148
0 0.26796875 0.3453703703703704 0.025 0.04027777777777778
0 0.39453125 0.42916666666666664 0.021354166666666667 0.04953703703703704
0 0.6205729166666667 0.41388888888888886 0.023697916666666666 0.04583333333333333
0 0.2864583333333333 0.5967592592592592 0.030208333333333334 0.052314814814814814
0 0.18307291666666667 0.03425925925925926 0.027604166666666666 0.044444444444444446
0 0.38046875 0.575925925925926 0.025260416666666667 0.0412037037037037
0 0.6354166666666666 0.5055555555555555 0.036458333333333336 0.038425925925925926
0 0.027083333333333334 0.4375 0.03828125 0.04861111111111111
0 0.3765625 0.3680555555555556 0.052083333333333336 0.11018518518518519
0 0.2765625 0.27685185185185185 0.018229166666666668 0.03657407407407407
0 0.29609375 0.287962962962963 0.020572916666666666 0.043055555555555555
0 0.33541666666666664 0.6726851851851852 0.02265625 0.0375
0 0.42734375 0.7643518518518518 0.013802083333333333 0.027314814814814816
0 0.4015625 0.4925925925925926 0.019791666666666666 0.02962962962962963
0 0.5104166666666666 0.5087962962962963 0.015625 0.023148148148148147
0 0.5114583333333333 0.4837962962962963 0.016145833333333335 0.03611111111111111
0 0.6578125 0.7106481481481481 0.0109375 0.03194444444444444
0 0.6674479166666667 0.700462962962963 0.012239583333333333 0.027777777777777776
