0 0.8153645833333333 0.8138888888888889 0.021354166666666667 0.031018518518518518
0 0.26015625 0.624537037037037 0.06302083333333333 0.0912037037037037
0 0.2903645833333333 0.32685185185185184 0.051041666666666666 0.09074074074074075
0 0.24322916666666666 0.7324074074074074 0.05286458333333333 0.05277777777777778
0 0.8177083333333334 0.8037037037037037 0.084375 0.07777777777777778
0 0.60703125 0.40879629629629627 0.022395833333333334 0.04259259259259259
0 0.5869791666666667 0.4949074074074074 0.02109375 0.04537037037037037
0 0.39375 0.5212962962962963 0.023177083333333334 0.050462962962962966
0 0.39817708333333335 0.40324074074074073 0.024479166666666666 0.056018518518518516
0 0.20260416666666667 0.06388888888888888 0.030989583333333334 0.041666666666666664
0 0.42291666666666666 0.7819444444444444 0.020572916666666666 0.04398148148148148
0 0.3958333333333333 0.5541666666666667 0.023697916666666666 0.05277777777777778
0 0.6609375 0.4935185185185185 0.03229166666666667 0.03425925925925926
0 0.32786458333333335 0.662962962962963 0.0578125 0.0787037037037037
0 0.41692708333333334 0.7152777777777778 0.01953125 0.027777777777777776
0 0.6153645833333333 0.6643518518518519 0.028385416666666666 0.041666666666666664
0 0.3067708333333333 0.4675925925925926 0.029166666666666667 0.03611111111111111
0 0.409375 0.4537037037037037 0.022395833333333334 0.03518518518518519
0 0.6690104166666667 0.6787037037037037 0.019270833333333334 0.02962962962962963
0 0.35494791666666664 0.5342592592592592 0.029166666666666667 0.04537037037037037
0 0.434375 0.7296296296296296 0.0171875 0.027314814814814816
0 0.32057291666666665 0.3763888888888889 0.02109375 0.05
0 0.55234375 0.6087962962962963 0.020572916666666666 0.032407407407407406
0 0.6625 0.6416666666666667 0.016666666666666666 0.032407407407407406
0 0.5786458333333333 0.399537037037037 0.023697916666666666 0.03935185185185185
0 0.24661458333333333 0.5416666666666666 0.031510416666666666 0.046296296296296294
0 0.49895833333333334 0.5152777777777777 0.017708333333333333 0.040740740740740744
0 0.37083333333333335 0.3592592592592593 0.05572916666666667 0.10046296296296296
0 0.2625 0.5898148148148148 0.01796875 0.04027777777777778
0 0.2955729166666667 0.32546296296296295 0.017708333333333333 0.04814814814814815
0 0.27838541666666666 0.33935185185185185 0.02109375 0.030555555555555555
0 0.27109375 0.3023148148148148 0.023958333333333335 0.041666666666666664
0 0.38776041666666666 0.3574074074074074 0.01484375 0.03148148148148148
0 0.3567708333333333 0.3351851851851852 0.030208333333333334 0.03009259259259259
0 0.51015625 0.49074074074074076 0.014322916666666666 0.03287037037037037
0 0.33359375 0.6847222222222222 0.019791666666666666 0.03009259259259259
