0 0.8291666666666667 0.7870370370370371 0.022395833333333334 0.02638888888888889
0 0.26848958333333334 0.3300925925925926 0.026041666666666668 0.05092592592592592
0 0.22395833333333334 0.5824074074074074 0.027083333333333334 0.056018518518518516
0 0.50234375 0.611574074074074 0.023177083333333334 0.031018518518518518
0 0.3484375 0.46296296296296297 0.038802083333333334 0.06574074074074074
0 0.37994791666666666 0.38981481481481484 0.024479166666666666 0.052314814814814814
0 0.19322916666666667 0.5555555555555556 0.03359375 0.0587962962962963
0 0.5614583333333333 0.6143518518518518 0.034375 0.043055555555555555
0 0.6338541666666667 0.6337962962962963 0.01484375 0.037037037037037035
0 0.19244791666666666 0.07685185185185185 0.032552083333333336 0.041666666666666664
0 0.6408854166666667 0.48055555555555557 0.026302083333333334 0.0587962962962963
0 0.6364583333333333 0.663425925925926 0.018229166666666668 0.030555555555555555
0 0.5598958333333334 0.4740740740740741 0.021354166666666667 0.04953703703703704
0 0.39140625 0.6944444444444444 0.019270833333333334 0.02824074074074074
0 0.46875 0.5180555555555556 0.03125 0.06157407407407407
0 0.37916666666666665 0.7152777777777778 0.02109375 0.030555555555555555
0 0.4010416666666667 0.47685185185185186 0.02109375 0.03333333333333333
0 0.82421875 0.7800925925925926 0.07630208333333334 0.04675925925925926
0 0.32760416666666664 0.3990740740740741 0.028125 0.05092592592592592
0 0.39895833333333336 0.7587962962962963 0.01953125 0.027777777777777776
0 0.24401041666666667 0.6263888888888889 0.06380208333333333 0.059722222222222225
0 0.2559895833333333 0.3162037037037037 0.05364583333333333 0.1050925925925926
0 0.5546875 0.3902777777777778 0.029947916666666668 0.04583333333333333
0 0.31875 0.49074074074074076 0.03046875 0.040740740740740744
0 0.26328125 0.3800925925925926 0.025520833333333333 0.04814814814814815
0 0.35390625 0.5217592592592593 0.026822916666666665 0.04537037037037037
0 0.32395833333333335 0.3425925925925926 0.06432291666666666 0.07962962962962963
0 0.47604166666666664 0.49074074074074076 0.01875 0.03564814814814815
0 0.3463541666666667 0.33796296296296297 0.013541666666666667 0.024537037037037038
0 0.3151041666666667 0.33101851851851855 0.027083333333333334 0.02962962962962963
0 0.3065104166666667 0.6694444444444444 0.0140625 0.031018518518518518
0 0.2986979166666667 0.649537037037037 0.04869791666666667 0.07361111111111111
0 0.2109375 0.7263888888888889 0.04791666666666667 0.07222222222222222
