0 0.33567708333333335 0.649537037037037 0.057291666666666664 0.08148148148148149
0 0.8010416666666667 0.825 0.04869791666666667 0.1175925925925926
0 0.26640625 0.6370370370370371 0.059375 0.08287037037037037
0 0.6453125 0.5037037037037037 0.03697916666666667 0.04490740740740741
0 0.38619791666666664 0.42916666666666664 0.023697916666666666 0.04861111111111111
0 0.6161458333333333 0.41435185185185186 0.024739583333333332 0.05324074074074074
0 0.3723958333333333 0.5652777777777778 0.019270833333333334 0.03888888888888889
0 0.275 0.5037037037037037 0.024479166666666666 0.05787037037037037
0 0.2635416666666667 0.4023148148148148 0.019010416666666665 0.04027777777777778
0 0.18411458333333333 0.03935185185185185 0.027864583333333335 0.046296296296296294
0 0.42421875 0.7703703703703704 0.02109375 0.03148148148148148
0 0.4283854166666667 0.7300925925925926 0.03125 0.03796296296296296
0 0.38776041666666666 0.5356481481481481 0.01875 0.04398148148148148
0 0.28098958333333335 0.34675925925925927 0.022395833333333334 0.047685185185185185
0 0.3145833333333333 0.5106481481481482 0.02578125 0.041666666666666664
0 0.2825520833333333 0.5856481481481481 0.026041666666666668 0.04722222222222222
0 0.5640625 0.6231481481481481 0.01640625 0.03518518518518519
0 0.5783854166666667 0.4976851851851852 0.023697916666666666 0.030555555555555555
0 0.24583333333333332 0.7384259259259259 0.06145833333333333 0.03981481481481482
0 0.66015625 0.6587962962962963 0.018229166666666668 0.033796296296296297
0 0.5088541666666667 0.5018518518518519 0.023177083333333334 0.050462962962962966
0 0.403125 0.3263888888888889 0.0203125 0.046296296296296294
0 0.39791666666666664 0.5 0.0203125 0.04398148148148148
0 0.4002604166666667 0.4222222222222222 0.020052083333333335 0.05648148148148148
0 0.6466145833333333 0.6944444444444444 0.014322916666666666 0.038425925925925926
0 0.01953125 0.43842592592592594 0.03411458333333333 0.0587962962962963
0 0.28671875 0.32314814814814813 0.06588541666666667 0.06805555555555555
0 0.58984375 0.37916666666666665 0.023958333333333335 0.04537037037037037
0 0.37473958333333335 0.36018518518518516 0.04609375 0.10787037037037037
0 0.2986979166666667 0.28703703703703703 0.025 0.043055555555555555
0 0.28151041666666665 0.2722222222222222 0.021614583333333333 0.03333333333333333
0 0.2520833333333333 0.262037037037037 0.022135416666666668 0.03657407407407407
0 0.33645833333333336 0.6800925925925926 0.0203125 0.02962962962962963
0 0.37734375 0.324537037037037 0.02578125 0.033796296296296297
0 0.6666666666666666 0.6856481481481481 0.015625 0.024074074074074074
0 0.7963541666666667 0.85 0.022395833333333334 0.03611111111111111
