0 0.7940104166666667 0.8240740740740741 0.05 0.12268518518518519
0 0.2520833333333333 0.7416666666666667 0.05677083333333333 0.040740740740740744
0 0.5955729166666667 0.38935185185185184 0.028645833333333332 0.05
0 0.38776041666666666 0.33101851851851855 0.029166666666666667 0.04861111111111111
0 0.17916666666666667 0.03194444444444444 0.028385416666666666 0.04814814814814815
0 0.38697916666666665 0.5171296296296296 0.02578125 0.04814814814814815
0 0.2875 0.6092592592592593 0.027604166666666666 0.056018518518518516
0 0.303125 0.46435185185185185 0.029947916666666668 0.04583333333333333
0 0.37890625 0.3773148148148148 0.051041666666666666 0.11712962962962963
0 0.2669270833333333 0.43194444444444446 0.026822916666666665 0.04259259259259259
0 0.34036458333333336 0.6814814814814815 0.020572916666666666 0.028703703703703703
0 0.6205729166666667 0.40879629629629627 0.025520833333333333 0.05462962962962963
0 0.4083333333333333 0.47962962962962963 0.02578125 0.049074074074074076
0 0.6309895833333333 0.5120370370370371 0.024739583333333332 0.052314814814814814
0 0.3921875 0.43657407407407406 0.02109375 0.053703703703703705
0 0.296875 0.5402777777777777 0.027864583333333335 0.04675925925925926
0 0.6575520833333334 0.6685185185185185 0.016145833333333335 0.03518518518518519
0 0.5817708333333333 0.49444444444444446 0.021875 0.03518518518518519
0 0.3421875 0.6550925925925926 0.06744791666666666 0.06018518518518518
0 0.03359375 0.4486111111111111 0.040364583333333336 0.044444444444444446
0 0.57109375 0.6203703703703703 0.015104166666666667 0.0375
0 0.3966145833333333 0.5810185185185185 0.021875 0.03611111111111111
0 0.2734375 0.6587962962962963 0.06588541666666667 0.09074074074074075
0 0.27005208333333336 0.30787037037037035 0.06614583333333333 0.06898148148148148
0 0.26328125 0.30324074074074076 0.015364583333333333 0.03935185185185185
0 0.27421875 0.300462962962963 0.016145833333333335 0.02962962962962963
0 0.2903645833333333 0.29305555555555557 0.020833333333333332 0.031018518518518518
0 0.26328125 0.3523148148148148 0.026822916666666665 0.05
0 0.42552083333333335 0.7597222222222222 0.013541666666666667 0.03518518518518519
0 0.4348958333333333 0.7430555555555556 0.018229166666666668 0.027314814814814816
0 0.43307291666666664 0.7537037037037037 0.01875 0.04398148148148148
0 0.37161458333333336 0.4041666666666667 0.01953125 0.031018518518518518
0 0.40963541666666664 0.3282407407407407 0.022135416666666668 0.04259259259259259
0 0.5098958333333333 0.5115740740740741 0.0203125 0.03333333333333333
0 0.5169270833333334 0.4847222222222222 0.017708333333333333 0.033796296296296297
0 0.6682291666666667 0.7199074074074074 0.019270833333333334 0.04675925925925926
0 0.7848958333333333 0.8546296296296296 0.02109375 0.04675925925925926
