0 0.3372395833333333 0.6546296296296297 0.06145833333333333 0.04675925925925926
0 0.1734375 0.037037037037037035 0.027864583333333335 0.044444444444444446
0 0.39765625 0.5944444444444444 0.028385416666666666 0.03657407407407407
0 0.38359375 0.5166666666666667 0.022916666666666665 0.046296296296296294
0 0.571875 0.487962962962963 0.0203125 0.04259259259259259
0 0.37421875 0.3787037037037037 0.045572916666666664 0.11898148148148148
0 0.28125 0.5513888888888889 0.020833333333333332 0.03796296296296296
0 0.39010416666666664 0.44583333333333336 0.023958333333333335 0.060648148148148145
0 0.26458333333333334 0.36157407407407405 0.05572916666666667 0.1050925925925926
0 0.33359375 0.6796296296296296 0.020052083333333335 0.027777777777777776
0 0.5684895833333333 0.6199074074074075 0.017447916666666667 0.03009259259259259
0 0.24869791666666666 0.7384259259259259 0.05364583333333333 0.046296296296296294
0 0.13984375 0.008796296296296297 0.022135416666666668 0.01712962962962963
0 0.7841145833333333 0.8291666666666667 0.052083333333333336 0.12129629629629629
0 0.6536458333333334 0.6680555555555555 0.015625 0.03611111111111111
0 0.6205729166666667 0.5101851851851852 0.021614583333333333 0.05092592592592592
0 0.03619791666666667 0.45231481481481484 0.033854166666666664 0.04490740740740741
0 0.41432291666666665 0.46620370370370373 0.025 0.05324074074074074
0 0.2752604166666667 0.6657407407407407 0.059895833333333336 0.09398148148148149
0 0.26614583333333336 0.3851851851851852 0.013020833333333334 0.031018518518518518
0 0.259375 0.4064814814814815 0.024739583333333332 0.03981481481481482
0 0.2625 0.32222222222222224 0.026302083333333334 0.03981481481481482
0 0.28125 0.32037037037037036 0.019791666666666666 0.028703703703703703
0 0.31666666666666665 0.45092592592592595 0.029427083333333333 0.047685185185185185
0 0.28541666666666665 0.6212962962962963 0.016927083333333332 0.0375
0 0.42213541666666665 0.7722222222222223 0.013802083333333333 0.027314814814814816
0 0.4315104166666667 0.7532407407407408 0.0203125 0.02824074074074074
0 0.36432291666666666 0.40185185185185185 0.015104166666666667 0.02824074074074074
0 0.37942708333333336 0.3347222222222222 0.020572916666666666 0.041666666666666664
0 0.5059895833333333 0.5023148148148148 0.01875 0.030555555555555555
0 0.5138020833333333 0.47962962962962963 0.015625 0.031018518518518518
0 0.5908854166666667 0.38055555555555554 0.0171875 0.03564814814814815
0 0.6161458333333333 0.40925925925925927 0.017447916666666667 0.043055555555555555
0 0.6682291666666667 0.7111111111111111 0.022916666666666665 0.031018518518518518
0 0.6755208333333333 0.7333333333333333 0.016666666666666666 0.03564814814814815
0 0.7765625 0.8578703703703704 0.013541666666666667 0.05648148148148148
