0 0.29765625 0.5509259259259259 0.03046875 0.04861111111111111
0 0.5072916666666667 0.6 0.026041666666666668 0.05138888888888889
0 0.3421875 0.8342592592592593 0.019791666666666666 0.03194444444444444
0 0.36223958333333334 0.8074074074074075 0.01953125 0.027777777777777776
0 0.17395833333333333 0.37083333333333335 0.030729166666666665 0.037037037037037035
0 0.50546875 0.6856481481481481 0.02109375 0.034722222222222224
0 0.39817708333333335 0.8842592592592593 0.02578125 0.03796296296296296
0 0.39921875 0.7263888888888889 0.023177083333333334 0.03981481481481482
0 0.33645833333333336 0.6092592592592593 0.029947916666666668 0.050462962962962966
0 0.43020833333333336 0.7694444444444445 0.023177083333333334 0.02962962962962963
0 0.53828125 0.7157407407407408 0.027864583333333335 0.044444444444444446
0 0.5330729166666667 0.7810185185185186 0.04401041666666667 0.04351851851851852
0 0.5494791666666666 0.8421296296296297 0.03125 0.03935185185185185
0 0.3528645833333333 0.6861111111111111 0.027083333333333334 0.04398148148148148
0 0.4361979166666667 0.7587962962962963 0.02578125 0.03935185185185185
0 0.16510416666666666 0.9310185185185185 0.03463541666666667 0.08657407407407407
0 0.21796875 0.6041666666666666 0.029166666666666667 0.05
0 0.3455729166666667 0.925 0.023697916666666666 0.025925925925925925
0 0.19322916666666667 0.8393518518518519 0.06953125 0.037037037037037035
0 0.2526041666666667 0.8564814814814815 0.06041666666666667 0.03009259259259259
0 0.22552083333333334 0.8819444444444444 0.026041666666666668 0.030555555555555555
0 0.18046875 0.799537037037037 0.0234375 0.05
0 0.16015625 0.9060185185185186 0.013802083333333333 0.038425925925925926
0 0.46875 0.8166666666666667 0.027864583333333335 0.0375
0 0.45208333333333334 0.8467592592592592 0.0171875 0.027777777777777776
0 0.23463541666666668 0.5097222222222222 0.04791666666666667 0.10046296296296296
0 0.24270833333333333 0.5523148148148148 0.017447916666666667 0.02638888888888889
0 0.22421875 0.5064814814814815 0.01875 0.02962962962962963
0 0.2171875 0.4847222222222222 0.022916666666666665 0.047685185185185185
0 0.23697916666666666 0.47685185185185186 0.018229166666666668 0.03009259259259259
0 0.25833333333333336 0.5157407407407407 0.0265625 0.04259259259259259
0 0.28541666666666665 0.5560185185185185 0.055989583333333336 0.07824074074074074
0 0.29140625 0.5879629629629629 0.023177083333333334 0.029166666666666667
0 0.2760416666666667 0.5388888888888889 0.012239583333333333 0.03425925925925926
