0 0.315625 0.30185185185185187 0.028645833333333332 0.03888888888888889
0 0.8177083333333334 0.7310185185185185 0.024479166666666666 0.03194444444444444
0 0.5322916666666667 0.3449074074074074 0.0265625 0.04953703703703704
0 0.6138020833333333 0.6157407407407407 0.01328125 0.028703703703703703
0 0.31875 0.362962962962963 0.018229166666666668 0.03518518518518519
0 0.6252604166666667 0.43796296296296294 0.019010416666666665 0.046296296296296294
0 0.5359375 0.5555555555555556 0.02734375 0.04398148148148148
0 0.1703125 0.5226851851851851 0.030208333333333334 0.07453703703703704
0 0.17708333333333334 0.040740740740740744 0.022135416666666668 0.037037037037037035
0 0.53359375 0.4236111111111111 0.0203125 0.04398148148148148
0 0.44973958333333336 0.47314814814814815 0.026302083333333334 0.056018518518518516
0 0.3807291666666667 0.43842592592592594 0.01953125 0.033796296296296297
0 0.3125 0.43657407407407406 0.0265625 0.04490740740740741
0 0.378125 0.7087962962962963 0.01875 0.03194444444444444
0 0.32526041666666666 0.45787037037037037 0.021614583333333333 0.046296296296296294
0 0.28411458333333334 0.6217592592592592 0.016145833333333335 0.03518518518518519
0 0.20286458333333332 0.5375 0.01796875 0.04675925925925926
0 0.31692708333333336 0.40324074074074073 0.024479166666666666 0.05416666666666667
0 0.2752604166666667 0.29583333333333334 0.019010416666666665 0.028703703703703703
0 0.4778645833333333 0.5625 0.023177083333333334 0.03333333333333333
0 0.22630208333333332 0.5787037037037037 0.06328125 0.05694444444444444
0 0.37578125 0.6268518518518519 0.02265625 0.029166666666666667
0 0.35885416666666664 0.6703703703703704 0.019010416666666665 0.031018518518518518
0 0.60703125 0.5842592592592593 0.020572916666666666 0.03148148148148148
0 0.30625 0.29953703703703705 0.06041666666666667 0.07731481481481481
0 0.190625 0.6754629629629629 0.045572916666666664 0.07777777777777778
0 0.2794270833333333 0.6027777777777777 0.0515625 0.0699074074074074
0 0.8192708333333333 0.7356481481481482 0.07526041666666666 0.059722222222222225
0 0.45755208333333336 0.4449074074074074 0.015625 0.028703703703703703
0 0.36276041666666664 0.3402777777777778 0.028645833333333332 0.044444444444444446
0 0.29270833333333335 0.2847222222222222 0.021875 0.03194444444444444
0 0.234375 0.23981481481481481 0.03411458333333333 0.052314814814814814
0 0.21953125 0.23842592592592593 0.01953125 0.028703703703703703
0 0.2296875 0.2759259259259259 0.013541666666666667 0.03194444444444444
0 0.23958333333333334 0.3037037037037037 0.017708333333333333 0.03009259259259259
0 0.24010416666666667 0.2712962962962963 0.047135416666666666 0.09259259259259259
