0 0.8880208333333334 0.8162037037037037 0.021354166666666667 0.05
0 0.35885416666666664 0.4351851851851852 0.02109375 0.032407407407407406
0 0.3606770833333333 0.6375 0.022916666666666665 0.02962962962962963
0 0.2953125 0.3449074074074074 0.020572916666666666 0.033796296296296297
0 0.35390625 0.5458333333333333 0.021354166666666667 0.034722222222222224
0 0.5255208333333333 0.31574074074074077 0.0203125 0.03518518518518519
0 0.3984375 0.538425925925926 0.023177083333333334 0.04212962962962963
0 0.5622395833333333 0.525 0.04375 0.05925925925925926
0 0.22161458333333334 0.3013888888888889 0.0234375 0.041666666666666664
0 0.16744791666666667 0.07083333333333333 0.028125 0.047685185185185185
0 0.34427083333333336 0.674074074074074 0.019791666666666666 0.029166666666666667
0 0.5791666666666667 0.4439814814814815 0.017708333333333333 0.03287037037037037
0 0.55546875 0.5828703703703704 0.030989583333333334 0.05324074074074074
0 0.33958333333333335 0.32222222222222224 0.027864583333333335 0.04398148148148148
0 0.24869791666666666 0.3226851851851852 0.019270833333333334 0.047685185185185185
0 0.24296875 0.6356481481481482 0.023697916666666666 0.04537037037037037
0 0.8809895833333333 0.8143518518518519 0.03828125 0.14166666666666666
0 0.5161458333333333 0.4166666666666667 0.01484375 0.03148148148148148
0 0.32447916666666665 0.4148148148148148 0.0234375 0.041666666666666664
0 0.18385416666666668 0.538425925925926 0.021354166666666667 0.041666666666666664
0 0.16171875 0.6097222222222223 0.021875 0.06342592592592593
0 0.44583333333333336 0.5513888888888889 0.029427083333333333 0.0412037037037037
0 0.5049479166666667 0.5481481481481482 0.031510416666666666 0.04675925925925926
0 0.4393229166666667 0.4981481481481482 0.011979166666666667 0.023148148148148147
0 0.4484375 0.48703703703703705 0.026041666666666668 0.032407407407407406
0 0.2598958333333333 0.5939814814814814 0.054427083333333334 0.0625
0 0.20911458333333333 0.5666666666666667 0.06953125 0.050462962962962966
0 0.1703125 0.6717592592592593 0.0421875 0.08657407407407407
0 0.2638020833333333 0.2972222222222222 0.014322916666666666 0.027777777777777776
0 0.30390625 0.28703703703703703 0.027083333333333334 0.03425925925925926
0 0.2799479166666667 0.27870370370370373 0.015625 0.03148148148148148
0 0.29322916666666665 0.3 0.058854166666666666 0.07592592592592592
0 0.23619791666666667 0.25601851851851853 0.0515625 0.0824074074074074
0 0.22421875 0.21435185185185185 0.015104166666666667 0.02638888888888889
0 0.21223958333333334 0.24027777777777778 0.01796875 0.03518518518518519
0 0.22369791666666666 0.26157407407407407 0.022395833333333334 0.03888888888888889
