0 0.19348958333333333 0.3351851851851852 0.023958333333333335 0.04398148148148148
0 0.48359375 0.7273148148148149 0.01796875 0.03148148148148148
0 0.3606770833333333 0.9152777777777777 0.02109375 0.03287037037037037
0 0.50234375 0.7712962962962963 0.024479166666666666 0.041666666666666664
0 0.31145833333333334 0.8009259259259259 0.021875 0.032407407407407406
0 0.34140625 0.6851851851851852 0.018229166666666668 0.03935185185185185
0 0.48880208333333336 0.6550925925925926 0.026822916666666665 0.05092592592592592
0 0.3265625 0.6087962962962963 0.026302083333333334 0.05185185185185185
0 0.4171875 0.8412037037037037 0.03177083333333333 0.03564814814814815
0 0.20390625 0.5828703703703704 0.03229166666666667 0.04861111111111111
0 0.5075520833333333 0.8935185185185185 0.028385416666666666 0.038425925925925926
0 0.41354166666666664 0.8694444444444445 0.028645833333333332 0.03518518518518519
0 0.3033854166666667 0.9 0.022135416666666668 0.027777777777777776
0 0.49375 0.825462962962963 0.02578125 0.037037037037037035
0 0.33307291666666666 0.8097222222222222 0.01953125 0.027314814814814816
0 0.38567708333333334 0.7379629629629629 0.024739583333333332 0.04675925925925926
0 0.23645833333333333 0.46805555555555556 0.03828125 0.10833333333333334
0 0.22578125 0.4263888888888889 0.015885416666666666 0.027777777777777776
0 0.22421875 0.46064814814814814 0.019010416666666665 0.03287037037037037
0 0.24296875 0.4449074074074074 0.01953125 0.026851851851851852
0 0.23932291666666666 0.5106481481481482 0.01328125 0.03148148148148148
0 0.24791666666666667 0.48148148148148145 0.018229166666666668 0.03009259259259259
0 0.27239583333333334 0.5078703703703704 0.018229166666666668 0.049074074074074076
0 0.2825520833333333 0.5263888888888889 0.05026041666666667 0.09074074074074075
0 0.29661458333333335 0.524537037037037 0.02109375 0.028703703703703703
0 0.27578125 0.5560185185185185 0.0140625 0.031018518518518518
0 0.15260416666666668 0.737037037037037 0.021875 0.04259259259259259
0 0.184375 0.8291666666666667 0.01640625 0.029166666666666667
0 0.215625 0.8189814814814815 0.06067708333333333 0.04398148148148148
0 0.16119791666666666 0.7837962962962963 0.06979166666666667 0.04722222222222222
0 0.13333333333333333 0.8717592592592592 0.03958333333333333 0.0962962962962963
0 0.12786458333333334 0.8532407407407407 0.026302083333333334 0.03611111111111111
0 0.4005208333333333 0.7912037037037037 0.016145833333333335 0.026851851851851852
0 0.41302083333333334 0.7768518518518519 0.011197916666666667 0.03009259259259259
