0 0.38515625 0.6152777777777778 0.0203125 0.03564814814814815
0 0.4002604166666667 0.7587962962962963 0.023958333333333335 0.04861111111111111
0 0.21484375 0.48935185185185187 0.02265625 0.043055555555555555
0 0.51015625 0.5842592592592593 0.020052083333333335 0.037037037037037035
0 0.3411458333333333 0.5907407407407408 0.018489583333333334 0.03796296296296296
0 0.34739583333333335 0.836574074074074 0.023958333333333335 0.027314814814814816
0 0.5169270833333334 0.49583333333333335 0.027083333333333334 0.05092592592592592
0 0.3455729166666667 0.7666666666666667 0.021354166666666667 0.032407407407407406
0 0.54765625 0.6148148148148148 0.016666666666666666 0.05416666666666667
0 0.45390625 0.7379629629629629 0.028645833333333332 0.04212962962962963
0 0.5518229166666667 0.7444444444444445 0.03177083333333333 0.04212962962962963
0 0.3580729166666667 0.7171296296296297 0.019010416666666665 0.03194444444444444
0 0.17083333333333334 0.25972222222222224 0.024479166666666666 0.04537037037037037
0 0.23359375 0.7925925925925926 0.0234375 0.03425925925925926
0 0.5450520833333333 0.6819444444444445 0.03229166666666667 0.04490740740740741
0 0.18333333333333332 0.7111111111111111 0.022395833333333334 0.055092592592592596
0 0.48463541666666665 0.7111111111111111 0.028385416666666666 0.03564814814814815
0 0.43255208333333334 0.6638888888888889 0.019791666666666666 0.031018518518518518
0 0.44453125 0.649074074074074 0.013020833333333334 0.02638888888888889
0 0.19635416666666666 0.7384259259259259 0.07421875 0.044444444444444446
0 0.25286458333333334 0.7597222222222222 0.05963541666666667 0.04675925925925926
0 0.16614583333333333 0.8356481481481481 0.034895833333333334 0.09259259259259259
0 0.16119791666666666 0.8060185185185185 0.01953125 0.04953703703703704
0 0.22005208333333334 0.4212962962962963 0.015104166666666667 0.024074074074074074
0 0.2140625 0.39444444444444443 0.013020833333333334 0.03194444444444444
0 0.22994791666666667 0.38101851851851853 0.015625 0.03194444444444444
0 0.24557291666666667 0.46064814814814814 0.016145833333333335 0.024074074074074074
0 0.23776041666666667 0.4203703703703704 0.041666666666666664 0.0824074074074074
0 0.2578125 0.4273148148148148 0.016666666666666666 0.040740740740740744
0 0.28854166666666664 0.46296296296296297 0.062239583333333334 0.07314814814814814
0 0.27630208333333334 0.44722222222222224 0.014322916666666666 0.03148148148148148
0 0.29973958333333334 0.45416666666666666 0.030208333333333334 0.047685185185185185
0 0.29140625 0.4930555555555556 0.0203125 0.024074074074074074
0 0.3372395833333333 0.5078703703703704 0.019010416666666665 0.04027777777777778
