0 0.8630208333333333 0.6375 0.01875 0.038425925925925926
0 0.30755208333333334 0.17592592592592593 0.03333333333333333 0.06342592592592593
0 0.3346354166666667 0.28564814814814815 0.02109375 0.0412037037037037
0 0.4434895833333333 0.36064814814814816 0.025520833333333333 0.06342592592592593
0 0.5236979166666667 0.20277777777777778 0.02421875 0.04814814814814815
0 0.5973958333333333 0.31296296296296294 0.021875 0.04953703703703704
0 0.2765625 0.22962962962962963 0.027864583333333335 0.05092592592592592
0 0.5815104166666667 0.47685185185185186 0.014583333333333334 0.037037037037037035
0 0.34322916666666664 0.562962962962963 0.01796875 0.02824074074074074
0 0.1640625 0.4513888888888889 0.02421875 0.06574074074074074
0 0.3875 0.36157407407407405 0.020052083333333335 0.03287037037037037
0 0.5177083333333333 0.41759259259259257 0.024479166666666666 0.044444444444444446
0 0.4515625 0.4337962962962963 0.03125 0.03611111111111111
0 0.51875 0.2972222222222222 0.015364583333333333 0.03194444444444444
0 0.2981770833333333 0.18564814814814815 0.061197916666666664 0.09768518518518518
0 0.23046875 0.14305555555555555 0.03828125 0.10925925925925926
0 0.8557291666666667 0.6319444444444444 0.05677083333333333 0.12685185185185185
0 0.36875 0.5481481481481482 0.020833333333333332 0.03333333333333333
0 0.31145833333333334 0.2875 0.022395833333333334 0.055092592592592596
0 0.1890625 0.40555555555555556 0.025260416666666667 0.038425925925925926
0 0.25729166666666664 0.5069444444444444 0.020833333333333332 0.033796296296296297
0 0.3575520833333333 0.45092592592592595 0.024479166666666666 0.02824074074074074
0 0.5700520833333333 0.41898148148148145 0.025520833333333333 0.03981481481481482
0 0.2140625 0.4486111111111111 0.06796875 0.05092592592592592
0 0.30625 0.2569444444444444 0.026302083333333334 0.05787037037037037
0 0.28203125 0.2037037037037037 0.028125 0.034722222222222224
0 0.2828125 0.15555555555555556 0.022395833333333334 0.03194444444444444
0 0.3385416666666667 0.2013888888888889 0.03307291666666667 0.03518518518518519
0 0.22239583333333332 0.09027777777777778 0.0171875 0.033796296296296297
0 0.21510416666666668 0.1439814814814815 0.01484375 0.03194444444444444
0 0.2296875 0.1763888888888889 0.017447916666666667 0.03333333333333333
0 0.2 0.11018518518518519 0.021875 0.0375
0 0.26640625 0.4675925925925926 0.053385416666666664 0.06342592592592593
0 0.17447916666666666 0.5467592592592593 0.04348958333333333 0.0837962962962963
0 0.4484375 0.34675925925925927 0.014322916666666666 0.025
