0 0.37786458333333334 0.7532407407407408 0.027604166666666666 0.047685185185185185
0 0.32734375 0.6847222222222222 0.02109375 0.044444444444444446
0 0.44296875 0.8037037037037037 0.022395833333333334 0.031018518518518518
0 0.19270833333333334 0.49398148148148147 0.017708333333333333 0.033796296296296297
0 0.446875 0.8342592592592593 0.024739583333333332 0.03564814814814815
0 0.30442708333333335 0.42407407407407405 0.025520833333333333 0.041666666666666664
0 0.4903645833333333 0.6143518518518518 0.025260416666666667 0.043055555555555555
0 0.4515625 0.7032407407407407 0.024479166666666666 0.041666666666666664
0 0.3067708333333333 0.687037037037037 0.025520833333333333 0.04212962962962963
0 0.17057291666666666 0.42592592592592593 0.058333333333333334 0.07407407407407407
0 0.21484375 0.524074074074074 0.042708333333333334 0.09305555555555556
0 0.2526041666666667 0.3773148148148148 0.026041666666666668 0.04259259259259259
0 0.30364583333333334 0.85 0.027864583333333335 0.05462962962962963
0 0.38958333333333334 0.8060185185185185 0.02578125 0.03981481481481482
0 0.37942708333333336 0.5027777777777778 0.024479166666666666 0.04398148148148148
0 0.17760416666666667 0.3921296296296296 0.017447916666666667 0.03518518518518519
0 0.134375 0.524537037037037 0.040625 0.08611111111111111
0 0.13125 0.5050925925925925 0.024479166666666666 0.04814814814814815
0 0.35989583333333336 0.287962962962963 0.05 0.09768518518518518
0 0.3528645833333333 0.25601851851851853 0.016927083333333332 0.031018518518518518
0 0.3671875 0.27685185185185185 0.0203125 0.03194444444444444
0 0.353125 0.3050925925925926 0.019010416666666665 0.040740740740740744
0 0.3502604166666667 0.324537037037037 0.022395833333333334 0.03287037037037037
0 0.33229166666666665 0.21296296296296297 0.04921875 0.09722222222222222
0 0.3450520833333333 0.18055555555555555 0.016145833333333335 0.031018518518518518
0 0.3268229166666667 0.18425925925925926 0.01640625 0.024537037037037038
0 0.32473958333333336 0.20972222222222223 0.017708333333333333 0.02638888888888889
0 0.32265625 0.2375 0.019270833333333334 0.03888888888888889
0 0.3065104166666667 0.22962962962962963 0.01484375 0.03009259259259259
0 0.30390625 0.25 0.0109375 0.027777777777777776
0 0.47578125 0.6708333333333333 0.01484375 0.026851851851851852
0 0.49192708333333335 0.6833333333333333 0.012239583333333333 0.044444444444444446
0 0.3846354166666667 0.6546296296296297 0.018229166666666668 0.03611111111111111
0 0.38567708333333334 0.6787037037037037 0.017708333333333333 0.024074074074074074
0 0.3697916666666667 0.6768518518518518 0.01328125 0.03194444444444444
