0 0.11796875 0.5143518518518518 0.03307291666666667 0.07592592592592592
0 0.4432291666666667 0.7046296296296296 0.019010416666666665 0.03194444444444444
0 0.28854166666666664 0.6782407407407407 0.020572916666666666 0.03148148148148148
0 0.43046875 0.7953703703703704 0.017447916666666667 0.027777777777777776
0 0.37057291666666664 0.7949074074074074 0.016927083333333332 0.034722222222222224
0 0.4783854166666667 0.6138888888888889 0.025520833333333333 0.046296296296296294
0 0.37213541666666666 0.7291666666666666 0.019791666666666666 0.04675925925925926
0 0.31614583333333335 0.21203703703703702 0.05364583333333333 0.10787037037037037
0 0.2875 0.8314814814814815 0.022395833333333334 0.04861111111111111
0 0.35859375 0.5078703703703704 0.022916666666666665 0.0412037037037037
0 0.23229166666666667 0.37407407407407406 0.0265625 0.03564814814814815
0 0.2859375 0.46574074074074073 0.026041666666666668 0.040740740740740744
0 0.4317708333333333 0.8361111111111111 0.018229166666666668 0.03425925925925926
0 0.31328125 0.6699074074074074 0.019010416666666665 0.032407407407407406
0 0.11822916666666666 0.5097222222222222 0.018229166666666668 0.03888888888888889
0 0.16380208333333332 0.39814814814814814 0.030208333333333334 0.03009259259259259
0 0.1578125 0.42824074074074076 0.05859375 0.07314814814814814
0 0.2015625 0.5277777777777778 0.03802083333333333 0.0912037037037037
0 0.178125 0.4976851851851852 0.015625 0.03333333333333333
0 0.29322916666666665 0.24166666666666667 0.016927083333333332 0.024074074074074074
0 0.2986979166666667 0.2638888888888889 0.016666666666666666 0.02361111111111111
0 0.30911458333333336 0.23564814814814813 0.02109375 0.0375
0 0.3072916666666667 0.20833333333333334 0.015885416666666666 0.025
0 0.31536458333333334 0.17546296296296296 0.01953125 0.0412037037037037
0 0.33151041666666664 0.18055555555555555 0.015625 0.04212962962962963
0 0.32864583333333336 0.25092592592592594 0.0171875 0.034722222222222224
0 0.34661458333333334 0.2935185185185185 0.040364583333333336 0.11388888888888889
0 0.3494791666666667 0.27824074074074073 0.025260416666666667 0.02962962962962963
0 0.3419270833333333 0.31296296296296294 0.0265625 0.032407407407407406
0 0.3411458333333333 0.3384259259259259 0.021354166666666667 0.03981481481481482
0 0.3546875 0.6787037037037037 0.01484375 0.026851851851851852
0 0.3614583333333333 0.6546296296296297 0.016145833333333335 0.02962962962962963
0 0.36666666666666664 0.6712962962962963 0.01796875 0.023148148148148147
0 0.4666666666666667 0.6763888888888889 0.015364583333333333 0.028703703703703703
0 0.47578125 0.6703703703703704 0.013020833333333334 0.025
