0 0.08645833333333333 0.49537037037037035 0.027864583333333335 0.05277777777777778
0 0.2825520833333333 0.25555555555555554 0.015104166666666667 0.03888888888888889
0 0.32838541666666665 0.5111111111111111 0.021614583333333333 0.034722222222222224
0 0.246875 0.6564814814814814 0.0265625 0.04722222222222222
0 0.4041666666666667 0.8421296296296297 0.020052083333333335 0.032407407407407406
0 0.278125 0.6486111111111111 0.019791666666666666 0.04027777777777778
0 0.2578125 0.7916666666666666 0.02734375 0.043055555555555555
0 0.321875 0.3912037037037037 0.01953125 0.05
0 0.41692708333333334 0.7060185185185185 0.019010416666666665 0.0375
0 0.44895833333333335 0.6458333333333334 0.019010416666666665 0.0375
0 0.26588541666666665 0.5023148148148148 0.019791666666666666 0.03796296296296296
0 0.4322916666666667 0.687037037037037 0.016927083333333332 0.03935185185185185
0 0.28854166666666664 0.2263888888888889 0.036458333333333336 0.12314814814814815
0 0.08802083333333334 0.5111111111111111 0.04348958333333333 0.08935185185185185
0 0.28515625 0.13564814814814816 0.029166666666666667 0.04675925925925926
0 0.40208333333333335 0.7703703703703704 0.024739583333333332 0.04675925925925926
0 0.17057291666666666 0.5231481481481481 0.0328125 0.09444444444444444
0 0.3380208333333333 0.7620370370370371 0.020052083333333335 0.03888888888888889
0 0.45026041666666666 0.611574074074074 0.017447916666666667 0.04027777777777778
0 0.20052083333333334 0.3435185185185185 0.03125 0.046296296296296294
0 0.13645833333333332 0.3958333333333333 0.023177083333333334 0.03009259259259259
0 0.13359375 0.43333333333333335 0.059895833333333336 0.08009259259259259
0 0.14791666666666667 0.49537037037037035 0.016145833333333335 0.03564814814814815
0 0.3416666666666667 0.6731481481481482 0.012760416666666666 0.025925925925925925
0 0.353125 0.6856481481481481 0.019010416666666665 0.047685185185185185
0 0.32369791666666664 0.6657407407407407 0.018489583333333334 0.03888888888888889
0 0.3151041666666667 0.2833333333333333 0.0234375 0.024074074074074074
0 0.31276041666666665 0.32222222222222224 0.028125 0.031018518518518518
0 0.3140625 0.300462962962963 0.0296875 0.11944444444444445
0 0.27317708333333335 0.2875 0.01640625 0.049074074074074076
0 0.26848958333333334 0.2625 0.014583333333333334 0.032407407407407406
0 0.29583333333333334 0.23194444444444445 0.023958333333333335 0.03148148148148148
0 0.28671875 0.20694444444444443 0.018489583333333334 0.028703703703703703
0 0.29791666666666666 0.18333333333333332 0.015364583333333333 0.03194444444444444
