0 0.0875 0.4981481481481482 0.021875 0.04814814814814815
0 0.3145833333333333 0.33055555555555555 0.021875 0.044444444444444446
0 0.2671875 0.5416666666666666 0.0234375 0.03333333333333333
0 0.32708333333333334 0.41759259259259257 0.02265625 0.058333333333333334
0 0.2682291666666667 0.7814814814814814 0.03046875 0.04490740740740741
0 0.40546875 0.8430555555555556 0.023177083333333334 0.03796296296296296
0 0.428125 0.6884259259259259 0.025260416666666667 0.041666666666666664
0 0.42239583333333336 0.711574074074074 0.024479166666666666 0.040740740740740744
0 0.2833333333333333 0.6421296296296296 0.020833333333333332 0.03425925925925926
0 0.40729166666666666 0.7680555555555556 0.0234375 0.038425925925925926
0 0.084375 0.5222222222222223 0.04401041666666667 0.09027777777777778
0 0.24140625 0.6643518518518519 0.026822916666666665 0.04259259259259259
0 0.33567708333333335 0.7476851851851852 0.02421875 0.046296296296296294
0 0.20494791666666667 0.34074074074074073 0.026302083333333334 0.04814814814814815
0 0.28203125 0.12314814814814815 0.02421875 0.05185185185185185
0 0.33125 0.5189814814814815 0.02109375 0.03425925925925926
0 0.45286458333333335 0.638425925925926 0.0171875 0.0412037037037037
0 0.45286458333333335 0.611574074074074 0.0171875 0.027314814814814816
0 0.3484375 0.6643518518518519 0.0203125 0.0412037037037037
0 0.33307291666666666 0.6763888888888889 0.015104166666666667 0.028703703703703703
0 0.3268229166666667 0.6990740740740741 0.020572916666666666 0.027314814814814816
0 0.31197916666666664 0.31157407407407406 0.025520833333333333 0.11990740740740741
0 0.309375 0.29398148148148145 0.02578125 0.02638888888888889
0 0.2872395833333333 0.2324074074074074 0.03307291666666667 0.11157407407407408
0 0.290625 0.18796296296296297 0.020572916666666666 0.03657407407407407
0 0.28463541666666664 0.2273148148148148 0.01953125 0.040740740740740744
0 0.29583333333333334 0.24444444444444444 0.014322916666666666 0.027777777777777776
0 0.28463541666666664 0.2671296296296296 0.0203125 0.03935185185185185
0 0.26875 0.27037037037037037 0.015625 0.025925925925925925
0 0.2760416666666667 0.31527777777777777 0.021614583333333333 0.06111111111111111
0 0.13203125 0.44907407407407407 0.05703125 0.07685185185185185
0 0.17161458333333332 0.5370370370370371 0.037760416666666664 0.0912037037037037
0 0.14817708333333332 0.5069444444444444 0.02109375 0.03518518518518519
0 0.13802083333333334 0.40879629629629627 0.021875 0.029166666666666667
