0 0.4158854166666667 0.7541666666666667 0.01953125 0.034722222222222224
0 0.43645833333333334 0.46111111111111114 0.0171875 0.03287037037037037
0 0.38958333333333334 0.6828703703703703 0.0328125 0.03981481481481482
0 0.43645833333333334 0.8773148148148148 0.023958333333333335 0.04814814814814815
0 0.4471354166666667 0.8296296296296296 0.018229166666666668 0.03888888888888889
0 0.41848958333333336 0.6939814814814815 0.02578125 0.0412037037037037
0 0.3346354166666667 0.7421296296296296 0.0203125 0.03657407407407407
0 0.3921875 0.2833333333333333 0.06380208333333333 0.05462962962962963
0 0.35390625 0.7277777777777777 0.019270833333333334 0.031018518518518518
0 0.47604166666666664 0.6564814814814814 0.029427083333333333 0.04212962962962963
0 0.4002604166666667 0.8462962962962963 0.020572916666666666 0.05648148148148148
0 0.41875 0.8347222222222223 0.022395833333333334 0.04814814814814815
0 0.48046875 0.7314814814814815 0.02578125 0.04398148148148148
0 0.2942708333333333 0.36064814814814816 0.019791666666666666 0.030555555555555555
0 0.5244791666666667 0.7421296296296296 0.027604166666666666 0.053703703703703705
0 0.1921875 0.41435185185185186 0.06328125 0.06805555555555555
0 0.5106770833333333 0.6416666666666667 0.028385416666666666 0.04490740740740741
0 0.34479166666666666 0.9037037037037037 0.030208333333333334 0.04814814814814815
0 0.1671875 0.5342592592592592 0.04140625 0.07268518518518519
0 0.1640625 0.5101851851851852 0.028125 0.06851851851851852
0 0.20651041666666667 0.4013888888888889 0.02109375 0.03518518518518519
0 0.21640625 0.48564814814814816 0.020052083333333335 0.04953703703703704
0 0.24036458333333333 0.5208333333333334 0.03203125 0.10046296296296296
0 0.34609375 0.31527777777777777 0.018229166666666668 0.03287037037037037
0 0.3625 0.3189814814814815 0.015364583333333333 0.030555555555555555
0 0.38046875 0.2777777777777778 0.013802083333333333 0.03194444444444444
0 0.3958333333333333 0.2689814814814815 0.013020833333333334 0.043055555555555555
0 0.41328125 0.28935185185185186 0.025 0.02962962962962963
0 0.3294270833333333 0.2351851851851852 0.011458333333333333 0.023148148148148147
0 0.3458333333333333 0.23842592592592593 0.020052083333333335 0.03009259259259259
0 0.34348958333333335 0.2671296296296296 0.022916666666666665 0.024074074074074074
0 0.3567708333333333 0.21898148148148147 0.02890625 0.025925925925925925
0 0.36354166666666665 0.19814814814814816 0.03567708333333333 0.03657407407407407
