0 0.35104166666666664 0.19537037037037036 0.023958333333333335 0.041666666666666664
0 0.3734375 0.28888888888888886 0.020052083333333335 0.03518518518518519
0 0.390625 0.274537037037037 0.020572916666666666 0.032407407407407406
0 0.5138020833333333 0.7166666666666667 0.020572916666666666 0.03425925925925926
0 0.4734375 0.7185185185185186 0.028125 0.03564814814814815
0 0.38307291666666665 0.6777777777777778 0.020572916666666666 0.034722222222222224
0 0.41328125 0.48935185185185187 0.01640625 0.03888888888888889
0 0.21302083333333333 0.4962962962962963 0.01640625 0.03518518518518519
0 0.35104166666666664 0.7083333333333334 0.025520833333333333 0.0412037037037037
0 0.44895833333333335 0.8199074074074074 0.026302083333333334 0.04583333333333333
0 0.3263020833333333 0.7166666666666667 0.027864583333333335 0.04027777777777778
0 0.41848958333333336 0.8208333333333333 0.021354166666666667 0.03888888888888889
0 0.44973958333333336 0.8458333333333333 0.0140625 0.031018518518518518
0 0.15494791666666666 0.5268518518518519 0.04244791666666667 0.06898148148148148
0 0.5067708333333333 0.6231481481481481 0.032552083333333336 0.04675925925925926
0 0.4817708333333333 0.6643518518518519 0.030729166666666665 0.0412037037037037
0 0.33151041666666664 0.8861111111111111 0.02265625 0.03148148148148148
0 0.4203125 0.6935185185185185 0.01953125 0.038425925925925926
0 0.28151041666666665 0.36898148148148147 0.022395833333333334 0.04212962962962963
0 0.33307291666666666 0.34814814814814815 0.028125 0.03657407407407407
0 0.18828125 0.4185185185185185 0.05807291666666667 0.06527777777777778
0 0.19427083333333334 0.39351851851851855 0.025 0.04259259259259259
0 0.39348958333333334 0.8041666666666667 0.024739583333333332 0.044444444444444446
0 0.2359375 0.524537037037037 0.033854166666666664 0.10046296296296296
0 0.15390625 0.5046296296296297 0.024739583333333332 0.053703703703703705
0 0.38125 0.2814814814814815 0.065625 0.06759259259259259
0 0.3609375 0.31574074074074077 0.023177083333333334 0.025925925925925925
0 0.35208333333333336 0.21944444444444444 0.047135416666666666 0.10138888888888889
0 0.36666666666666664 0.18981481481481483 0.018229166666666668 0.03518518518518519
0 0.33671875 0.23287037037037037 0.027864583333333335 0.04537037037037037
0 0.32265625 0.25046296296296294 0.014583333333333334 0.03287037037037037
0 0.40390625 0.687962962962963 0.017708333333333333 0.03194444444444444
