0 0.08385416666666666 0.5263888888888889 0.021354166666666667 0.052314814814814814
0 0.28177083333333336 0.6513888888888889 0.020833333333333332 0.03333333333333333
0 0.3489583333333333 0.6527777777777778 0.030208333333333334 0.03981481481481482
0 0.41354166666666664 0.8546296296296296 0.029947916666666668 0.04537037037037037
0 0.43125 0.7328703703703704 0.023177083333333334 0.03611111111111111
0 0.3255208333333333 0.5319444444444444 0.017708333333333333 0.037037037037037035
0 0.23333333333333334 0.6851851851851852 0.025 0.04212962962962963
0 0.3263020833333333 0.44907407407407407 0.02265625 0.053703703703703705
0 0.43072916666666666 0.6939814814814815 0.01953125 0.03611111111111111
0 0.3385416666666667 0.7180555555555556 0.028125 0.03287037037037037
0 0.08255208333333333 0.5421296296296296 0.04921875 0.07407407407407407
0 0.27265625 0.7759259259259259 0.031510416666666666 0.03935185185185185
0 0.33307291666666666 0.7601851851851852 0.0234375 0.028703703703703703
0 0.271875 0.12175925925925926 0.028125 0.04814814814814815
0 0.26119791666666664 0.5847222222222223 0.0296875 0.040740740740740744
0 0.41328125 0.775 0.025260416666666667 0.03935185185185185
0 0.21119791666666668 0.3509259259259259 0.03046875 0.05555555555555555
0 0.12942708333333333 0.4759259259259259 0.058333333333333334 0.0787037037037037
0 0.16953125 0.5578703703703703 0.04192708333333333 0.08333333333333333
0 0.14270833333333333 0.5337962962962963 0.015625 0.03518518518518519
0 0.1359375 0.4300925925925926 0.0203125 0.04490740740740741
0 0.32265625 0.35509259259259257 0.017708333333333333 0.02638888888888889
0 0.3 0.3148148148148148 0.019791666666666666 0.03518518518518519
0 0.28072916666666664 0.34444444444444444 0.02109375 0.03611111111111111
0 0.30520833333333336 0.3333333333333333 0.02578125 0.12407407407407407
0 0.28541666666666665 0.2902777777777778 0.012760416666666666 0.03194444444444444
0 0.26484375 0.29444444444444445 0.017447916666666667 0.028703703703703703
0 0.2755208333333333 0.2361111111111111 0.016927083333333332 0.02546296296296296
0 0.28098958333333335 0.21296296296296297 0.013541666666666667 0.025925925925925925
0 0.2872395833333333 0.25 0.017447916666666667 0.03888888888888889
0 0.27786458333333336 0.2550925925925926 0.03333333333333333 0.1162037037037037
0 0.3375 0.6847222222222222 0.020052083333333335 0.03148148148148148
0 0.3528645833333333 0.6796296296296296 0.014322916666666666 0.023148148148148147
0 0.45390625 0.6111111111111112 0.01875 0.03981481481481482
0 0.45651041666666664 0.637962962962963 0.01484375 0.028703703703703703
