0 0.10234375 0.5013888888888889 0.029166666666666667 0.05555555555555555
0 0.3390625 0.5115740740740741 0.021614583333333333 0.034722222222222224
0 0.26796875 0.6675925925925926 0.01796875 0.037037037037037035
0 0.41510416666666666 0.8384259259259259 0.02109375 0.03425925925925926
0 0.2942708333333333 0.6583333333333333 0.019791666666666666 0.04027777777777778
0 0.27265625 0.8097222222222222 0.020052083333333335 0.040740740740740744
0 0.3341145833333333 0.36435185185185187 0.029166666666666667 0.033796296296296297
0 0.446875 0.6800925925925926 0.019010416666666665 0.0375
0 0.45729166666666665 0.6601851851851852 0.020052083333333335 0.03935185185185185
0 0.2760416666666667 0.487962962962963 0.019791666666666666 0.03796296296296296
0 0.43125 0.7037037037037037 0.016927083333333332 0.03935185185185185
0 0.3015625 0.2263888888888889 0.036458333333333336 0.12314814814814815
0 0.10234375 0.5120370370370371 0.04348958333333333 0.08935185185185185
0 0.29609375 0.1587962962962963 0.030729166666666665 0.049074074074074076
0 0.4127604166666667 0.7819444444444444 0.024739583333333332 0.04675925925925926
0 0.18359375 0.5259259259259259 0.0328125 0.09444444444444444
0 0.3515625 0.7787037037037037 0.020052083333333335 0.029166666666666667
0 0.46380208333333334 0.6125 0.017447916666666667 0.04027777777777778
0 0.2140625 0.35555555555555557 0.03125 0.046296296296296294
0 0.14947916666666666 0.3972222222222222 0.02421875 0.03148148148148148
0 0.14375 0.42824074074074076 0.059895833333333336 0.08009259259259259
0 0.16041666666666668 0.49583333333333335 0.016927083333333332 0.0375
0 0.35052083333333334 0.6731481481481482 0.012760416666666666 0.025925925925925925
0 0.36354166666666665 0.7074074074074074 0.019010416666666665 0.047685185185185185
0 0.3294270833333333 0.2796296296296296 0.0234375 0.024074074074074074
0 0.3263020833333333 0.32037037037037036 0.028125 0.031018518518518518
0 0.32916666666666666 0.29259259259259257 0.0296875 0.11944444444444445
0 0.2869791666666667 0.2712962962962963 0.01640625 0.02824074074074074
0 0.2747395833333333 0.2513888888888889 0.014583333333333334 0.032407407407407406
0 0.30442708333333335 0.24166666666666667 0.023958333333333335 0.03148148148148148
0 0.29791666666666666 0.2074074074074074 0.01953125 0.03009259259259259
0 0.3143229166666667 0.1865740740740741 0.015364583333333333 0.03194444444444444
0 0.33828125 0.674537037037037 0.0125 0.028703703703703703
0 0.33515625 0.6541666666666667 0.01328125 0.02546296296296296
