0 0.16197916666666667 0.524537037037037 0.04375 0.0837962962962963
0 0.415625 0.6865740740740741 0.027864583333333335 0.04537037037037037
0 0.4828125 0.6564814814814814 0.026041666666666668 0.044444444444444446
0 0.42213541666666665 0.8277777777777777 0.023958333333333335 0.05185185185185185
0 0.39895833333333336 0.825925925925926 0.0234375 0.05092592592592592
0 0.41770833333333335 0.736574074074074 0.029166666666666667 0.041666666666666664
0 0.509375 0.6347222222222222 0.026822916666666665 0.04537037037037037
0 0.42890625 0.4777777777777778 0.01875 0.0375
0 0.44609375 0.862037037037037 0.025 0.04537037037037037
0 0.3416666666666667 0.32916666666666666 0.01640625 0.031018518518518518
0 0.3578125 0.7180555555555556 0.01875 0.03287037037037037
0 0.4825520833333333 0.7240740740740741 0.024479166666666666 0.040740740740740744
0 0.19140625 0.41759259259259257 0.06484375 0.06620370370370371
0 0.34088541666666666 0.8939814814814815 0.03203125 0.04583333333333333
0 0.44973958333333336 0.8194444444444444 0.022916666666666665 0.04814814814814815
0 0.3296875 0.7296296296296296 0.025 0.043055555555555555
0 0.5208333333333334 0.7310185185185185 0.030989583333333334 0.046296296296296294
0 0.3875 0.6810185185185185 0.028125 0.04351851851851852
0 0.2908854166666667 0.3712962962962963 0.0296875 0.049074074074074076
0 0.16119791666666666 0.5185185185185185 0.026302083333333334 0.05648148148148148
0 0.20234375 0.3925925925925926 0.02109375 0.038425925925925926
0 0.21640625 0.4930555555555556 0.01796875 0.03518518518518519
0 0.23958333333333334 0.5231481481481481 0.034895833333333334 0.09259259259259259
0 0.35963541666666665 0.32546296296296295 0.024479166666666666 0.040740740740740744
0 0.3893229166666667 0.28703703703703703 0.06744791666666666 0.052314814814814814
0 0.37916666666666665 0.28703703703703703 0.0140625 0.05
0 0.3932291666666667 0.2689814814814815 0.015625 0.04351851851851852
0 0.41015625 0.28194444444444444 0.023177083333333334 0.02824074074074074
0 0.35911458333333335 0.21851851851851853 0.0515625 0.08611111111111111
0 0.34921875 0.24212962962962964 0.024479166666666666 0.032407407407407406
0 0.35260416666666666 0.21712962962962962 0.01875 0.03009259259259259
0 0.36171875 0.20555555555555555 0.03359375 0.04675925925925926
0 0.37057291666666664 0.18796296296296297 0.019010416666666665 0.027314814814814816
0 0.33255208333333336 0.22777777777777777 0.016145833333333335 0.02962962962962963
0 0.3377604166666667 0.27314814814814814 0.019791666666666666 0.02638888888888889
