0 0.5244791666666667 0.4337962962962963 0.02578125 0.04398148148148148
0 0.3919270833333333 0.6023148148148149 0.02578125 0.04398148148148148
0 0.48125 0.42916666666666664 0.01953125 0.034722222222222224
0 0.4578125 0.47685185185185186 0.02109375 0.041666666666666664
0 0.45390625 0.5532407407407407 0.020052083333333335 0.08333333333333333
0 0.40546875 0.35833333333333334 0.018229166666666668 0.03888888888888889
0 0.4669270833333333 0.3527777777777778 0.022135416666666668 0.03888888888888889
0 0.3958333333333333 0.8287037037037037 0.03723958333333333 0.125
0 0.4278645833333333 0.5726851851851852 0.017708333333333333 0.032407407407407406
0 0.4984375 0.3087962962962963 0.024479166666666666 0.0375
0 0.4239583333333333 0.36203703703703705 0.0171875 0.03009259259259259
0 0.22682291666666668 0.08611111111111111 0.02734375 0.04259259259259259
0 0.33671875 0.6018518518518519 0.024739583333333332 0.040740740740740744
0 0.2513020833333333 0.10277777777777777 0.026302083333333334 0.10231481481481482
0 0.41875 0.5069444444444444 0.027864583333333335 0.04675925925925926
0 0.1921875 0.15 0.046614583333333334 0.07037037037037037
0 0.19505208333333332 0.13703703703703704 0.029427083333333333 0.0625
0 0.3653645833333333 0.42916666666666664 0.0171875 0.026851851851851852
0 0.3770833333333333 0.412962962962963 0.019791666666666666 0.032407407407407406
0 0.39609375 0.8402777777777778 0.019010416666666665 0.04675925925925926
