0 0.22578125 0.10972222222222222 0.01640625 0.03333333333333333
0 0.4901041666666667 0.4912037037037037 0.0203125 0.03425925925925926
0 0.45729166666666665 0.5550925925925926 0.02421875 0.052314814814814814
0 0.4075520833333333 0.5995370370370371 0.027083333333333334 0.059722222222222225
0 0.48463541666666665 0.37083333333333335 0.023697916666666666 0.02962962962962963
0 0.24244791666666668 0.11342592592592593 0.028645833333333332 0.09953703703703703
0 0.5208333333333334 0.5106481481481482 0.027083333333333334 0.041666666666666664
0 0.42213541666666665 0.6560185185185186 0.017447916666666667 0.03657407407407407
0 0.3190104166666667 0.6648148148148149 0.019791666666666666 0.044444444444444446
0 0.46171875 0.4212962962962963 0.021614583333333333 0.03333333333333333
0 0.39036458333333335 0.7134259259259259 0.020833333333333332 0.03287037037037037
0 0.19973958333333333 0.18333333333333332 0.046614583333333334 0.0712962962962963
0 0.1953125 0.1648148148148148 0.02578125 0.05462962962962963
0 0.1890625 0.024074074074074074 0.07239583333333334 0.04814814814814815
0 0.37057291666666664 0.4925925925925926 0.0203125 0.02546296296296296
0 0.38307291666666665 0.4777777777777778 0.019270833333333334 0.02546296296296296
0 0.40598958333333335 0.4217592592592593 0.017708333333333333 0.03657407407407407
0 0.42604166666666665 0.4097222222222222 0.01796875 0.02962962962962963
0 0.45208333333333334 0.6324074074074074 0.025 0.0875
0 0.38046875 0.8111111111111111 0.022395833333333334 0.03287037037037037
0 0.3953125 0.7851851851851852 0.030729166666666665 0.1388888888888889
