0 0.40182291666666664 0.787962962962963 0.03333333333333333 0.1287037037037037
0 0.48046875 0.35555555555555557 0.021614583333333333 0.03009259259259259
0 0.43046875 0.49675925925925923 0.020052083333333335 0.04861111111111111
0 0.46848958333333335 0.2773148148148148 0.01953125 0.03518518518518519
0 0.39427083333333335 0.513425925925926 0.023177083333333334 0.044444444444444446
0 0.4010416666666667 0.2884259259259259 0.019010416666666665 0.038425925925925926
0 0.45416666666666666 0.4777777777777778 0.02109375 0.060648148148148145
0 0.5252604166666667 0.3611111111111111 0.02578125 0.03981481481481482
0 0.4942708333333333 0.2375 0.015104166666666667 0.0375
0 0.42473958333333334 0.29074074074074074 0.01796875 0.03287037037037037
0 0.34348958333333335 0.525 0.028645833333333332 0.05324074074074074
0 0.37786458333333334 0.33564814814814814 0.023958333333333335 0.03287037037037037
0 0.45755208333333336 0.4083333333333333 0.016927083333333332 0.03518518518518519
0 0.36484375 0.35648148148148145 0.018229166666666668 0.03796296296296296
0 0.42161458333333335 0.4217592592592593 0.02578125 0.04398148148148148
0 0.18984375 0.08888888888888889 0.04401041666666667 0.07592592592592592
0 0.18880208333333334 0.07546296296296297 0.0234375 0.05092592592592592
0 0.22864583333333333 0.032407407407407406 0.01953125 0.05138888888888889
0 0.2526041666666667 0.05138888888888889 0.02734375 0.10324074074074074
0 0.3971354166666667 0.8152777777777778 0.016927083333333332 0.03657407407407407
