0 0.4825520833333333 0.5925925925925926 0.02265625 0.03194444444444444
0 0.41901041666666666 0.5356481481481481 0.017447916666666667 0.027777777777777776
0 0.41380208333333335 0.6231481481481481 0.0296875 0.04212962962962963
0 0.43411458333333336 0.6699074074074074 0.017708333333333333 0.03194444444444444
0 0.49713541666666666 0.4773148148148148 0.017708333333333333 0.03611111111111111
0 0.3411458333333333 0.7583333333333333 0.02890625 0.04953703703703704
0 0.39505208333333336 0.5296296296296297 0.026041666666666668 0.031018518518518518
0 0.39739583333333334 0.7277777777777777 0.021354166666666667 0.03009259259259259
0 0.45208333333333334 0.6925925925925925 0.019270833333333334 0.0787037037037037
0 0.3140625 0.037037037037037035 0.017447916666666667 0.0412037037037037
0 0.43046875 0.21898148148148147 0.02578125 0.049074074074074076
0 0.4622395833333333 0.5092592592592593 0.02421875 0.03981481481481482
0 0.5278645833333333 0.5986111111111111 0.020833333333333332 0.03981481481481482
0 0.19192708333333333 0.22037037037037038 0.06380208333333333 0.06111111111111111
0 0.24427083333333333 0.3263888888888889 0.03046875 0.09675925925925925
0 0.29322916666666665 0.16435185185185186 0.017708333333333333 0.032407407407407406
0 0.21953125 0.30648148148148147 0.023697916666666666 0.04027777777777778
0 0.17578125 0.3527777777777778 0.043229166666666666 0.0763888888888889
0 0.1734375 0.3402777777777778 0.028645833333333332 0.059722222222222225
0 0.20807291666666666 0.20046296296296295 0.026041666666666668 0.04351851851851852
0 0.33541666666666664 0.07777777777777778 0.014322916666666666 0.028703703703703703
0 0.3533854166666667 0.08055555555555556 0.012760416666666666 0.03425925925925926
0 0.36328125 0.06574074074074074 0.014322916666666666 0.02546296296296296
0 0.34427083333333336 0.05324074074074074 0.01484375 0.027777777777777776
0 0.365625 0.027777777777777776 0.01796875 0.0375
0 0.37890625 0.022222222222222223 0.0171875 0.03287037037037037
0 0.36223958333333334 0.04259259259259259 0.06328125 0.06666666666666667
0 0.39791666666666664 0.10555555555555556 0.057291666666666664 0.07314814814814814
0 0.37864583333333335 0.08703703703703704 0.015625 0.04351851851851852
0 0.39036458333333335 0.08842592592592592 0.01484375 0.032407407407407406
0 0.4036458333333333 0.10138888888888889 0.019791666666666666 0.03981481481481482
0 0.41380208333333335 0.11481481481481481 0.020052083333333335 0.03981481481481482
0 0.35104166666666664 0.5949074074074074 0.022135416666666668 0.05185185185185185
0 0.36015625 0.5731481481481482 0.014583333333333334 0.026851851851851852
0 0.42630208333333336 0.7375 0.013802083333333333 0.02546296296296296
