0 0.24296875 0.125 0.016927083333333332 0.03194444444444444
0 0.18046875 0.17916666666666667 0.04479166666666667 0.0712962962962963
0 0.3416666666666667 0.5953703703703703 0.023177083333333334 0.038425925925925926
0 0.4192708333333333 0.36342592592592593 0.015625 0.02824074074074074
0 0.39453125 0.5634259259259259 0.0234375 0.038425925925925926
0 0.2265625 0.12407407407407407 0.015104166666666667 0.03287037037037037
0 0.43255208333333334 0.02638888888888889 0.025260416666666667 0.04861111111111111
0 0.19114583333333332 0.037037037037037035 0.06822916666666666 0.062037037037037036
0 0.4981770833333333 0.3111111111111111 0.020833333333333332 0.033796296296296297
0 0.44635416666666666 0.49074074074074076 0.01875 0.032407407407407406
0 0.3997395833333333 0.3592592592592593 0.021354166666666667 0.043055555555555555
0 0.4127604166666667 0.45092592592592595 0.028125 0.04398148148148148
0 0.4544270833333333 0.5222222222222223 0.026302083333333334 0.06944444444444445
0 0.24375 0.1425925925925926 0.044270833333333336 0.09768518518518518
0 0.42864583333333334 0.5662037037037037 0.023177083333333334 0.04537037037037037
0 0.5268229166666667 0.4337962962962963 0.02109375 0.056018518518518516
0 0.46197916666666666 0.34305555555555556 0.019791666666666666 0.04027777777777778
0 0.48046875 0.42268518518518516 0.019791666666666666 0.03425925925925926
0 0.18307291666666667 0.1625 0.024479166666666666 0.05462962962962963
0 0.2109375 0.016203703703703703 0.017447916666666667 0.032407407407407406
0 0.35911458333333335 0.425 0.021354166666666667 0.05555555555555555
0 0.36744791666666665 0.40879629629629627 0.011458333333333333 0.028703703703703703
0 0.4080729166666667 0.9337962962962963 0.029427083333333333 0.13194444444444445
0 0.40338541666666666 0.9638888888888889 0.023958333333333335 0.04398148148148148
