0 0.3653645833333333 0.5509259259259259 0.02109375 0.03518518518518519
0 0.44244791666666666 0.4861111111111111 0.027083333333333334 0.04537037037037037
0 0.47760416666666666 0.4078703703703704 0.021614583333333333 0.025925925925925925
0 0.40130208333333334 0.4356481481481482 0.027864583333333335 0.03796296296296296
0 0.43802083333333336 0.6375 0.045572916666666664 0.05138888888888889
0 0.46015625 0.5412037037037037 0.025 0.043055555555555555
0 0.38229166666666664 0.5740740740740741 0.028385416666666666 0.05648148148148148
0 0.28020833333333334 0.7148148148148148 0.022135416666666668 0.03935185185185185
0 0.4356770833333333 0.7032407407407407 0.022916666666666665 0.046296296296296294
0 0.37838541666666664 0.7226851851851852 0.022395833333333334 0.04351851851851852
0 0.4205729166666667 0.44722222222222224 0.027864583333333335 0.03935185185185185
0 0.38984375 0.8004629629629629 0.020572916666666666 0.028703703703703703
0 0.50546875 0.5615740740740741 0.019270833333333334 0.034722222222222224
0 0.24010416666666667 0.062037037037037036 0.0421875 0.09166666666666666
0 0.22057291666666667 0.07268518518518519 0.021875 0.04351851851851852
0 0.21145833333333333 0.17037037037037037 0.05572916666666667 0.06805555555555555
0 0.20963541666666666 0.1597222222222222 0.0234375 0.047685185185185185
0 0.39739583333333334 0.7925925925925926 0.05911458333333333 0.08564814814814815
0 0.34453125 0.8310185185185185 0.03203125 0.08842592592592592
0 0.39479166666666665 0.7027777777777777 0.019270833333333334 0.050462962962962966
