0 0.440625 0.7282407407407407 0.030729166666666665 0.08796296296296297
0 0.47239583333333335 0.5587962962962963 0.020572916666666666 0.04351851851851852
0 0.5145833333333333 0.5814814814814815 0.025520833333333333 0.049074074074074076
0 0.39036458333333335 0.5564814814814815 0.02265625 0.033796296296296297
0 0.37161458333333336 0.5666666666666667 0.019791666666666666 0.033796296296296297
0 0.47760416666666666 0.42453703703703705 0.027864583333333335 0.03009259259259259
0 0.40520833333333334 0.8101851851851852 0.03671875 0.14212962962962963
0 0.44427083333333334 0.49027777777777776 0.027083333333333334 0.03888888888888889
0 0.3885416666666667 0.8148148148148148 0.01171875 0.029166666666666667
0 0.3572916666666667 0.8166666666666667 0.020572916666666666 0.049074074074074076
0 0.2921875 0.7300925925925926 0.01796875 0.03194444444444444
0 0.4609375 0.6430555555555556 0.02578125 0.04953703703703704
0 0.18932291666666667 0.03009259259259259 0.07317708333333334 0.04212962962962963
0 0.23828125 0.11342592592592593 0.03515625 0.10046296296296296
0 0.21953125 0.11203703703703703 0.020052083333333335 0.04398148148148148
0 0.2078125 0.19814814814814816 0.01953125 0.0412037037037037
0 0.21015625 0.2064814814814815 0.04505208333333333 0.07685185185185185
0 0.4044270833333333 0.4634259259259259 0.0203125 0.034722222222222224
0 0.4236979166666667 0.4638888888888889 0.019791666666666666 0.0375
0 0.39895833333333336 0.6967592592592593 0.026041666666666668 0.05092592592592592
0 0.39765625 0.7407407407407407 0.019270833333333334 0.03657407407407407
