0 0.3971354166666667 0.8037037037037037 0.04791666666666667 0.12453703703703704
0 0.4583333333333333 0.5861111111111111 0.019791666666666666 0.03888888888888889
0 0.4041666666666667 0.43657407407407406 0.01953125 0.03425925925925926
0 0.40625 0.6291666666666667 0.022395833333333334 0.03425925925925926
0 0.375 0.5050925925925925 0.020833333333333332 0.030555555555555555
0 0.48828125 0.38564814814814813 0.023697916666666666 0.030555555555555555
0 0.23958333333333334 0.1125 0.030208333333333334 0.10046296296296296
0 0.4903645833333333 0.5046296296296297 0.021875 0.033796296296296297
0 0.38697916666666665 0.4935185185185185 0.013802083333333333 0.03287037037037037
0 0.46041666666666664 0.43472222222222223 0.01953125 0.04398148148148148
0 0.3140625 0.6791666666666667 0.020572916666666666 0.038425925925925926
0 0.42552083333333335 0.42268518518518516 0.018489583333333334 0.03009259259259259
0 0.37942708333333336 0.8037037037037037 0.015364583333333333 0.03657407407407407
0 0.4544270833333333 0.6504629629629629 0.027083333333333334 0.07685185185185185
0 0.5190104166666667 0.5263888888888889 0.02734375 0.046296296296296294
0 0.421875 0.6712962962962963 0.01796875 0.03611111111111111
0 0.3828125 0.7324074074074074 0.019791666666666666 0.03888888888888889
0 0.1875 0.02546296296296296 0.071875 0.04398148148148148
0 0.2 0.18611111111111112 0.0453125 0.07824074074074074
0 0.2 0.1675925925925926 0.0234375 0.052314814814814814
0 0.22447916666666667 0.10833333333333334 0.015364583333333333 0.03888888888888889
