0 0.26640625 0.6953703703703704 0.035416666666666666 0.08564814814814815
0 0.43854166666666666 0.462037037037037 0.023697916666666666 0.043055555555555555
0 0.45989583333333334 0.5166666666666667 0.0234375 0.046296296296296294
0 0.47760416666666666 0.37407407407407406 0.03177083333333333 0.041666666666666664
0 0.4203125 0.4064814814814815 0.024479166666666666 0.04675925925925926
0 0.39296875 0.4027777777777778 0.029166666666666667 0.05462962962962963
0 0.3346354166666667 0.8287037037037037 0.03671875 0.08888888888888889
0 0.38984375 0.6856481481481481 0.02421875 0.04722222222222222
0 0.3703125 0.6962962962962963 0.026041666666666668 0.040740740740740744
0 0.4158854166666667 0.611574074074074 0.032552083333333336 0.0699074074074074
0 0.371875 0.5527777777777778 0.023697916666666666 0.059722222222222225
0 0.359375 0.524537037037037 0.027864583333333335 0.059722222222222225
0 0.42994791666666665 0.6666666666666666 0.023958333333333335 0.049074074074074076
0 0.4005208333333333 0.7550925925925925 0.07552083333333333 0.052314814814814814
0 0.5015625 0.5319444444444444 0.023958333333333335 0.05787037037037037
0 0.24244791666666668 0.03009259259259259 0.03515625 0.060648148148148145
0 0.22473958333333333 0.03194444444444444 0.017708333333333333 0.03935185185185185
0 0.21328125 0.12083333333333333 0.020052083333333335 0.05462962962962963
0 0.21796875 0.12916666666666668 0.0453125 0.06944444444444445
0 0.3890625 0.7787037037037037 0.020572916666666666 0.030555555555555555
