0 0.37161458333333336 0.6782407407407407 0.07161458333333333 0.06435185185185185
0 0.4278645833333333 0.5745370370370371 0.024479166666666666 0.08148148148148149
0 0.453125 0.42824074074074076 0.0234375 0.05787037037037037
0 0.42994791666666665 0.37037037037037035 0.034375 0.059722222222222225
0 0.3828125 0.5421296296296296 0.0390625 0.06342592592592593
0 0.38515625 0.6083333333333333 0.025 0.050462962962962966
0 0.3424479166666667 0.46296296296296297 0.02578125 0.0587962962962963
0 0.3619791666666667 0.49398148148148147 0.025260416666666667 0.06111111111111111
0 0.35546875 0.6212962962962963 0.025520833333333333 0.05925925925925926
0 0.47265625 0.27546296296296297 0.026041666666666668 0.03981481481481482
0 0.31875 0.7717592592592593 0.02890625 0.0912037037037037
0 0.49609375 0.44583333333333336 0.03307291666666667 0.06944444444444445
0 0.22447916666666667 0.027314814814814816 0.04192708333333333 0.055092592592592596
0 0.22161458333333334 0.018055555555555554 0.022395833333333334 0.03611111111111111
0 0.38645833333333335 0.32175925925925924 0.02890625 0.07731481481481481
0 0.40651041666666665 0.32592592592592595 0.020572916666666666 0.03981481481481482
0 0.253125 0.6467592592592593 0.030729166666666665 0.09953703703703703
0 0.4046875 0.6708333333333333 0.023697916666666666 0.03981481481481482
