0 0.3921875 0.5407407407407407 0.020572916666666666 0.03333333333333333
0 0.4627604166666667 0.6291666666666667 0.025260416666666667 0.04259259259259259
0 0.47604166666666664 0.5486111111111112 0.021354166666666667 0.034722222222222224
0 0.48098958333333336 0.4166666666666667 0.0234375 0.030555555555555555
0 0.36171875 0.7898148148148149 0.019791666666666666 0.056018518518518516
0 0.375 0.5550925925925926 0.01953125 0.03333333333333333
0 0.44921875 0.4787037037037037 0.01640625 0.031018518518518518
0 0.5200520833333333 0.5726851851851852 0.01875 0.03981481481481482
0 0.44583333333333336 0.7111111111111111 0.025 0.05462962962962963
0 0.4010416666666667 0.8134259259259259 0.03177083333333333 0.13564814814814816
0 0.296875 0.7245370370370371 0.017447916666666667 0.038425925925925926
0 0.18802083333333333 0.027314814814814816 0.07057291666666667 0.03888888888888889
0 0.2375 0.12129629629629629 0.0328125 0.10277777777777777
0 0.2203125 0.11064814814814815 0.02265625 0.043055555555555555
0 0.20729166666666668 0.20879629629629629 0.04739583333333333 0.08148148148148149
0 0.20833333333333334 0.19166666666666668 0.016666666666666666 0.05324074074074074
0 0.4080729166666667 0.462037037037037 0.021875 0.033796296296296297
0 0.421875 0.45787037037037037 0.017447916666666667 0.03194444444444444
0 0.39921875 0.6981481481481482 0.023697916666666666 0.033796296296296297
0 0.403125 0.725 0.01953125 0.038425925925925926
0 0.38958333333333334 0.8143518518518519 0.015364583333333333 0.03425925925925926
