0 0.3875 0.5115740740740741 0.020572916666666666 0.03611111111111111
0 0.45859375 0.4527777777777778 0.023697916666666666 0.03935185185185185
0 0.48671875 0.3921296296296296 0.021875 0.03657407407407407
0 0.37786458333333334 0.5222222222222223 0.019791666666666666 0.03518518518518519
0 0.42265625 0.43148148148148147 0.022395833333333334 0.041666666666666664
0 0.41692708333333334 0.6935185185185185 0.022916666666666665 0.04259259259259259
0 0.48776041666666664 0.5194444444444445 0.020052083333333335 0.03425925925925926
0 0.4041666666666667 0.6439814814814815 0.026041666666666668 0.050462962962962966
0 0.40208333333333335 0.8138888888888889 0.04114583333333333 0.1300925925925926
0 0.38645833333333335 0.8152777777777778 0.01328125 0.031018518518518518
0 0.45807291666666666 0.5990740740740741 0.023697916666666666 0.04675925925925926
0 0.51953125 0.5398148148148149 0.027864583333333335 0.04675925925925926
0 0.44869791666666664 0.6675925925925926 0.025520833333333333 0.07685185185185185
0 0.40520833333333334 0.4444444444444444 0.021354166666666667 0.037037037037037035
0 0.3098958333333333 0.6981481481481482 0.020833333333333332 0.0375
0 0.37421875 0.7606481481481482 0.01796875 0.04675925925925926
0 0.23828125 0.1162037037037037 0.030989583333333334 0.09675925925925925
0 0.22526041666666666 0.10787037037037037 0.015625 0.03333333333333333
0 0.20338541666666668 0.19490740740740742 0.0453125 0.07731481481481481
0 0.20260416666666667 0.17916666666666667 0.021614583333333333 0.052314814814814814
0 0.18828125 0.024074074074074074 0.07265625 0.04537037037037037
