0 0.46458333333333335 0.5550925925925926 0.022395833333333334 0.04212962962962963
0 0.4010416666666667 0.46296296296296297 0.017708333333333333 0.03564814814814815
0 0.4578125 0.649074074074074 0.029166666666666667 0.040740740740740744
0 0.3658854166666667 0.5675925925925925 0.018489583333333334 0.03009259259259259
0 0.478125 0.4305555555555556 0.03046875 0.03796296296296296
0 0.38385416666666666 0.5689814814814815 0.026302083333333334 0.03981481481481482
0 0.35208333333333336 0.8245370370370371 0.01875 0.05416666666666667
0 0.39375 0.7069444444444445 0.021614583333333333 0.05
0 0.44453125 0.49675925925925923 0.02578125 0.03981481481481482
0 0.4388020833333333 0.7291666666666666 0.025520833333333333 0.05185185185185185
0 0.509375 0.5768518518518518 0.02421875 0.050462962962962966
0 0.2864583333333333 0.7300925925925926 0.019791666666666666 0.03657407407407407
0 0.18619791666666666 0.022685185185185187 0.07369791666666667 0.04583333333333333
0 0.23880208333333333 0.09583333333333334 0.04114583333333333 0.09490740740740741
0 0.21901041666666668 0.09537037037037037 0.018489583333333334 0.03518518518518519
0 0.21145833333333333 0.20046296296296295 0.05390625 0.0699074074074074
0 0.21067708333333332 0.1875 0.022395833333333334 0.05740740740740741
0 0.4205729166666667 0.46296296296296297 0.026041666666666668 0.0375
0 0.3890625 0.7453703703703703 0.017447916666666667 0.027777777777777776
0 0.40208333333333335 0.8134259259259259 0.05572916666666667 0.12268518518518519
0 0.3875 0.8157407407407408 0.018229166666666668 0.024074074074074074
