0 0.4471354166666667 0.6962962962962963 0.021875 0.08657407407407407
0 0.47994791666666664 0.4023148148148148 0.031510416666666666 0.03796296296296296
0 0.37421875 0.5393518518518519 0.01640625 0.03425925925925926
0 0.48020833333333335 0.5361111111111111 0.020833333333333332 0.033796296296296297
0 0.46119791666666665 0.6129629629629629 0.024479166666666666 0.041666666666666664
0 0.45234375 0.46620370370370373 0.027083333333333334 0.04027777777777778
0 0.51796875 0.5546296296296296 0.02734375 0.04537037037037037
0 0.39114583333333336 0.5259259259259259 0.01953125 0.03425925925925926
0 0.40260416666666665 0.8162037037037037 0.038802083333333334 0.1361111111111111
0 0.30390625 0.7134259259259259 0.019791666666666666 0.03425925925925926
0 0.36666666666666664 0.7680555555555556 0.022395833333333334 0.04814814814814815
0 0.23854166666666668 0.12407407407407407 0.02890625 0.10231481481481482
0 0.22291666666666668 0.1087962962962963 0.01953125 0.0375
0 0.20651041666666667 0.19675925925925927 0.043229166666666666 0.0712962962962963
0 0.20494791666666667 0.1814814814814815 0.022135416666666668 0.06759259259259259
0 0.1890625 0.027777777777777776 0.07135416666666666 0.03981481481481482
0 0.409375 0.45694444444444443 0.021614583333333333 0.032407407407407406
0 0.425 0.44583333333333336 0.015364583333333333 0.02638888888888889
0 0.40182291666666664 0.6736111111111112 0.02109375 0.0412037037037037
0 0.40677083333333336 0.7046296296296296 0.02109375 0.03518518518518519
0 0.3875 0.8212962962962963 0.015625 0.031018518518518518
