0 0.221875 0.0712962962962963 0.04921875 0.07453703703703704
0 0.2598958333333333 0.6671296296296296 0.0375 0.09722222222222222
0 0.384375 0.7097222222222223 0.07630208333333334 0.04861111111111111
0 0.47734375 0.3194444444444444 0.031510416666666666 0.044444444444444446
0 0.46015625 0.4675925925925926 0.025520833333333333 0.05092592592592592
0 0.41744791666666664 0.3648148148148148 0.02734375 0.03888888888888889
0 0.43463541666666666 0.4166666666666667 0.02421875 0.047685185185185185
0 0.42604166666666665 0.6194444444444445 0.03567708333333333 0.075
0 0.3611979166666667 0.6587962962962963 0.027083333333333334 0.041666666666666664
0 0.39375 0.7305555555555555 0.02421875 0.02962962962962963
0 0.39036458333333335 0.6407407407407407 0.02265625 0.05648148148148148
0 0.32473958333333336 0.8018518518518518 0.029947916666666668 0.0824074074074074
0 0.3848958333333333 0.35833333333333334 0.03411458333333333 0.07268518518518519
0 0.346875 0.5037037037037037 0.024739583333333332 0.06620370370370371
0 0.39817708333333335 0.5796296296296296 0.03177083333333333 0.07407407407407407
0 0.4981770833333333 0.49444444444444446 0.032552083333333336 0.06342592592592593
0 0.21848958333333332 0.0699074074074074 0.028645833333333332 0.03657407407407407
0 0.3697916666666667 0.5273148148148148 0.024479166666666666 0.0837962962962963
