0 0.8942708333333333 0.8194444444444444 0.0453125 0.10787037037037037
0 0.88984375 0.8092592592592592 0.025 0.04259259259259259
0 0.5671875 0.3472222222222222 0.027864583333333335 0.07453703703703704
0 0.59296875 0.4587962962962963 0.020052083333333335 0.07546296296296297
0 0.6947916666666667 0.2263888888888889 0.021614583333333333 0.06574074074074074
0 0.6705729166666666 0.2569444444444444 0.023177083333333334 0.07175925925925926
0 0.66015625 0.5703703703703704 0.023958333333333335 0.056018518518518516
0 0.6924479166666667 0.5222222222222223 0.028385416666666666 0.05925925925925926
0 0.56875 0.475 0.023177083333333334 0.05740740740740741
0 0.60078125 0.6240740740740741 0.0296875 0.047685185185185185
0 0.6395833333333333 0.48935185185185187 0.023697916666666666 0.059722222222222225
0 0.9158854166666667 0.8930555555555556 0.021875 0.10324074074074074
0 0.9299479166666667 0.8611111111111112 0.020833333333333332 0.03611111111111111
0 0.9776041666666667 0.9708333333333333 0.04401041666666667 0.05787037037037037
0 0.6580729166666667 0.1912037037037037 0.023958333333333335 0.07777777777777778
0 0.6190104166666667 0.2324074074074074 0.017708333333333333 0.03888888888888889
0 0.6096354166666667 0.1935185185185185 0.016666666666666666 0.05092592592592592
0 0.62109375 0.17453703703703705 0.01328125 0.052314814814814814
0 0.621875 0.1037037037037037 0.03567708333333333 0.13287037037037036
0 0.6875 0.027314814814814816 0.019791666666666666 0.05462962962962963
