0 0.36223958333333334 0.6643518518518519 0.06588541666666667 0.08055555555555556
0 0.3333333333333333 0.44814814814814813 0.028125 0.07685185185185185
0 0.3458333333333333 0.5981481481481481 0.025260416666666667 0.059722222222222225
0 0.42526041666666664 0.3402777777777778 0.033854166666666664 0.06296296296296296
0 0.3734375 0.5310185185185186 0.03333333333333333 0.06157407407407407
0 0.3846354166666667 0.5847222222222223 0.02734375 0.04351851851851852
0 0.44765625 0.399537037037037 0.029427083333333333 0.07083333333333333
0 0.48854166666666665 0.4166666666666667 0.035416666666666666 0.06620370370370371
0 0.31145833333333334 0.749537037037037 0.030989583333333334 0.10601851851851851
0 0.35885416666666664 0.4689814814814815 0.03359375 0.07777777777777778
0 0.3841145833333333 0.28194444444444444 0.028385416666666666 0.05138888888888889
0 0.425 0.5388888888888889 0.027864583333333335 0.06388888888888888
0 0.46796875 0.2490740740740741 0.029427083333333333 0.07685185185185185
0 0.40729166666666666 0.2865740740740741 0.019010416666666665 0.0375
0 0.4049479166666667 0.6240740740740741 0.02734375 0.034722222222222224
0 0.24791666666666667 0.6388888888888888 0.027864583333333335 0.1037037037037037
