0 0.54765625 0.5097222222222222 0.021354166666666667 0.03333333333333333
0 0.7015625 0.2037037037037037 0.028645833333333332 0.0375
0 0.5307291666666667 0.46435185185185185 0.03958333333333333 0.0625
0 0.5317708333333333 0.7125 0.027864583333333335 0.043055555555555555
0 0.26015625 0.5930555555555556 0.016666666666666666 0.04027777777777778
0 0.6239583333333333 0.29583333333333334 0.026041666666666668 0.03935185185185185
0 0.44765625 0.812037037037037 0.022395833333333334 0.03611111111111111
0 0.48671875 0.575 0.021354166666666667 0.034722222222222224
0 0.8486979166666667 0.11388888888888889 0.03697916666666667 0.04861111111111111
0 0.5921875 0.42314814814814816 0.0453125 0.040740740740740744
0 0.2877604166666667 0.6074074074074074 0.03697916666666667 0.13564814814814816
0 0.421875 0.5810185185185185 0.025260416666666667 0.04814814814814815
0 0.44244791666666666 0.700462962962963 0.0265625 0.04583333333333333
0 0.5338541666666666 0.5995370370370371 0.05130208333333333 0.053703703703703705
0 0.7236979166666667 0.31666666666666665 0.07135416666666666 0.04583333333333333
0 0.6559895833333333 0.2564814814814815 0.06640625 0.05740740740740741
0 0.51171875 0.49074074074074076 0.022395833333333334 0.03425925925925926
0 0.41744791666666664 0.6416666666666667 0.017447916666666667 0.04259259259259259
0 0.796875 0.3337962962962963 0.02890625 0.050462962962962966
0 0.4890625 0.7532407407407408 0.028385416666666666 0.03981481481481482
0 0.87109375 0.5375 0.026041666666666668 0.046296296296296294
0 0.5401041666666667 0.7560185185185185 0.022916666666666665 0.047685185185185185
0 0.24296875 0.38657407407407407 0.05755208333333333 0.07916666666666666
0 0.8158854166666667 0.6199074074074075 0.031510416666666666 0.044444444444444446
0 0.2747395833333333 0.36898148148148147 0.019270833333333334 0.033796296296296297
0 0.2877604166666667 0.5638888888888889 0.015625 0.04490740740740741
0 0.29375 0.6055555555555555 0.0265625 0.03564814814814815
0 0.6111979166666667 0.6268518518518519 0.019791666666666666 0.02638888888888889
0 0.6114583333333333 0.6023148148148149 0.019010416666666665 0.03148148148148148
0 0.696875 0.34814814814814815 0.0203125 0.029166666666666667
0 0.7143229166666667 0.33425925925925926 0.02265625 0.026851851851851852
0 0.725 0.2902777777777778 0.015625 0.038425925925925926
0 0.6458333333333334 0.2310185185185185 0.019010416666666665 0.03611111111111111
0 0.6591145833333333 0.24027777777777778 0.015885416666666666 0.04398148148148148
0 0.6682291666666667 0.2611111111111111 0.014583333333333334 0.04351851851851852
0 0.4856770833333333 0.22361111111111112 0.06067708333333333 0.046296296296296294
0 0.50078125 0.19490740740740742 0.016666666666666666 0.032407407407407406
0 0.48098958333333336 0.15138888888888888 0.04609375 0.0712962962962963
0 0.5044270833333333 0.1398148148148148 0.021875 0.03888888888888889
