0 0.34036458333333336 0.6643518518518519 0.05651041666666667 0.10324074074074074
0 0.4752604166666667 0.4060185185185185 0.03359375 0.0699074074074074
0 0.4359375 0.39305555555555555 0.026041666666666668 0.06018518518518518
0 0.3377604166666667 0.5268518518518519 0.03359375 0.058333333333333334
0 0.37942708333333336 0.25972222222222224 0.02734375 0.05138888888888889
0 0.3776041666666667 0.5689814814814815 0.026822916666666665 0.058333333333333334
0 0.4197916666666667 0.31712962962962965 0.02734375 0.06435185185185185
0 0.30364583333333334 0.763425925925926 0.030729166666666665 0.0763888888888889
0 0.40078125 0.2537037037037037 0.02578125 0.04537037037037037
0 0.3416666666666667 0.5814814814814815 0.024479166666666666 0.06018518518518518
0 0.4625 0.23287037037037037 0.03203125 0.06898148148148148
0 0.42265625 0.5101851851851852 0.029166666666666667 0.07037037037037037
0 0.23489583333333333 0.6476851851851851 0.03203125 0.09305555555555556
0 0.3184895833333333 0.4550925925925926 0.02578125 0.0712962962962963
0 0.34036458333333336 0.47129629629629627 0.0296875 0.07685185185185185
0 0.38177083333333334 0.6018518518518519 0.0328125 0.04212962962962963
