0 0.3299479166666667 0.6921296296296297 0.054947916666666666 0.11296296296296296
0 0.41354166666666664 0.33240740740740743 0.030208333333333334 0.06712962962962964
0 0.46770833333333334 0.42916666666666664 0.03046875 0.06388888888888888
0 0.3765625 0.27546296296296297 0.028645833333333332 0.05277777777777778
0 0.2265625 0.6902777777777778 0.0265625 0.08148148148148149
0 0.41848958333333336 0.5268518518518519 0.03515625 0.06851851851851852
0 0.3729166666666667 0.5851851851851851 0.028125 0.06296296296296296
0 0.3984375 0.2689814814814815 0.023958333333333335 0.04490740740740741
0 0.29661458333333335 0.8115740740740741 0.03567708333333333 0.09861111111111111
0 0.31015625 0.48333333333333334 0.031510416666666666 0.06111111111111111
0 0.4583333333333333 0.2569444444444444 0.035416666666666666 0.07731481481481481
0 0.4328125 0.4152777777777778 0.0234375 0.06157407407407407
0 0.3658854166666667 0.6287037037037037 0.03046875 0.04583333333333333
0 0.34270833333333334 0.6087962962962963 0.021875 0.06574074074074074
0 0.3299479166666667 0.5574074074074075 0.03515625 0.05787037037037037
0 0.33932291666666664 0.4925925925925926 0.026041666666666668 0.05462962962962963
