0 0.45989583333333334 0.28425925925925927 0.034895833333333334 0.04953703703703704
0 0.21822916666666667 0.5685185185185185 0.031510416666666666 0.050462962962962966
0 0.47630208333333335 0.412962962962963 0.03854166666666667 0.04027777777777778
0 0.4609375 0.36712962962962964 0.040364583333333336 0.05555555555555555
0 0.5317708333333333 0.2740740740740741 0.03463541666666667 0.04953703703703704
0 0.4153645833333333 0.4462962962962963 0.03567708333333333 0.04583333333333333
0 0.27421875 0.49398148148148147 0.08020833333333334 0.06805555555555555
0 0.19453125 0.4041666666666667 0.04609375 0.06898148148148148
0 0.30390625 0.3851851851851852 0.04973958333333333 0.04212962962962963
0 0.3411458333333333 0.3425925925925926 0.043229166666666666 0.04212962962962963
0 0.3223958333333333 0.30833333333333335 0.054427083333333334 0.04537037037037037
0 0.32369791666666664 0.4666666666666667 0.03619791666666667 0.027314814814814816
0 0.30859375 0.4527777777777778 0.023177083333333334 0.0375
0 0.34270833333333334 0.4351851851851852 0.029947916666666668 0.03888888888888889
0 0.45338541666666665 0.20046296296296295 0.04869791666666667 0.03425925925925926
0 0.48203125 0.21712962962962962 0.022395833333333334 0.03333333333333333
