0 0.9278645833333333 0.9467592592592593 0.02734375 0.05324074074074074
0 0.6611979166666667 0.45740740740740743 0.022135416666666668 0.03657407407407407
0 0.5682291666666667 0.37407407407407406 0.025260416666666667 0.05648148148148148
0 0.8783854166666667 0.8648148148148148 0.032552083333333336 0.04537037037037037
0 0.5518229166666667 0.4273148148148148 0.018489583333333334 0.06759259259259259
0 0.6359375 0.2101851851851852 0.026302083333333334 0.053703703703703705
0 0.6809895833333334 0.3912037037037037 0.030208333333333334 0.06759259259259259
0 0.6057291666666667 0.5439814814814815 0.02734375 0.08194444444444444
0 0.6221354166666667 0.39166666666666666 0.022395833333333334 0.05416666666666667
0 0.9208333333333333 0.5592592592592592 0.024479166666666666 0.09722222222222222
0 0.9203125 0.5518518518518518 0.03619791666666667 0.04259259259259259
0 0.9625 0.5925925925925926 0.028645833333333332 0.10833333333333334
0 0.9708333333333333 0.5574074074074075 0.01640625 0.03148148148148148
0 0.5208333333333334 0.3101851851851852 0.034895833333333334 0.07777777777777778
0 0.6041666666666666 0.16435185185185186 0.021354166666666667 0.07453703703703704
0 0.6158854166666666 0.1111111111111111 0.023697916666666666 0.0824074074074074
0 0.5841145833333333 0.09490740740740741 0.02890625 0.06805555555555555
0 0.53828125 0.13194444444444445 0.015625 0.05925925925925926
0 0.5494791666666666 0.10694444444444444 0.020572916666666666 0.05092592592592592
0 0.5580729166666667 0.15555555555555556 0.018489583333333334 0.04814814814814815
0 0.5388020833333333 0.05555555555555555 0.029427083333333333 0.1111111111111111
