0 0.353125 0.65 0.062239583333333334 0.11527777777777778
0 0.24296875 0.6273148148148148 0.0328125 0.09814814814814815
0 0.44296875 0.38981481481481484 0.026041666666666668 0.05925925925925926
0 0.421875 0.5199074074074074 0.030989583333333334 0.09351851851851851
0 0.48333333333333334 0.40694444444444444 0.031510416666666666 0.06805555555555555
0 0.35520833333333335 0.5212962962962963 0.03854166666666667 0.062037037037037036
0 0.32734375 0.44814814814814813 0.028125 0.06944444444444445
0 0.34375 0.575462962962963 0.02421875 0.05138888888888889
0 0.30520833333333336 0.7555555555555555 0.0328125 0.09537037037037037
0 0.34609375 0.4634259259259259 0.024479166666666666 0.07361111111111111
0 0.3776041666666667 0.5689814814814815 0.02578125 0.05740740740740741
0 0.4625 0.2310185185185185 0.039322916666666666 0.08333333333333333
0 0.42291666666666666 0.3189814814814815 0.03411458333333333 0.06157407407407407
0 0.39401041666666664 0.5925925925925926 0.0390625 0.04953703703703704
0 0.37994791666666666 0.2763888888888889 0.02109375 0.046296296296296294
0 0.4046875 0.2611111111111111 0.0203125 0.0412037037037037
