0 0.32369791666666664 0.1486111111111111 0.05625 0.11527777777777778
0 0.3046875 0.021296296296296296 0.029166666666666667 0.03796296296296296
0 0.48828125 0.3375 0.03828125 0.044444444444444446
0 0.49765625 0.3851851851851852 0.034375 0.049074074074074076
0 0.5317708333333333 0.27361111111111114 0.032552083333333336 0.05138888888888889
0 0.9669270833333333 0.29814814814814816 0.029427083333333333 0.06759259259259259
0 0.24895833333333334 0.14305555555555555 0.02890625 0.04259259259259259
0 0.9041666666666667 0.2814814814814815 0.03125 0.046296296296296294
0 0.3658854166666667 0.12638888888888888 0.03828125 0.04722222222222222
0 0.42864583333333334 0.3472222222222222 0.0375 0.04814814814814815
0 0.4166666666666667 0.14212962962962963 0.0359375 0.05324074074074074
0 0.3893229166666667 0.20092592592592592 0.03177083333333333 0.04212962962962963
0 0.3619791666666667 0.2125 0.023958333333333335 0.04490740740740741
0 0.5697916666666667 0.2 0.04869791666666667 0.05138888888888889
0 0.5825520833333333 0.25925925925925924 0.029427083333333333 0.05
0 0.35963541666666665 0.18935185185185185 0.03203125 0.04351851851851852
0 0.40625 0.09212962962962963 0.04765625 0.05324074074074074
0 0.5825520833333333 0.40370370370370373 0.05026041666666667 0.04490740740740741
0 0.8114583333333333 0.024537037037037038 0.04010416666666667 0.04953703703703704
