0 0.6802083333333333 0.16435185185185186 0.0359375 0.1111111111111111
0 0.6984375 0.062037037037037036 0.03619791666666667 0.06527777777777778
0 0.5716145833333334 0.32685185185185184 0.029427083333333333 0.13842592592592592
0 0.4903645833333333 0.22962962962962963 0.03203125 0.06018518518518518
0 0.37109375 0.11805555555555555 0.03854166666666667 0.04814814814814815
0 0.38958333333333334 0.20555555555555555 0.024739583333333332 0.05416666666666667
0 0.3375 0.32222222222222224 0.03333333333333333 0.05416666666666667
0 0.35989583333333336 0.4310185185185185 0.032552083333333336 0.038425925925925926
0 0.4875 0.40925925925925927 0.03515625 0.06898148148148148
0 0.4828125 0.4703703703703704 0.025 0.053703703703703705
0 0.44895833333333335 0.7245370370370371 0.040364583333333336 0.04490740740740741
0 0.44375 0.8689814814814815 0.041666666666666664 0.043055555555555555
0 0.34401041666666665 0.7194444444444444 0.033854166666666664 0.040740740740740744
0 0.3619791666666667 0.8268518518518518 0.0328125 0.05462962962962963
0 0.33046875 0.7689814814814815 0.033854166666666664 0.05324074074074074
0 0.2911458333333333 0.7032407407407407 0.029947916666666668 0.0587962962962963
0 0.3111979166666667 0.7689814814814815 0.030989583333333334 0.04953703703703704
0 0.30052083333333335 0.8513888888888889 0.03697916666666667 0.06481481481481481
0 0.38671875 0.6925925925925925 0.020833333333333332 0.037037037037037035
0 0.6200520833333333 0.022685185185185187 0.025260416666666667 0.04537037037037037
0 0.6583333333333333 0.16064814814814815 0.02109375 0.038425925925925926
