0 0.6861979166666666 0.1648148148148148 0.037760416666666664 0.11666666666666667
0 0.6955729166666667 0.07592592592592592 0.034375 0.062037037037037036
0 0.5776041666666667 0.3300925925925926 0.030989583333333334 0.14537037037037037
0 0.49947916666666664 0.23842592592592593 0.03359375 0.06342592592592593
0 0.39010416666666664 0.14675925925925926 0.03854166666666667 0.04814814814814815
0 0.40729166666666666 0.21435185185185185 0.021354166666666667 0.04675925925925926
0 0.36666666666666664 0.3337962962962963 0.03177083333333333 0.05138888888888889
0 0.37473958333333335 0.43703703703703706 0.030989583333333334 0.03657407407407407
0 0.49322916666666666 0.42777777777777776 0.038802083333333334 0.07592592592592592
0 0.4901041666666667 0.4828703703703704 0.03046875 0.06527777777777778
0 0.4791666666666667 0.7148148148148148 0.040364583333333336 0.04490740740740741
0 0.45859375 0.8601851851851852 0.041666666666666664 0.043055555555555555
0 0.35572916666666665 0.7134259259259259 0.03567708333333333 0.04259259259259259
0 0.3731770833333333 0.8240740740740741 0.0328125 0.05462962962962963
0 0.35442708333333334 0.7652777777777777 0.03203125 0.050462962962962966
0 0.3028645833333333 0.6828703703703703 0.031510416666666666 0.06157407407407407
0 0.32005208333333335 0.7532407407407408 0.030989583333333334 0.04953703703703704
0 0.3106770833333333 0.8412037037037037 0.03697916666666667 0.06481481481481481
0 0.39166666666666666 0.7037037037037037 0.020833333333333332 0.037037037037037035
0 0.6518229166666667 0.04537037037037037 0.025260416666666667 0.04537037037037037
0 0.6653645833333334 0.16342592592592592 0.023177083333333334 0.04212962962962963
