0 0.6791666666666667 0.16527777777777777 0.037760416666666664 0.11666666666666667
0 0.6955729166666667 0.07222222222222222 0.03802083333333333 0.06851851851851852
0 0.5729166666666666 0.3314814814814815 0.029427083333333333 0.13842592592592592
0 0.4947916666666667 0.23842592592592593 0.03359375 0.06342592592592593
0 0.38046875 0.13240740740740742 0.03854166666666667 0.04814814814814815
0 0.3997395833333333 0.21388888888888888 0.0234375 0.05138888888888889
0 0.3453125 0.32916666666666666 0.03177083333333333 0.05138888888888889
0 0.36276041666666664 0.4356481481481482 0.030989583333333334 0.03657407407407407
0 0.4890625 0.41805555555555557 0.038802083333333334 0.07592592592592592
0 0.48515625 0.4777777777777778 0.027604166666666666 0.05925925925925926
0 0.4713541666666667 0.7212962962962963 0.03854166666666667 0.04259259259259259
0 0.453125 0.8611111111111112 0.03958333333333333 0.0412037037037037
0 0.3489583333333333 0.7175925925925926 0.033854166666666664 0.040740740740740744
0 0.36666666666666664 0.8217592592592593 0.0328125 0.05462962962962963
0 0.34010416666666665 0.7648148148148148 0.030729166666666665 0.04814814814814815
0 0.29635416666666664 0.6972222222222222 0.029947916666666668 0.0587962962962963
0 0.31536458333333334 0.7606481481481482 0.028125 0.04490740740740741
0 0.30572916666666666 0.8462962962962963 0.03697916666666667 0.06481481481481481
0 0.39010416666666664 0.6925925925925925 0.021875 0.03888888888888889
0 0.6299479166666667 0.03564814814814815 0.025260416666666667 0.04537037037037037
0 0.6591145833333333 0.16527777777777777 0.022135416666666668 0.04027777777777778
