0 0.6786458333333333 0.16435185185185186 0.037760416666666664 0.11666666666666667
0 0.69609375 0.06898148148148148 0.03802083333333333 0.06851851851851852
0 0.5721354166666667 0.33101851851851855 0.029427083333333333 0.13842592592592592
0 0.49583333333333335 0.23935185185185184 0.03359375 0.06342592592592593
0 0.37838541666666664 0.12824074074074074 0.040364583333333336 0.050462962962962966
0 0.3971354166666667 0.21388888888888888 0.024739583333333332 0.05416666666666667
0 0.34375 0.3282407407407407 0.03333333333333333 0.05416666666666667
0 0.36015625 0.4337962962962963 0.030989583333333334 0.03657407407407407
0 0.48828125 0.41712962962962963 0.03697916666666667 0.07222222222222222
0 0.48489583333333336 0.4759259259259259 0.026302083333333334 0.05648148148148148
0 0.4713541666666667 0.7226851851851852 0.03854166666666667 0.04259259259259259
0 0.4546875 0.861574074074074 0.03958333333333333 0.0412037037037037
0 0.34765625 0.7171296296296297 0.03567708333333333 0.04259259259259259
0 0.3658854166666667 0.8236111111111111 0.0328125 0.05462962962962963
0 0.3375 0.7648148148148148 0.03203125 0.050462962962962966
0 0.2953125 0.6986111111111111 0.029947916666666668 0.0587962962962963
0 0.3140625 0.7648148148148148 0.028125 0.04490740740740741
0 0.30390625 0.8476851851851852 0.03697916666666667 0.06481481481481481
0 0.3888020833333333 0.6921296296296297 0.020833333333333332 0.037037037037037035
0 0.6276041666666666 0.031018518518518518 0.023958333333333335 0.043055555555555555
0 0.6583333333333333 0.1638888888888889 0.02109375 0.038425925925925926
