0 0.6859375 0.16157407407407406 0.037760416666666664 0.11666666666666667
0 0.6971354166666667 0.07268518518518519 0.03802083333333333 0.06851851851851852
0 0.5765625 0.32916666666666666 0.032552083333333336 0.1527777777777778
0 0.49947916666666664 0.23703703703703705 0.03359375 0.06342592592592593
0 0.38203125 0.13796296296296295 0.03854166666666667 0.04814814814814815
0 0.40208333333333335 0.2152777777777778 0.022395833333333334 0.049074074074074076
0 0.35260416666666666 0.33055555555555555 0.03177083333333333 0.05138888888888889
0 0.3684895833333333 0.43842592592592594 0.032552083333333336 0.038425925925925926
0 0.4908854166666667 0.42407407407407405 0.038802083333333334 0.07592592592592592
0 0.48854166666666665 0.48148148148148145 0.02890625 0.062037037037037036
0 0.47630208333333335 0.7203703703703703 0.040364583333333336 0.04490740740740741
0 0.45416666666666666 0.8666666666666667 0.03958333333333333 0.0412037037037037
0 0.3533854166666667 0.7180555555555556 0.03567708333333333 0.04259259259259259
0 0.36822916666666666 0.8282407407407407 0.0328125 0.05462962962962963
0 0.34661458333333334 0.7689814814814815 0.030729166666666665 0.04814814814814815
0 0.29713541666666665 0.6944444444444444 0.031510416666666666 0.06157407407407407
0 0.31484375 0.7592592592592593 0.029427083333333333 0.04722222222222222
0 0.30572916666666666 0.8472222222222222 0.03697916666666667 0.06481481481481481
0 0.39036458333333335 0.7018518518518518 0.021875 0.03888888888888889
0 0.6434895833333333 0.03796296296296296 0.023958333333333335 0.043055555555555555
0 0.6645833333333333 0.16111111111111112 0.022135416666666668 0.04027777777777778
