0 0.6833333333333333 0.16157407407407406 0.037760416666666664 0.11666666666666667
0 0.6966145833333334 0.07314814814814814 0.03802083333333333 0.06851851851851852
0 0.5752604166666667 0.33101851851851855 0.032552083333333336 0.1527777777777778
0 0.496875 0.23842592592592593 0.03359375 0.06342592592592593
0 0.37942708333333336 0.13796296296296295 0.03854166666666667 0.04814814814814815
0 0.40078125 0.2125 0.022395833333333334 0.049074074074074076
0 0.3502604166666667 0.3300925925925926 0.03177083333333333 0.05138888888888889
0 0.36640625 0.4375 0.032552083333333336 0.038425925925925926
0 0.48984375 0.42268518518518516 0.038802083333333334 0.07592592592592592
0 0.48723958333333334 0.48148148148148145 0.03046875 0.06527777777777778
0 0.4739583333333333 0.7194444444444444 0.040364583333333336 0.04490740740740741
0 0.453125 0.8648148148148148 0.03958333333333333 0.0412037037037037
0 0.3515625 0.7185185185185186 0.03567708333333333 0.04259259259259259
0 0.36744791666666665 0.8263888888888888 0.0328125 0.05462962962962963
0 0.34375 0.7680555555555556 0.030729166666666665 0.04814814814814815
0 0.29609375 0.6944444444444444 0.029947916666666668 0.0587962962962963
0 0.31484375 0.7606481481481482 0.029427083333333333 0.04722222222222222
0 0.3059895833333333 0.8481481481481481 0.03697916666666667 0.06481481481481481
0 0.390625 0.6986111111111111 0.021875 0.03888888888888889
0 0.6375 0.03518518518518519 0.025260416666666667 0.04537037037037037
0 0.66328125 0.1638888888888889 0.022135416666666668 0.04027777777777778
