0 0.6796875 0.16296296296296298 0.037760416666666664 0.11666666666666667
0 0.6971354166666667 0.06342592592592593 0.03619791666666667 0.06527777777777778
0 0.571875 0.3287037037037037 0.029427083333333333 0.13842592592592592
0 0.49166666666666664 0.23287037037037037 0.03359375 0.06342592592592593
0 0.3736979166666667 0.12222222222222222 0.03854166666666667 0.04814814814814815
0 0.39088541666666665 0.2101851851851852 0.024739583333333332 0.05416666666666667
0 0.3380208333333333 0.324537037037037 0.03177083333333333 0.05138888888888889
0 0.3572916666666667 0.4310185185185185 0.032552083333333336 0.038425925925925926
0 0.4869791666666667 0.4134259259259259 0.03515625 0.06898148148148148
0 0.48333333333333334 0.4736111111111111 0.025 0.053703703703703705
0 0.46848958333333335 0.7236111111111111 0.040364583333333336 0.04490740740740741
0 0.44921875 0.8643518518518518 0.041666666666666664 0.043055555555555555
0 0.34453125 0.7185185185185186 0.03567708333333333 0.04259259259259259
0 0.36328125 0.8273148148148148 0.0328125 0.05462962962962963
0 0.334375 0.7685185185185185 0.03203125 0.050462962962962966
0 0.29192708333333334 0.7032407407407407 0.029947916666666668 0.0587962962962963
0 0.31197916666666664 0.7671296296296296 0.029427083333333333 0.04722222222222222
0 0.30234375 0.850462962962963 0.03697916666666667 0.06481481481481481
0 0.3893229166666667 0.6925925925925925 0.020833333333333332 0.037037037037037035
0 0.6236979166666666 0.02175925925925926 0.023958333333333335 0.043055555555555555
0 0.6588541666666666 0.16157407407407406 0.02109375 0.038425925925925926
