0 0.68125 0.1638888888888889 0.037760416666666664 0.11666666666666667
0 0.69609375 0.07222222222222222 0.03802083333333333 0.06851851851851852
0 0.5736979166666667 0.33101851851851855 0.030989583333333334 0.14537037037037037
0 0.49166666666666664 0.23287037037037037 0.03359375 0.06342592592592593
0 0.37994791666666666 0.13657407407407407 0.03854166666666667 0.04814814814814815
0 0.39921875 0.2101851851851852 0.0234375 0.05138888888888889
0 0.3416666666666667 0.3277777777777778 0.03177083333333333 0.05138888888888889
0 0.3651041666666667 0.4356481481481482 0.030989583333333334 0.03657407407407407
0 0.48932291666666666 0.4212962962962963 0.038802083333333334 0.07592592592592592
0 0.4864583333333333 0.47962962962962963 0.02890625 0.062037037037037036
0 0.47317708333333336 0.7203703703703703 0.03854166666666667 0.04259259259259259
0 0.4515625 0.8634259259259259 0.03958333333333333 0.0412037037037037
0 0.35 0.7185185185185186 0.033854166666666664 0.040740740740740744
0 0.36692708333333335 0.8236111111111111 0.0328125 0.05462962962962963
0 0.34296875 0.7675925925925926 0.030729166666666665 0.04814814814814815
0 0.29609375 0.6962962962962963 0.029947916666666668 0.0587962962962963
0 0.31588541666666664 0.7601851851851852 0.029427083333333333 0.04722222222222222
0 0.3065104166666667 0.8458333333333333 0.03697916666666667 0.06481481481481481
0 0.39114583333333336 0.6958333333333333 0.021875 0.03888888888888889
0 0.6333333333333333 0.03888888888888889 0.025260416666666667 0.04537037037037037
0 0.6611979166666667 0.1648148148148148 0.022135416666666668 0.04027777777777778
