0 0.6869791666666667 0.21296296296296297 0.037760416666666664 0.11666666666666667
0 0.7028645833333333 0.040740740740740744 0.03802083333333333 0.06851851851851852
0 0.56953125 0.3263888888888889 0.030989583333333334 0.14537037037037037
0 0.47161458333333334 0.19537037037037036 0.03046875 0.05740740740740741
0 0.3494791666666667 0.08842592592592592 0.034895833333333334 0.04351851851851852
0 0.36354166666666665 0.18425925925925926 0.03333333333333333 0.05277777777777778
0 0.32083333333333336 0.3125 0.02734375 0.044444444444444446
0 0.3346354166666667 0.42685185185185187 0.029427083333333333 0.034722222222222224
0 0.4786458333333333 0.3875 0.03359375 0.06574074074074074
0 0.4830729166666667 0.45555555555555555 0.026302083333333334 0.05648148148148148
0 0.43854166666666666 0.7310185185185185 0.04453125 0.04953703703703704
0 0.4231770833333333 0.8699074074074075 0.048177083333333336 0.05
0 0.3216145833333333 0.7236111111111111 0.03567708333333333 0.04259259259259259
0 0.3453125 0.8444444444444444 0.0296875 0.04953703703703704
0 0.3072916666666667 0.774074074074074 0.03203125 0.050462962962962966
0 0.28177083333333336 0.725 0.029947916666666668 0.0587962962962963
0 0.3028645833333333 0.7814814814814814 0.030989583333333334 0.04953703703703704
0 0.28619791666666666 0.8606481481481482 0.03359375 0.0587962962962963
0 0.37994791666666666 0.6916666666666667 0.035416666666666666 0.04953703703703704
0 0.6052083333333333 0.03009259259259259 0.0265625 0.047685185185185185
0 0.6572916666666667 0.1675925925925926 0.018229166666666668 0.03287037037037037
