0 0.6859375 0.19907407407407407 0.037760416666666664 0.11666666666666667
0 0.7018229166666666 0.04814814814814815 0.03802083333333333 0.06851851851851852
0 0.5690104166666666 0.32731481481481484 0.030989583333333334 0.14537037037037037
0 0.4765625 0.20879629629629629 0.03046875 0.05740740740740741
0 0.35625 0.0962962962962963 0.034895833333333334 0.04351851851851852
0 0.37421875 0.19490740740740742 0.0359375 0.06111111111111111
0 0.3260416666666667 0.31574074074074077 0.030208333333333334 0.049074074074074076
0 0.3377604166666667 0.42777777777777776 0.032552083333333336 0.038425925925925926
0 0.4817708333333333 0.39351851851851855 0.03359375 0.06574074074074074
0 0.4828125 0.4587962962962963 0.026302083333333334 0.05648148148148148
0 0.44192708333333336 0.7300925925925926 0.04244791666666667 0.04722222222222222
0 0.42942708333333335 0.8662037037037037 0.048177083333333336 0.05
0 0.3268229166666667 0.7231481481481481 0.033854166666666664 0.040740740740740744
0 0.34791666666666665 0.8393518518518519 0.03125 0.05185185185185185
0 0.31015625 0.7694444444444445 0.03203125 0.050462962962962966
0 0.28541666666666665 0.7203703703703703 0.029947916666666668 0.0587962962962963
0 0.30572916666666666 0.7759259259259259 0.030989583333333334 0.04953703703703704
0 0.28984375 0.8574074074074074 0.03359375 0.0587962962962963
0 0.38125 0.6884259259259259 0.035416666666666666 0.04953703703703704
0 0.60234375 0.021296296296296296 0.023958333333333335 0.043055555555555555
0 0.6544270833333333 0.16342592592592592 0.019010416666666665 0.034722222222222224
