0 0.6817708333333333 0.17453703703703705 0.0359375 0.1111111111111111
0 0.7 0.0587962962962963 0.03619791666666667 0.06527777777777778
0 0.5703125 0.3263888888888889 0.030989583333333334 0.14537037037037037
0 0.48098958333333336 0.21666666666666667 0.03046875 0.05740740740740741
0 0.36380208333333336 0.11018518518518519 0.034895833333333334 0.04351851851851852
0 0.38229166666666664 0.20092592592592592 0.026041666666666668 0.05694444444444444
0 0.33307291666666666 0.31851851851851853 0.03177083333333333 0.05138888888888889
0 0.34661458333333334 0.4263888888888889 0.032552083333333336 0.038425925925925926
0 0.48463541666666665 0.4046296296296296 0.03515625 0.06898148148148148
0 0.48203125 0.4652777777777778 0.026302083333333334 0.05648148148148148
0 0.44583333333333336 0.725925925925926 0.040364583333333336 0.04490740740740741
0 0.4473958333333333 0.8680555555555556 0.04583333333333333 0.047685185185185185
0 0.34140625 0.7189814814814814 0.0375 0.04490740740740741
0 0.35494791666666664 0.8310185185185185 0.03125 0.05185185185185185
0 0.31328125 0.7694444444444445 0.03203125 0.050462962962962966
0 0.28880208333333335 0.7069444444444445 0.029947916666666668 0.0587962962962963
0 0.309375 0.7736111111111111 0.030989583333333334 0.04953703703703704
0 0.2984375 0.850925925925926 0.03359375 0.0587962962962963
0 0.3848958333333333 0.6902777777777778 0.019791666666666666 0.03518518518518519
0 0.6161458333333333 0.022222222222222223 0.025260416666666667 0.04537037037037037
0 0.6572916666666667 0.1587962962962963 0.020052083333333335 0.03657407407407407
