0 0.6869791666666667 0.20787037037037037 0.037760416666666664 0.11666666666666667
0 0.703125 0.04259259259259259 0.03619791666666667 0.06527777777777778
0 0.5690104166666666 0.3277777777777778 0.029427083333333333 0.13842592592592592
0 0.47291666666666665 0.19907407407407407 0.03046875 0.05740740740740741
0 0.35078125 0.08981481481481482 0.034895833333333334 0.04351851851851852
0 0.3606770833333333 0.17962962962962964 0.03177083333333333 0.050462962962962966
0 0.32057291666666665 0.31157407407407406 0.02890625 0.04675925925925926
0 0.3359375 0.42777777777777776 0.029427083333333333 0.034722222222222224
0 0.4791666666666667 0.3888888888888889 0.03359375 0.06574074074074074
0 0.484375 0.4587962962962963 0.025 0.053703703703703705
0 0.440625 0.7300925925925926 0.04244791666666667 0.04722222222222222
0 0.4236979166666667 0.8671296296296296 0.048177083333333336 0.05
0 0.3234375 0.7231481481481481 0.03567708333333333 0.04259259259259259
0 0.3463541666666667 0.8402777777777778 0.0296875 0.04953703703703704
0 0.30885416666666665 0.7731481481481481 0.03203125 0.050462962962962966
0 0.2830729166666667 0.7236111111111111 0.029947916666666668 0.0587962962962963
0 0.30364583333333334 0.7800925925925926 0.030989583333333334 0.04953703703703704
0 0.2869791666666667 0.8611111111111112 0.03359375 0.0587962962962963
0 0.3802083333333333 0.6898148148148148 0.035416666666666666 0.04953703703703704
0 0.60390625 0.024074074074074074 0.0265625 0.047685185185185185
0 0.6559895833333333 0.16666666666666666 0.019010416666666665 0.034722222222222224
