0 0.684375 0.18981481481481483 0.0359375 0.1111111111111111
0 0.7026041666666667 0.052314814814814814 0.03802083333333333 0.06851851851851852
0 0.5697916666666667 0.32731481481481484 0.030989583333333334 0.14537037037037037
0 0.47708333333333336 0.21157407407407408 0.03046875 0.05740740740740741
0 0.35651041666666666 0.09861111111111111 0.034895833333333334 0.04351851851851852
0 0.37552083333333336 0.19537037037037036 0.0359375 0.06111111111111111
0 0.32890625 0.3194444444444444 0.03177083333333333 0.05138888888888889
0 0.34348958333333335 0.43194444444444446 0.03411458333333333 0.04027777777777778
0 0.48333333333333334 0.39861111111111114 0.03515625 0.06898148148148148
0 0.48333333333333334 0.46296296296296297 0.027604166666666666 0.05925925925925926
0 0.44244791666666666 0.7277777777777777 0.040364583333333336 0.04490740740740741
0 0.4356770833333333 0.8638888888888889 0.048177083333333336 0.05
0 0.33046875 0.7208333333333333 0.03567708333333333 0.04259259259259259
0 0.34921875 0.837037037037037 0.0296875 0.04953703703703704
0 0.3072916666666667 0.7717592592592593 0.03203125 0.050462962962962966
0 0.28619791666666666 0.7148148148148148 0.029947916666666668 0.0587962962962963
0 0.30572916666666666 0.7754629629629629 0.030989583333333334 0.04953703703703704
0 0.2942708333333333 0.8564814814814815 0.03359375 0.0587962962962963
0 0.38255208333333335 0.6875 0.035416666666666666 0.04953703703703704
0 0.6075520833333333 0.022222222222222223 0.025260416666666667 0.04537037037037037
0 0.6544270833333333 0.16157407407407406 0.020052083333333335 0.03657407407407407
