0 0.6864583333333333 0.29398148148148145 0.037760416666666664 0.11666666666666667
0 0.7010416666666667 0.04351851851851852 0.03125 0.07592592592592592
0 0.5674479166666667 0.3638888888888889 0.029427083333333333 0.13842592592592592
0 0.46067708333333335 0.2037037037037037 0.03203125 0.08055555555555556
0 0.328125 0.09861111111111111 0.030208333333333334 0.0375
0 0.3390625 0.1962962962962963 0.020572916666666666 0.03796296296296296
0 0.3125 0.325 0.01953125 0.03148148148148148
0 0.3307291666666667 0.4439814814814815 0.029427083333333333 0.034722222222222224
0 0.47161458333333334 0.4009259259259259 0.03359375 0.06574074074074074
0 0.47682291666666665 0.47962962962962963 0.025 0.053703703703703705
0 0.4203125 0.7712962962962963 0.04244791666666667 0.04722222222222222
0 0.40546875 0.9152777777777777 0.048177083333333336 0.05
0 0.30833333333333335 0.7648148148148148 0.030729166666666665 0.03657407407407407
0 0.33541666666666664 0.8907407407407407 0.0296875 0.04953703703703704
0 0.29973958333333334 0.8578703703703704 0.03359375 0.05277777777777778
0 0.27291666666666664 0.7810185185185186 0.03307291666666667 0.06481481481481481
0 0.29765625 0.8407407407407408 0.03411458333333333 0.05462962962962963
0 0.2640625 0.9032407407407408 0.03203125 0.056018518518518516
0 0.36953125 0.7425925925925926 0.033854166666666664 0.04722222222222222
0 0.6622395833333333 0.21203703703703702 0.019010416666666665 0.034722222222222224
0 0.5611979166666666 0.01990740740740741 0.03411458333333333 0.0375
