0 0.6877604166666667 0.22037037037037038 0.037760416666666664 0.11666666666666667
0 0.7028645833333333 0.033796296296296297 0.03802083333333333 0.06851851851851852
0 0.5690104166666666 0.3263888888888889 0.030989583333333334 0.14537037037037037
0 0.46953125 0.18935185185185185 0.03046875 0.05740740740740741
0 0.3450520833333333 0.08472222222222223 0.034895833333333334 0.04351851851851852
0 0.3614583333333333 0.18009259259259258 0.03333333333333333 0.05277777777777778
0 0.3184895833333333 0.3055555555555556 0.025 0.04027777777777778
0 0.33645833333333336 0.4300925925925926 0.032552083333333336 0.038425925925925926
0 0.47708333333333336 0.38287037037037036 0.03359375 0.06574074074074074
0 0.48411458333333335 0.4537037037037037 0.025 0.053703703703703705
0 0.4361979166666667 0.7291666666666666 0.04453125 0.04953703703703704
0 0.4203125 0.8717592592592592 0.048177083333333336 0.05
0 0.31979166666666664 0.7236111111111111 0.03567708333333333 0.04259259259259259
0 0.34479166666666666 0.8453703703703703 0.0296875 0.04953703703703704
0 0.3072916666666667 0.7768518518518519 0.03203125 0.050462962962962966
0 0.28098958333333335 0.7310185185185185 0.029947916666666668 0.0587962962962963
0 0.30390625 0.7800925925925926 0.030989583333333334 0.04953703703703704
0 0.284375 0.8629629629629629 0.03697916666666667 0.06481481481481481
0 0.378125 0.6930555555555555 0.035416666666666666 0.04953703703703704
0 0.6588541666666666 0.1712962962962963 0.018229166666666668 0.03287037037037037
