0 0.6872395833333333 0.2574074074074074 0.037760416666666664 0.11666666666666667
0 0.7026041666666667 0.03888888888888889 0.0328125 0.05925925925925926
0 0.56796875 0.34305555555555556 0.029427083333333333 0.13842592592592592
0 0.4671875 0.20462962962962963 0.03046875 0.05740740740740741
0 0.33645833333333336 0.08796296296296297 0.03177083333333333 0.03981481481481482
0 0.34609375 0.1824074074074074 0.021614583333333333 0.03981481481481482
0 0.3145833333333333 0.3087962962962963 0.021614583333333333 0.034722222222222224
0 0.33203125 0.4310185185185185 0.030989583333333334 0.03657407407407407
0 0.47369791666666666 0.3837962962962963 0.03177083333333333 0.0625
0 0.48203125 0.4638888888888889 0.025 0.053703703703703705
0 0.43255208333333334 0.7513888888888889 0.04244791666666667 0.04722222222222222
0 0.40989583333333335 0.8930555555555556 0.048177083333333336 0.05
0 0.31302083333333336 0.7430555555555556 0.03229166666666667 0.038425925925925926
0 0.3375 0.8671296296296296 0.028385416666666666 0.04722222222222222
0 0.3 0.8324074074074074 0.03359375 0.05277777777777778
0 0.2765625 0.7578703703703704 0.031510416666666666 0.06157407407407407
0 0.29739583333333336 0.8189814814814815 0.03411458333333333 0.05462962962962963
0 0.27109375 0.8824074074074074 0.03203125 0.056018518518518516
0 0.3736979166666667 0.7166666666666667 0.033854166666666664 0.04722222222222222
0 0.6625 0.19305555555555556 0.018229166666666668 0.03287037037037037
