0 0.6875 0.2162037037037037 0.037760416666666664 0.11666666666666667
0 0.70234375 0.0375 0.03802083333333333 0.06851851851851852
0 0.5690104166666666 0.32592592592592595 0.030989583333333334 0.14537037037037037
0 0.4703125 0.19305555555555556 0.03046875 0.05740740740740741
0 0.34713541666666664 0.08611111111111111 0.034895833333333334 0.04351851851851852
0 0.3614583333333333 0.17916666666666667 0.03333333333333333 0.05277777777777778
0 0.31953125 0.30694444444444446 0.026041666666666668 0.04212962962962963
0 0.33567708333333335 0.4305555555555556 0.030989583333333334 0.03657407407407407
0 0.47890625 0.38657407407407407 0.03359375 0.06574074074074074
0 0.48333333333333334 0.45416666666666666 0.026302083333333334 0.05648148148148148
0 0.43776041666666665 0.7291666666666666 0.04244791666666667 0.04722222222222222
0 0.42265625 0.8712962962962963 0.048177083333333336 0.05
0 0.321875 0.7236111111111111 0.03567708333333333 0.04259259259259259
0 0.34375 0.8439814814814814 0.0296875 0.04953703703703704
0 0.30755208333333334 0.7754629629629629 0.03203125 0.050462962962962966
0 0.28098958333333335 0.7300925925925926 0.029947916666666668 0.0587962962962963
0 0.30390625 0.7819444444444444 0.030989583333333334 0.04953703703703704
0 0.28567708333333336 0.8606481481481482 0.03515625 0.06157407407407407
0 0.37942708333333336 0.6921296296296297 0.035416666666666666 0.04953703703703704
0 0.6036458333333333 0.025925925925925925 0.027864583333333335 0.05
0 0.65859375 0.17037037037037037 0.018229166666666668 0.03287037037037037
