0 0.68671875 0.26851851851851855 0.037760416666666664 0.11666666666666667
0 0.7015625 0.04490740740740741 0.03125 0.05648148148148148
0 0.5677083333333334 0.35 0.029427083333333333 0.13842592592592592
0 0.46328125 0.19212962962962962 0.03046875 0.07685185185185185
0 0.33255208333333336 0.08842592592592592 0.030208333333333334 0.0375
0 0.34479166666666666 0.18564814814814815 0.021614583333333333 0.03981481481481482
0 0.31302083333333336 0.3138888888888889 0.020572916666666666 0.03333333333333333
0 0.3341145833333333 0.43287037037037035 0.029427083333333333 0.034722222222222224
0 0.47239583333333335 0.3912037037037037 0.03177083333333333 0.0625
0 0.48072916666666665 0.46944444444444444 0.025 0.053703703703703705
0 0.42942708333333335 0.7578703703703704 0.040364583333333336 0.04490740740740741
0 0.40703125 0.9004629629629629 0.048177083333333336 0.05
0 0.3111979166666667 0.75 0.030729166666666665 0.03657407407407407
0 0.33671875 0.8759259259259259 0.028385416666666666 0.04722222222222222
0 0.30052083333333335 0.8421296296296297 0.03359375 0.05277777777777778
0 0.27578125 0.7675925925925926 0.031510416666666666 0.06157407407407407
0 0.29921875 0.8199074074074074 0.032552083333333336 0.05185185185185185
0 0.26927083333333335 0.8893518518518518 0.03203125 0.056018518518518516
0 0.37135416666666665 0.7245370370370371 0.03203125 0.04490740740740741
0 0.6619791666666667 0.19953703703703704 0.019010416666666665 0.034722222222222224
