0 0.6875 0.2490740740740741 0.037760416666666664 0.11666666666666667
0 0.7005208333333334 0.031018518518518518 0.034375 0.062037037037037036
0 0.5682291666666667 0.3388888888888889 0.029427083333333333 0.13842592592592592
0 0.46588541666666666 0.19537037037037036 0.02890625 0.05462962962962963
0 0.3380208333333333 0.08657407407407407 0.03177083333333333 0.03981481481481482
0 0.3463541666666667 0.17916666666666667 0.021614583333333333 0.03981481481481482
0 0.31614583333333335 0.3060185185185185 0.02265625 0.03657407407407407
0 0.33255208333333336 0.4273148148148148 0.032552083333333336 0.038425925925925926
0 0.4739583333333333 0.387037037037037 0.03359375 0.06574074074074074
0 0.4830729166666667 0.46111111111111114 0.025 0.053703703703703705
0 0.434375 0.7467592592592592 0.04244791666666667 0.04722222222222222
0 0.4119791666666667 0.887962962962963 0.04583333333333333 0.047685185185185185
0 0.3140625 0.7375 0.03229166666666667 0.038425925925925926
0 0.33984375 0.861574074074074 0.028385416666666666 0.04722222222222222
0 0.30052083333333335 0.825462962962963 0.03359375 0.05277777777777778
0 0.27760416666666665 0.750462962962963 0.029947916666666668 0.0587962962962963
0 0.30052083333333335 0.8018518518518518 0.03411458333333333 0.05462962962962963
0 0.27395833333333336 0.8773148148148148 0.03359375 0.0587962962962963
0 0.37395833333333334 0.7106481481481481 0.035416666666666666 0.04953703703703704
0 0.6635416666666667 0.1884259259259259 0.0171875 0.03148148148148148
