0 0.6880208333333333 0.23194444444444445 0.037760416666666664 0.11666666666666667
0 0.7028645833333333 0.03333333333333333 0.03619791666666667 0.06527777777777778
0 0.5690104166666666 0.3287037037037037 0.029427083333333333 0.13842592592592592
0 0.46770833333333334 0.19027777777777777 0.03046875 0.05740740740740741
0 0.33958333333333335 0.08148148148148149 0.03333333333333333 0.041666666666666664
0 0.3578125 0.17685185185185184 0.03333333333333333 0.05277777777777778
0 0.3171875 0.30092592592592593 0.023697916666666666 0.038425925925925926
0 0.3338541666666667 0.4273148148148148 0.032552083333333336 0.038425925925925926
0 0.4752604166666667 0.3814814814814815 0.03359375 0.06574074074074074
0 0.48359375 0.4550925925925926 0.025 0.053703703703703705
0 0.43671875 0.7342592592592593 0.04453125 0.04953703703703704
0 0.41744791666666664 0.8773148148148148 0.048177083333333336 0.05
0 0.31666666666666665 0.7273148148148149 0.033854166666666664 0.040740740740740744
0 0.3421875 0.8495370370370371 0.0296875 0.04953703703703704
0 0.30625 0.7837962962962963 0.03359375 0.05277777777777778
0 0.27890625 0.7388888888888889 0.029947916666666668 0.0587962962962963
0 0.303125 0.7875 0.032552083333333336 0.05185185185185185
0 0.2799479166666667 0.8671296296296296 0.03359375 0.0587962962962963
0 0.3770833333333333 0.6995370370370371 0.035416666666666666 0.04953703703703704
0 0.6609375 0.17592592592592593 0.0171875 0.03148148148148148
