0 0.6822916666666666 0.3912037037037037 0.0359375 0.1111111111111111
0 0.6934895833333333 0.0625 0.03619791666666667 0.08796296296296297
0 0.5645833333333333 0.42592592592592593 0.03359375 0.13194444444444445
0 0.4515625 0.24537037037037038 0.03359375 0.08472222222222223
0 0.30963541666666666 0.13055555555555556 0.03333333333333333 0.041666666666666664
0 0.3341145833333333 0.24675925925925926 0.01953125 0.03611111111111111
0 0.3078125 0.37175925925925923 0.023697916666666666 0.038425925925925926
0 0.32395833333333335 0.4689814814814815 0.030989583333333334 0.03657407407407407
0 0.4609375 0.44537037037037036 0.03359375 0.06574074074074074
0 0.4578125 0.5236111111111111 0.02890625 0.062037037037037036
0 0.3921875 0.8222222222222222 0.03463541666666667 0.04259259259259259
0 0.38333333333333336 0.9726851851851852 0.050520833333333334 0.052314814814814814
0 0.3 0.8263888888888888 0.034895833333333334 0.05
0 0.31302083333333336 0.9555555555555556 0.03125 0.05185185185185185
0 0.29192708333333334 0.9388888888888889 0.03515625 0.05555555555555555
0 0.2625 0.850925925925926 0.03307291666666667 0.06481481481481481
0 0.2947916666666667 0.9 0.032552083333333336 0.05185185185185185
0 0.24140625 0.9425925925925925 0.027604166666666666 0.04814814814814815
0 0.3484375 0.799074074074074 0.033854166666666664 0.04722222222222222
0 0.6640625 0.2773148148148148 0.018229166666666668 0.03287037037037037
0 0.5278645833333333 0.029166666666666667 0.030208333333333334 0.04861111111111111
