0 0.6856770833333333 0.3365740740740741 0.037760416666666664 0.11666666666666667
0 0.6984375 0.050462962962962966 0.0328125 0.07962962962962963
0 0.5658854166666667 0.39166666666666666 0.028125 0.13194444444444445
0 0.4578125 0.2337962962962963 0.03359375 0.08472222222222223
0 0.3182291666666667 0.1175925925925926 0.03333333333333333 0.041666666666666664
0 0.33697916666666666 0.21898148148148147 0.020572916666666666 0.03796296296296296
0 0.30911458333333336 0.3435185185185185 0.021614583333333333 0.034722222222222224
0 0.328125 0.45601851851851855 0.030989583333333334 0.03657407407407407
0 0.46979166666666666 0.42268518518518516 0.03177083333333333 0.0625
0 0.46770833333333334 0.4976851851851852 0.02890625 0.062037037037037036
0 0.40546875 0.7912037037037037 0.036458333333333336 0.04490740740740741
0 0.39453125 0.9430555555555555 0.04583333333333333 0.047685185185185185
0 0.3015625 0.7939814814814815 0.027864583333333335 0.03333333333333333
0 0.32473958333333336 0.9199074074074074 0.0296875 0.04953703703703704
0 0.29401041666666666 0.8939814814814815 0.03359375 0.05277777777777778
0 0.27005208333333336 0.8194444444444444 0.03307291666666667 0.06481481481481481
0 0.29739583333333336 0.8689814814814815 0.032552083333333336 0.05185185185185185
0 0.25703125 0.9254629629629629 0.03046875 0.05324074074074074
0 0.3611979166666667 0.7689814814814815 0.03046875 0.04259259259259259
0 0.6625 0.23564814814814813 0.019010416666666665 0.034722222222222224
0 0.5455729166666666 0.022222222222222223 0.034895833333333334 0.05
