0 0.6841145833333333 0.35694444444444445 0.037760416666666664 0.11666666666666667
0 0.696875 0.056018518518518516 0.0328125 0.07962962962962963
0 0.565625 0.40370370370370373 0.028125 0.13194444444444445
0 0.4552083333333333 0.2361111111111111 0.03515625 0.08888888888888889
0 0.31197916666666664 0.12314814814814815 0.03333333333333333 0.041666666666666664
0 0.3359375 0.22824074074074074 0.020572916666666666 0.03796296296296296
0 0.3098958333333333 0.3560185185185185 0.021614583333333333 0.034722222222222224
0 0.3260416666666667 0.46064814814814814 0.030989583333333334 0.03657407407407407
0 0.46770833333333334 0.43333333333333335 0.03177083333333333 0.0625
0 0.46380208333333334 0.5092592592592593 0.02890625 0.062037037037037036
0 0.4005208333333333 0.8027777777777778 0.036458333333333336 0.04490740740740741
0 0.3880208333333333 0.9513888888888888 0.04583333333333333 0.047685185185185185
0 0.30052083333333335 0.8074074074074075 0.027864583333333335 0.03333333333333333
0 0.32057291666666665 0.9324074074074075 0.0296875 0.04953703703703704
0 0.2921875 0.9125 0.03359375 0.05277777777777778
0 0.2677083333333333 0.8314814814814815 0.03307291666666667 0.06481481481481481
0 0.29765625 0.8777777777777778 0.032552083333333336 0.05185185185185185
0 0.25234375 0.9365740740740741 0.02890625 0.05092592592592592
0 0.35703125 0.7810185185185186 0.03203125 0.04490740740740741
0 0.66328125 0.25046296296296294 0.019010416666666665 0.034722222222222224
0 0.5375 0.02962962962962963 0.034895833333333334 0.05
