0 0.6838541666666667 0.3648148148148148 0.037760416666666664 0.11666666666666667
0 0.69609375 0.058333333333333334 0.0328125 0.07962962962962963
0 0.5625 0.40879629629629627 0.03359375 0.13194444444444445
0 0.4549479166666667 0.2439814814814815 0.03515625 0.08888888888888889
0 0.3143229166666667 0.12777777777777777 0.03333333333333333 0.041666666666666664
0 0.33619791666666665 0.22962962962962963 0.020572916666666666 0.03796296296296296
0 0.30859375 0.35833333333333334 0.02265625 0.03657407407407407
0 0.3263020833333333 0.4625 0.030989583333333334 0.03657407407407407
0 0.4674479166666667 0.43796296296296294 0.03359375 0.06574074074074074
0 0.46171875 0.5115740740740741 0.02890625 0.062037037037037036
0 0.396875 0.8064814814814815 0.03828125 0.04722222222222222
0 0.3875 0.9569444444444445 0.048177083333333336 0.05
0 0.3033854166666667 0.8046296296296296 0.034895833333333334 0.05
0 0.31927083333333334 0.9375 0.03125 0.05185185185185185
0 0.29192708333333334 0.9208333333333333 0.03359375 0.05277777777777778
0 0.26666666666666666 0.837037037037037 0.03307291666666667 0.06481481481481481
0 0.29635416666666664 0.8824074074074074 0.032552083333333336 0.05185185185185185
0 0.25052083333333336 0.9398148148148148 0.02890625 0.05092592592592592
0 0.35546875 0.7847222222222222 0.033854166666666664 0.04722222222222222
0 0.66328125 0.2564814814814815 0.019010416666666665 0.034722222222222224
0 0.534375 0.027314814814814816 0.03333333333333333 0.053703703703703705
