0 0.6859375 0.32546296296296295 0.037760416666666664 0.11666666666666667
0 0.6986979166666667 0.04953703703703704 0.0328125 0.07962962962962963
0 0.5666666666666667 0.38425925925925924 0.028125 0.13194444444444445
0 0.4596354166666667 0.2263888888888889 0.03359375 0.08472222222222223
0 0.3221354166666667 0.11435185185185186 0.03333333333333333 0.041666666666666664
0 0.33880208333333334 0.2125 0.020572916666666666 0.03796296296296296
0 0.3106770833333333 0.3402777777777778 0.020572916666666666 0.03333333333333333
0 0.3294270833333333 0.4537037037037037 0.030989583333333334 0.03657407407407407
0 0.4708333333333333 0.4148148148148148 0.03177083333333333 0.0625
0 0.4703125 0.49398148148148147 0.027604166666666666 0.05925925925925926
0 0.40208333333333335 0.7837962962962963 0.036458333333333336 0.04490740740740741
0 0.3963541666666667 0.9361111111111111 0.04583333333333333 0.047685185185185185
0 0.30416666666666664 0.7865740740740741 0.029427083333333333 0.03518518518518519
0 0.32838541666666665 0.9120370370370371 0.0296875 0.04953703703703704
0 0.29661458333333335 0.8824074074074074 0.03359375 0.05277777777777778
0 0.27057291666666666 0.8092592592592592 0.03307291666666667 0.06481481481481481
0 0.29609375 0.8662037037037037 0.032552083333333336 0.05185185185185185
0 0.25833333333333336 0.9194444444444444 0.03046875 0.05324074074074074
0 0.36380208333333336 0.762962962962963 0.03046875 0.04259259259259259
0 0.6622395833333333 0.22962962962962963 0.019010416666666665 0.034722222222222224
0 0.5533854166666666 0.025 0.03411458333333333 0.0375
