0 0.6825520833333333 0.38287037037037036 0.037760416666666664 0.11666666666666667
0 0.6950520833333333 0.060648148148148145 0.034375 0.0837962962962963
0 0.5643229166666667 0.4199074074074074 0.03359375 0.13194444444444445
0 0.45364583333333336 0.2462962962962963 0.03359375 0.08472222222222223
0 0.3125 0.1300925925925926 0.03333333333333333 0.041666666666666664
0 0.33515625 0.23981481481481481 0.01953125 0.03611111111111111
0 0.309375 0.36944444444444446 0.02265625 0.03657407407407407
0 0.32395833333333335 0.4675925925925926 0.030989583333333334 0.03657407407407407
0 0.46432291666666664 0.44537037037037036 0.03359375 0.06574074074074074
0 0.45989583333333334 0.5194444444444445 0.02890625 0.062037037037037036
0 0.3953125 0.8175925925925925 0.036458333333333336 0.04490740740740741
0 0.3848958333333333 0.9680555555555556 0.050520833333333334 0.052314814814814814
0 0.30182291666666666 0.8217592592592593 0.034895833333333334 0.05
0 0.31536458333333334 0.950925925925926 0.03125 0.05185185185185185
0 0.2911458333333333 0.9319444444444445 0.03515625 0.05555555555555555
0 0.2640625 0.8458333333333333 0.03307291666666667 0.06481481481481481
0 0.29609375 0.8958333333333334 0.032552083333333336 0.05185185185185185
0 0.24583333333333332 0.9444444444444444 0.027604166666666666 0.04814814814814815
0 0.35078125 0.7930555555555555 0.033854166666666664 0.04722222222222222
0 0.6638020833333333 0.27175925925925926 0.018229166666666668 0.03287037037037037
0 0.5296875 0.030555555555555555 0.03177083333333333 0.05092592592592592
