0 0.6846354166666667 0.3472222222222222 0.037760416666666664 0.11666666666666667
0 0.6973958333333333 0.05416666666666667 0.0328125 0.07962962962962963
0 0.5661458333333333 0.3972222222222222 0.028125 0.13194444444444445
0 0.45677083333333335 0.23333333333333334 0.03515625 0.08888888888888889
0 0.3143229166666667 0.11898148148148148 0.03177083333333333 0.03981481481481482
0 0.33619791666666665 0.22361111111111112 0.020572916666666666 0.03796296296296296
0 0.3098958333333333 0.35138888888888886 0.021614583333333333 0.034722222222222224
0 0.32734375 0.4601851851851852 0.030989583333333334 0.03657407407407407
0 0.46927083333333336 0.42824074074074076 0.03177083333333333 0.0625
0 0.465625 0.5050925925925925 0.02890625 0.062037037037037036
0 0.40338541666666666 0.7981481481481482 0.036458333333333336 0.04490740740740741
0 0.39088541666666665 0.9458333333333333 0.04583333333333333 0.047685185185185185
0 0.3028645833333333 0.7976851851851852 0.0265625 0.03194444444444444
0 0.32265625 0.9254629629629629 0.0296875 0.04953703703703704
0 0.29296875 0.9041666666666667 0.03359375 0.05277777777777778
0 0.26953125 0.825 0.03307291666666667 0.06481481481481481
0 0.29765625 0.8694444444444445 0.032552083333333336 0.05185185185185185
0 0.253125 0.9305555555555556 0.02890625 0.05092592592592592
0 0.35911458333333335 0.774537037037037 0.03203125 0.04490740740740741
0 0.6630208333333333 0.24305555555555555 0.019010416666666665 0.034722222222222224
0 0.540625 0.025 0.034895833333333334 0.05
