0 0.6864583333333333 0.3148148148148148 0.037760416666666664 0.11666666666666667
0 0.6989583333333333 0.04953703703703704 0.03125 0.07592592592592592
0 0.5669270833333333 0.3773148148148148 0.029427083333333333 0.13842592592592592
0 0.459375 0.2199074074074074 0.03359375 0.08472222222222223
0 0.32526041666666666 0.1087962962962963 0.03333333333333333 0.041666666666666664
0 0.3377604166666667 0.2074074074074074 0.020572916666666666 0.03796296296296296
0 0.3106770833333333 0.337037037037037 0.01953125 0.03148148148148148
0 0.32526041666666666 0.44907407407407407 0.030989583333333334 0.03657407407407407
0 0.47161458333333334 0.4115740740740741 0.03177083333333333 0.0625
0 0.47239583333333335 0.49027777777777776 0.026302083333333334 0.05648148148148148
0 0.4153645833333333 0.7805555555555556 0.04244791666666667 0.04722222222222222
0 0.3997395833333333 0.9282407407407407 0.048177083333333336 0.05
0 0.3059895833333333 0.7791666666666667 0.030729166666666665 0.03657407407407407
0 0.33125 0.9050925925925926 0.0296875 0.04953703703703704
0 0.29635416666666664 0.8736111111111111 0.03359375 0.05277777777777778
0 0.271875 0.8009259259259259 0.03307291666666667 0.06481481481481481
0 0.29635416666666664 0.8578703703703704 0.03411458333333333 0.05462962962962963
0 0.2591145833333333 0.9125 0.03203125 0.056018518518518516
0 0.36692708333333335 0.7550925925925925 0.03203125 0.04490740740740741
0 0.6622395833333333 0.22268518518518518 0.019010416666666665 0.034722222222222224
0 0.5549479166666667 0.019444444444444445 0.0359375 0.03935185185185185
