0 0.6817708333333333 0.39861111111111114 0.0359375 0.1111111111111111
0 0.69375 0.06805555555555555 0.03619791666666667 0.08796296296296297
0 0.56484375 0.4305555555555556 0.03359375 0.13194444444444445
0 0.45078125 0.2439814814814815 0.03359375 0.08472222222222223
0 0.31015625 0.13472222222222222 0.034895833333333334 0.04351851851851852
0 0.33515625 0.2490740740740741 0.01953125 0.03611111111111111
0 0.30833333333333335 0.3763888888888889 0.025 0.04027777777777778
0 0.32395833333333335 0.46944444444444444 0.029427083333333333 0.034722222222222224
0 0.4583333333333333 0.44814814814814813 0.03515625 0.06898148148148148
0 0.45755208333333336 0.5277777777777778 0.02890625 0.062037037037037036
0 0.39036458333333335 0.8268518518518518 0.036458333333333336 0.04490740740740741
0 0.38203125 0.9731481481481481 0.050520833333333334 0.052314814814814814
0 0.2989583333333333 0.8333333333333334 0.034895833333333334 0.05
0 0.3104166666666667 0.9606481481481481 0.03125 0.05185185185185185
0 0.2916666666666667 0.9444444444444444 0.03515625 0.05555555555555555
0 0.26015625 0.8597222222222223 0.03307291666666667 0.06481481481481481
0 0.29375 0.9069444444444444 0.032552083333333336 0.05185185185185185
0 0.23932291666666666 0.9467592592592593 0.027604166666666666 0.04814814814814815
0 0.34661458333333334 0.8064814814814815 0.03203125 0.04490740740740741
0 0.6643229166666667 0.2875 0.018229166666666668 0.03287037037037037
0 0.52578125 0.030555555555555555 0.030208333333333334 0.04861111111111111
