0 0.6783854166666666 0.4444444444444444 0.037760416666666664 0.11666666666666667
0 0.6942708333333333 0.08101851851851852 0.034375 0.0837962962962963
0 0.5640625 0.46064814814814814 0.03359375 0.13194444444444445
0 0.44947916666666665 0.25925925925925924 0.03203125 0.08055555555555556
0 0.30833333333333335 0.1527777777777778 0.03671875 0.04583333333333333
0 0.32890625 0.300462962962963 0.01875 0.07777777777777778
0 0.3046875 0.39814814814814814 0.026041666666666668 0.04212962962962963
0 0.3182291666666667 0.47685185185185186 0.028125 0.03333333333333333
0 0.45625 0.46620370370370373 0.03515625 0.06898148148148148
0 0.45078125 0.5472222222222223 0.02890625 0.062037037037037036
0 0.375 0.8476851851851852 0.03463541666666667 0.04259259259259259
0 0.37265625 0.9837962962962963 0.05572916666666667 0.05787037037037037
0 0.2921875 0.8597222222222223 0.034895833333333334 0.05
0 0.30104166666666665 0.9912037037037037 0.0328125 0.05462962962962963
0 0.28515625 0.9740740740740741 0.03046875 0.047685185185185185
0 0.25078125 0.8972222222222223 0.031510416666666666 0.06157407407407407
0 0.28802083333333334 0.9310185185185185 0.030989583333333334 0.04953703703703704
0 0.22760416666666666 0.9601851851851851 0.027604166666666666 0.04814814814814815
0 0.33125 0.8300925925925926 0.029166666666666667 0.040740740740740744
0 0.6661458333333333 0.3398148148148148 0.018229166666666668 0.03287037037037037
0 0.51484375 0.041666666666666664 0.030208333333333334 0.04861111111111111
