0 0.6799479166666667 0.42962962962962964 0.0359375 0.1111111111111111
0 0.69453125 0.07731481481481481 0.034375 0.0837962962962963
0 0.5640625 0.4513888888888889 0.03359375 0.13194444444444445
0 0.44895833333333335 0.2523148148148148 0.03203125 0.08055555555555556
0 0.3067708333333333 0.1412037037037037 0.03671875 0.04583333333333333
0 0.3307291666666667 0.28055555555555556 0.01875 0.075
0 0.30755208333333334 0.3912037037037037 0.026041666666666668 0.04212962962962963
0 0.32057291666666665 0.4726851851851852 0.029427083333333333 0.034722222222222224
0 0.45703125 0.462037037037037 0.03515625 0.06898148148148148
0 0.45260416666666664 0.5412037037037037 0.027604166666666666 0.05925925925925926
0 0.37864583333333335 0.8435185185185186 0.03463541666666667 0.04259259259259259
0 0.3736979166666667 0.9810185185185185 0.050520833333333334 0.052314814814814814
0 0.2942708333333333 0.8518518518518519 0.034895833333333334 0.05
0 0.3033854166666667 0.9736111111111111 0.03125 0.05185185185185185
0 0.2872395833333333 0.9666666666666667 0.03359375 0.05277777777777778
0 0.25416666666666665 0.8847222222222222 0.03307291666666667 0.06481481481481481
0 0.28828125 0.925 0.030989583333333334 0.04953703703703704
0 0.23072916666666668 0.950925925925926 0.027604166666666666 0.04814814814814815
0 0.33645833333333336 0.8231481481481482 0.03046875 0.04259259259259259
0 0.6674479166666667 0.3226851851851852 0.018229166666666668 0.03287037037037037
0 0.5192708333333333 0.04027777777777778 0.02890625 0.046296296296296294
