0 0.6807291666666667 0.4152777777777778 0.0359375 0.1111111111111111
0 0.6942708333333333 0.07083333333333333 0.034375 0.0837962962962963
0 0.5640625 0.44212962962962965 0.03359375 0.13194444444444445
0 0.45026041666666666 0.2439814814814815 0.03203125 0.08055555555555556
0 0.3109375 0.1412037037037037 0.034895833333333334 0.04351851851851852
0 0.33567708333333335 0.2564814814814815 0.01953125 0.03611111111111111
0 0.3078125 0.38425925925925924 0.025 0.04027777777777778
0 0.321875 0.4699074074074074 0.028125 0.03333333333333333
0 0.4583333333333333 0.4550925925925926 0.03515625 0.06898148148148148
0 0.45598958333333334 0.5361111111111111 0.02890625 0.062037037037037036
0 0.37864583333333335 0.8328703703703704 0.03463541666666667 0.04259259259259259
0 0.37604166666666666 0.9726851851851852 0.050520833333333334 0.052314814814814814
0 0.29609375 0.8425925925925926 0.034895833333333334 0.05
0 0.30755208333333334 0.9722222222222222 0.03125 0.05185185185185185
0 0.2916666666666667 0.9564814814814815 0.03515625 0.05555555555555555
0 0.25807291666666665 0.8708333333333333 0.03307291666666667 0.06481481481481481
0 0.29140625 0.9162037037037037 0.032552083333333336 0.05185185185185185
0 0.23619791666666667 0.9513888888888888 0.027604166666666666 0.04814814814814815
0 0.34140625 0.812037037037037 0.03046875 0.04259259259259259
0 0.6645833333333333 0.3023148148148148 0.018229166666666668 0.03287037037037037
0 0.5229166666666667 0.03564814814814815 0.02890625 0.046296296296296294
