0 0.6770833333333334 0.4666666666666667 0.037760416666666664 0.11666666666666667
0 0.69296875 0.08148148148148149 0.03125 0.07592592592592592
0 0.5638020833333334 0.475 0.03359375 0.13194444444444445
0 0.44505208333333335 0.2662037037037037 0.03203125 0.08055555555555556
0 0.3059895833333333 0.1648148148148148 0.03333333333333333 0.041666666666666664
0 0.32421875 0.32916666666666666 0.020572916666666666 0.08564814814814815
0 0.30130208333333336 0.40555555555555556 0.025 0.04027777777777778
0 0.31171875 0.4777777777777778 0.028125 0.03333333333333333
0 0.45390625 0.47453703703703703 0.03515625 0.06898148148148148
0 0.44817708333333334 0.5518518518518518 0.03046875 0.06527777777777778
0 0.37109375 0.8648148148148148 0.03463541666666667 0.04259259259259259
0 0.3606770833333333 0.9972222222222222 0.050520833333333334 0.052314814814814814
0 0.2890625 0.874537037037037 0.034895833333333334 0.05
0 0.2799479166666667 0.9842592592592593 0.03046875 0.047685185185185185
0 0.24453125 0.9162037037037037 0.03307291666666667 0.06481481481481481
0 0.2828125 0.9430555555555555 0.029427083333333333 0.04722222222222222
0 0.22161458333333334 0.9736111111111111 0.027604166666666666 0.04814814814814815
0 0.3234375 0.8476851851851852 0.027864583333333335 0.03888888888888889
0 0.6658854166666667 0.3648148148148148 0.018229166666666668 0.03287037037037037
0 0.5096354166666667 0.04398148148148148 0.02890625 0.046296296296296294
