0 0.6778645833333333 0.45231481481481484 0.037760416666666664 0.11666666666666667
0 0.6932291666666667 0.08287037037037037 0.0328125 0.07962962962962963
0 0.5635416666666667 0.4648148148148148 0.03359375 0.13194444444444445
0 0.44765625 0.26064814814814813 0.03203125 0.08055555555555556
0 0.3067708333333333 0.15833333333333333 0.03671875 0.04583333333333333
0 0.32864583333333336 0.30648148148148147 0.01875 0.07777777777777778
0 0.3046875 0.40324074074074073 0.026041666666666668 0.04212962962962963
0 0.31666666666666665 0.47685185185185186 0.028125 0.03333333333333333
0 0.4549479166666667 0.4671296296296296 0.03515625 0.06898148148148148
0 0.45078125 0.5486111111111112 0.02890625 0.062037037037037036
0 0.3729166666666667 0.8527777777777777 0.03463541666666667 0.04259259259259259
0 0.37057291666666664 0.9930555555555556 0.053125 0.055092592592592596
0 0.29140625 0.8657407407407407 0.034895833333333334 0.05
0 0.2984375 0.9967592592592592 0.0328125 0.05462962962962963
0 0.2833333333333333 0.975 0.03046875 0.047685185185185185
0 0.24973958333333332 0.9060185185185186 0.03307291666666667 0.06481481481481481
0 0.28828125 0.9365740740740741 0.029427083333333333 0.04722222222222222
0 0.22526041666666666 0.9652777777777778 0.027604166666666666 0.04814814814814815
0 0.3299479166666667 0.836574074074074 0.029166666666666667 0.040740740740740744
0 0.66640625 0.34675925925925927 0.018229166666666668 0.03287037037037037
0 0.5122395833333333 0.0412037037037037 0.030208333333333334 0.04861111111111111
