0 0.67734375 0.4583333333333333 0.037760416666666664 0.11666666666666667
0 0.6932291666666667 0.0837962962962963 0.03125 0.07592592592592592
0 0.56328125 0.4708333333333333 0.03359375 0.13194444444444445
0 0.4471354166666667 0.26481481481481484 0.03203125 0.08055555555555556
0 0.30520833333333336 0.16203703703703703 0.034895833333333334 0.04351851851851852
0 0.32734375 0.31851851851851853 0.019791666666666666 0.08148148148148149
0 0.3 0.4013888888888889 0.026041666666666668 0.04212962962962963
0 0.3143229166666667 0.47824074074074074 0.028125 0.03333333333333333
0 0.45364583333333336 0.4699074074074074 0.03515625 0.06898148148148148
0 0.44947916666666665 0.5504629629629629 0.03046875 0.06527777777777778
0 0.3734375 0.8601851851851852 0.03463541666666667 0.04259259259259259
0 0.36614583333333334 0.9986111111111111 0.050520833333333334 0.052314814814814814
0 0.29140625 0.8703703703703703 0.034895833333333334 0.05
0 0.29713541666666665 1.0027777777777778 0.0328125 0.05462962962962963
0 0.28020833333333334 0.9837962962962963 0.03046875 0.047685185185185185
0 0.24739583333333334 0.9106481481481481 0.03307291666666667 0.06481481481481481
0 0.2859375 0.9407407407407408 0.029427083333333333 0.04722222222222222
0 0.2234375 0.9717592592592592 0.027604166666666666 0.04814814814814815
0 0.32708333333333334 0.8435185185185186 0.029166666666666667 0.040740740740740744
0 0.665625 0.35509259259259257 0.018229166666666668 0.03287037037037037
0 0.5091145833333334 0.0412037037037037 0.030208333333333334 0.04861111111111111
