0 0.68046875 0.42268518518518516 0.0359375 0.1111111111111111
0 0.6947916666666667 0.07407407407407407 0.034375 0.0837962962962963
0 0.5640625 0.4462962962962963 0.03359375 0.13194444444444445
0 0.44921875 0.25046296296296294 0.03203125 0.08055555555555556
0 0.30807291666666664 0.14027777777777778 0.034895833333333334 0.04351851851851852
0 0.3346354166666667 0.27037037037037037 0.01875 0.03425925925925926
0 0.3078125 0.38796296296296295 0.026041666666666668 0.04212962962962963
0 0.32083333333333336 0.47175925925925927 0.028125 0.03333333333333333
0 0.45755208333333336 0.45925925925925926 0.03515625 0.06898148148148148
0 0.45390625 0.538425925925926 0.02890625 0.062037037037037036
0 0.37942708333333336 0.8384259259259259 0.03463541666666667 0.04259259259259259
0 0.37473958333333335 0.987037037037037 0.048177083333333336 0.05
0 0.2950520833333333 0.8467592592592592 0.034895833333333334 0.05
0 0.30442708333333335 0.9736111111111111 0.03125 0.05185185185185185
0 0.28932291666666665 0.9611111111111111 0.03359375 0.05277777777777778
0 0.2557291666666667 0.8782407407407408 0.031510416666666666 0.06157407407407407
0 0.28984375 0.9199074074074074 0.030989583333333334 0.04953703703703704
0 0.23385416666666667 0.9518518518518518 0.027604166666666666 0.04814814814814815
0 0.3390625 0.8180555555555555 0.03046875 0.04259259259259259
0 0.6671875 0.31203703703703706 0.018229166666666668 0.03287037037037037
0 0.52109375 0.03611111111111111 0.02890625 0.046296296296296294
