0 0.5481770833333334 0.21805555555555556 0.037760416666666664 0.11666666666666667
0 0.546875 0.21666666666666667 0.01953125 0.03981481481481482
0 0.5135416666666667 0.05185185185185185 0.034375 0.062037037037037036
0 0.43020833333333336 0.2412037037037037 0.029427083333333333 0.13842592592592592
0 0.38333333333333336 0.19027777777777777 0.03359375 0.06342592592592593
0 0.32265625 0.16342592592592592 0.02578125 0.04351851851851852
0 0.2921875 0.20416666666666666 0.03359375 0.06620370370370371
0 0.2953125 0.30277777777777776 0.02734375 0.034722222222222224
0 0.30703125 0.34444444444444444 0.030989583333333334 0.03657407407407407
0 0.3653645833333333 0.3921296296296296 0.03515625 0.06898148148148148
0 0.36276041666666664 0.43287037037037035 0.018489583333333334 0.041666666666666664
0 0.36796875 0.5972222222222222 0.030989583333333334 0.04259259259259259
0 0.36822916666666666 0.7439814814814815 0.032552083333333336 0.033796296296296297
0 0.2828125 0.6685185185185185 0.03567708333333333 0.04259259259259259
0 0.2591145833333333 0.6898148148148148 0.026822916666666665 0.043055555555555555
0 0.27265625 0.5976851851851852 0.03723958333333333 0.06018518518518518
0 0.2635416666666667 0.5425925925925926 0.032552083333333336 0.06527777777777778
0 0.1859375 0.5532407407407407 0.031510416666666666 0.06157407407407407
0 0.21276041666666667 0.6041666666666666 0.03411458333333333 0.05462962962962963
0 0.18333333333333332 0.7069444444444445 0.038802083333333334 0.06805555555555555
