0 0.54765625 0.2101851851851852 0.037760416666666664 0.11666666666666667
0 0.546875 0.20694444444444443 0.01953125 0.03981481481481482
0 0.5171875 0.04675925925925926 0.034375 0.062037037037037036
0 0.43072916666666666 0.2375 0.029427083333333333 0.13842592592592592
0 0.3848958333333333 0.18564814814814815 0.03359375 0.06342592592592593
0 0.32005208333333335 0.1597222222222222 0.02578125 0.04351851851851852
0 0.2955729166666667 0.19907407407407407 0.03359375 0.06620370370370371
0 0.29635416666666664 0.2972222222222222 0.028645833333333332 0.03657407407407407
0 0.30911458333333336 0.3398148148148148 0.032552083333333336 0.038425925925925926
0 0.3645833333333333 0.38981481481481484 0.03515625 0.06898148148148148
0 0.36354166666666665 0.42777777777777776 0.01953125 0.04351851851851852
0 0.36744791666666665 0.5907407407407408 0.032552083333333336 0.04490740740740741
0 0.36822916666666666 0.7379629629629629 0.03411458333333333 0.03564814814814815
0 0.27890625 0.6657407407407407 0.03567708333333333 0.04259259259259259
0 0.259375 0.6837962962962963 0.026822916666666665 0.043055555555555555
0 0.2716145833333333 0.5986111111111111 0.03723958333333333 0.06018518518518518
0 0.26276041666666666 0.5365740740740741 0.032552083333333336 0.06527777777777778
0 0.18671875 0.549537037037037 0.031510416666666666 0.06157407407407407
0 0.21276041666666667 0.6018518518518519 0.03411458333333333 0.05462962962962963
0 0.18307291666666667 0.7055555555555556 0.038802083333333334 0.06805555555555555
