0 0.5458333333333333 0.19490740740740742 0.037760416666666664 0.11666666666666667
0 0.54609375 0.1912037037037037 0.01953125 0.03981481481481482
0 0.5190104166666667 0.03518518518518519 0.034375 0.062037037037037036
0 0.42994791666666665 0.23287037037037037 0.029427083333333333 0.13842592592592592
0 0.3809895833333333 0.17731481481481481 0.03359375 0.06342592592592593
0 0.31614583333333335 0.14583333333333334 0.027083333333333334 0.04583333333333333
0 0.2942708333333333 0.1912037037037037 0.03359375 0.06620370370370371
0 0.29322916666666665 0.2916666666666667 0.028645833333333332 0.03657407407407407
0 0.29973958333333334 0.33935185185185185 0.03411458333333333 0.04027777777777778
0 0.36484375 0.38425925925925924 0.03515625 0.06898148148148148
0 0.3614583333333333 0.42268518518518516 0.01953125 0.04351851851851852
0 0.36666666666666664 0.5916666666666667 0.030989583333333334 0.04259259259259259
0 0.3651041666666667 0.736574074074074 0.0359375 0.037037037037037035
0 0.27265625 0.6587962962962963 0.039322916666666666 0.04675925925925926
0 0.2640625 0.687037037037037 0.026822916666666665 0.043055555555555555
0 0.26458333333333334 0.5930555555555556 0.03723958333333333 0.06018518518518518
0 0.26223958333333336 0.5365740740740741 0.032552083333333336 0.06527777777777778
0 0.1859375 0.5481481481481482 0.031510416666666666 0.06157407407407407
0 0.21015625 0.600462962962963 0.03411458333333333 0.05462962962962963
0 0.18151041666666667 0.7037037037037037 0.038802083333333334 0.06805555555555555
