0 0.5447916666666667 0.1884259259259259 0.0359375 0.1111111111111111
0 0.54453125 0.18425925925925926 0.01953125 0.03981481481481482
0 0.5203125 0.03425925925925926 0.034375 0.062037037037037036
0 0.42942708333333335 0.23287037037037037 0.029427083333333333 0.13842592592592592
0 0.38046875 0.17777777777777778 0.03515625 0.06666666666666667
0 0.3138020833333333 0.1425925925925926 0.028385416666666666 0.04814814814814815
0 0.29192708333333334 0.19027777777777777 0.03359375 0.06620370370370371
0 0.2916666666666667 0.2912037037037037 0.030208333333333334 0.038425925925925926
0 0.2984375 0.33935185185185185 0.03411458333333333 0.04027777777777778
0 0.3651041666666667 0.3837962962962963 0.03515625 0.06898148148148148
0 0.3606770833333333 0.4203703703703704 0.01953125 0.04351851851851852
0 0.36302083333333335 0.5907407407407408 0.030989583333333334 0.04259259259259259
0 0.36354166666666665 0.7356481481481482 0.03411458333333333 0.03564814814814815
0 0.2713541666666667 0.6601851851851852 0.039322916666666666 0.04675925925925926
0 0.25755208333333335 0.6884259259259259 0.0328125 0.05462962962962963
0 0.26458333333333334 0.5958333333333333 0.03723958333333333 0.06018518518518518
0 0.25807291666666665 0.5407407407407407 0.032552083333333336 0.06527777777777778
0 0.18567708333333333 0.549537037037037 0.031510416666666666 0.06157407407407407
0 0.20859375 0.6023148148148149 0.03411458333333333 0.05462962962962963
0 0.18046875 0.7037037037037037 0.038802083333333334 0.06805555555555555
