0 0.5440104166666667 0.1787037037037037 0.0359375 0.1111111111111111
0 0.5434895833333333 0.1726851851851852 0.01953125 0.03981481481481482
0 0.5229166666666667 0.030555555555555555 0.034375 0.062037037037037036
0 0.43020833333333336 0.23194444444444445 0.029427083333333333 0.13842592592592592
0 0.37890625 0.17777777777777778 0.03515625 0.06666666666666667
0 0.3106770833333333 0.13518518518518519 0.029947916666666668 0.050462962962962966
0 0.2911458333333333 0.18287037037037038 0.03359375 0.06620370370370371
0 0.2828125 0.2810185185185185 0.030208333333333334 0.038425925925925926
0 0.296875 0.33935185185185185 0.03411458333333333 0.04027777777777778
0 0.36432291666666666 0.3800925925925926 0.03515625 0.06898148148148148
0 0.35989583333333336 0.4185185185185185 0.01953125 0.04351851851851852
0 0.3606770833333333 0.5898148148148148 0.028125 0.038425925925925926
0 0.3614583333333333 0.7388888888888889 0.0359375 0.037037037037037035
0 0.26796875 0.6578703703703703 0.039322916666666666 0.04675925925925926
0 0.2513020833333333 0.6861111111111111 0.0328125 0.05462962962962963
0 0.2677083333333333 0.600925925925926 0.03723958333333333 0.06018518518518518
0 0.2518229166666667 0.549074074074074 0.03411458333333333 0.06851851851851852
0 0.17838541666666666 0.5546296296296296 0.031510416666666666 0.06157407407407407
0 0.20677083333333332 0.6041666666666666 0.03411458333333333 0.05462962962962963
0 0.17994791666666668 0.711574074074074 0.038802083333333334 0.06805555555555555
