0 0.5473958333333333 0.17314814814814813 0.0359375 0.1111111111111111
0 0.546875 0.16574074074074074 0.01953125 0.03981481481481482
0 0.52890625 0.02962962962962963 0.0328125 0.05925925925925926
0 0.4348958333333333 0.2324074074074074 0.029427083333333333 0.13842592592592592
0 0.3807291666666667 0.17731481481481481 0.03515625 0.06666666666666667
0 0.3145833333333333 0.1337962962962963 0.029947916666666668 0.050462962962962966
0 0.29348958333333336 0.1787037037037037 0.03203125 0.06296296296296296
0 0.28203125 0.27824074074074073 0.028645833333333332 0.03657407407407407
0 0.2989583333333333 0.3384259259259259 0.03411458333333333 0.04027777777777778
0 0.3684895833333333 0.3787037037037037 0.03515625 0.06898148148148148
0 0.36380208333333336 0.41805555555555557 0.01953125 0.04351851851851852
0 0.36432291666666666 0.5907407407407408 0.028125 0.038425925925925926
0 0.36484375 0.7402777777777778 0.0359375 0.037037037037037035
0 0.2734375 0.6574074074074074 0.039322916666666666 0.04675925925925926
0 0.26067708333333334 0.6912037037037037 0.0328125 0.05462962962962963
0 0.2630208333333333 0.5967592592592592 0.0390625 0.06296296296296296
0 0.2526041666666667 0.5550925925925926 0.032552083333333336 0.06527777777777778
0 0.18177083333333333 0.5527777777777778 0.031510416666666666 0.06157407407407407
0 0.20989583333333334 0.6055555555555555 0.03411458333333333 0.05462962962962963
0 0.18541666666666667 0.7134259259259259 0.038802083333333334 0.06805555555555555
