0 0.553125 0.17083333333333334 0.0359375 0.1111111111111111
0 0.55234375 0.1625 0.01953125 0.03981481481481482
0 0.53671875 0.02962962962962963 0.0328125 0.05925925925925926
0 0.44114583333333335 0.23472222222222222 0.029427083333333333 0.13842592592592592
0 0.38645833333333335 0.17916666666666667 0.03515625 0.06666666666666667
0 0.31666666666666665 0.12638888888888888 0.028385416666666666 0.04814814814814815
0 0.29973958333333334 0.17916666666666667 0.03203125 0.06296296296296296
0 0.28802083333333334 0.2777777777777778 0.030208333333333334 0.038425925925925926
0 0.3015625 0.3398148148148148 0.032552083333333336 0.038425925925925926
0 0.37421875 0.37824074074074077 0.03515625 0.06898148148148148
0 0.36953125 0.41712962962962963 0.018489583333333334 0.041666666666666664
0 0.3697916666666667 0.5925925925925926 0.026822916666666665 0.03657407407407407
0 0.36953125 0.7421296296296296 0.0359375 0.037037037037037035
0 0.278125 0.6569444444444444 0.04140625 0.04953703703703704
0 0.26614583333333336 0.6916666666666667 0.03125 0.05185185185185185
0 0.26796875 0.5995370370370371 0.0390625 0.06296296296296296
0 0.25703125 0.5583333333333333 0.030989583333333334 0.062037037037037036
0 0.18645833333333334 0.5560185185185185 0.031510416666666666 0.06157407407407407
0 0.21484375 0.6074074074074074 0.03411458333333333 0.05462962962962963
0 0.19140625 0.7157407407407408 0.038802083333333334 0.06805555555555555
