0 0.5627604166666667 0.16342592592592592 0.037760416666666664 0.11666666666666667
0 0.56171875 0.15601851851851853 0.01953125 0.03981481481481482
0 0.5466145833333333 0.029166666666666667 0.0328125 0.05925925925925926
0 0.4510416666666667 0.2351851851851852 0.029427083333333333 0.13842592592592592
0 0.39453125 0.17777777777777778 0.03515625 0.06666666666666667
0 0.32317708333333334 0.12314814814814815 0.028385416666666666 0.04814814814814815
0 0.30833333333333335 0.18194444444444444 0.03203125 0.06296296296296296
0 0.29348958333333336 0.27546296296296297 0.030208333333333334 0.038425925925925926
0 0.31171875 0.3398148148148148 0.032552083333333336 0.038425925925925926
0 0.3841145833333333 0.37916666666666665 0.03515625 0.06898148148148148
0 0.37916666666666665 0.4166666666666667 0.01953125 0.04351851851851852
0 0.3802083333333333 0.5912037037037037 0.026822916666666665 0.03657407407407407
0 0.37890625 0.7430555555555556 0.0359375 0.037037037037037035
0 0.28463541666666664 0.6569444444444444 0.04140625 0.04953703703703704
0 0.27239583333333334 0.6939814814814815 0.03125 0.05185185185185185
0 0.27578125 0.6018518518518519 0.0390625 0.06296296296296296
0 0.26536458333333335 0.5527777777777778 0.029427083333333333 0.05925925925925926
0 0.1984375 0.5611111111111111 0.031510416666666666 0.06157407407407407
0 0.22291666666666668 0.6097222222222223 0.032552083333333336 0.05185185185185185
0 0.20104166666666667 0.7175925925925926 0.038802083333333334 0.06805555555555555
