0 0.5752604166666667 0.1587962962962963 0.037760416666666664 0.11666666666666667
0 0.5739583333333333 0.1476851851851852 0.01953125 0.03981481481481482
0 0.56171875 0.029166666666666667 0.0328125 0.05925925925925926
0 0.4640625 0.23564814814814813 0.029427083333333333 0.13842592592592592
0 0.39947916666666666 0.16805555555555557 0.03359375 0.06342592592592593
0 0.33046875 0.12129629629629629 0.029947916666666668 0.050462962962962966
0 0.3221354166666667 0.1837962962962963 0.03203125 0.06296296296296296
0 0.30416666666666664 0.274537037037037 0.030208333333333334 0.038425925925925926
0 0.31927083333333334 0.34074074074074073 0.030989583333333334 0.03657407407407407
0 0.396875 0.37916666666666665 0.03515625 0.06898148148148148
0 0.39166666666666666 0.4134259259259259 0.0203125 0.04583333333333333
0 0.39166666666666666 0.5921296296296297 0.026822916666666665 0.03657407407407407
0 0.38984375 0.7458333333333333 0.037760416666666664 0.03935185185185185
0 0.29609375 0.6587962962962963 0.039322916666666666 0.04675925925925926
0 0.2838541666666667 0.6967592592592593 0.03125 0.05185185185185185
0 0.28229166666666666 0.5856481481481481 0.0390625 0.06296296296296296
0 0.27317708333333335 0.5569444444444445 0.028125 0.05648148148148148
0 0.2109375 0.5601851851851852 0.031510416666666666 0.06157407407407407
0 0.23489583333333333 0.6125 0.032552083333333336 0.05185185185185185
0 0.2140625 0.7203703703703703 0.038802083333333334 0.06805555555555555
