0 0.6421875 0.13425925925925927 0.037760416666666664 0.11666666666666667
0 0.6411458333333333 0.12916666666666668 0.02265625 0.04583333333333333
0 0.6278645833333333 0.02962962962962963 0.0328125 0.05925925925925926
0 0.53359375 0.24074074074074073 0.029427083333333333 0.13842592592592592
0 0.4700520833333333 0.16898148148148148 0.03359375 0.06342592592592593
0 0.3890625 0.1175925925925926 0.0296875 0.050462962962962966
0 0.3828125 0.1550925925925926 0.03515625 0.06944444444444445
0 0.36328125 0.27037037037037037 0.03177083333333333 0.04027777777777778
0 0.371875 0.3421296296296296 0.03411458333333333 0.04027777777777778
0 0.459375 0.3726851851851852 0.040625 0.07962962962962963
0 0.4578125 0.4134259259259259 0.028125 0.04722222222222222
0 0.45546875 0.5990740740740741 0.030989583333333334 0.04259259259259259
0 0.45208333333333334 0.7523148148148148 0.037760416666666664 0.03935185185185185
0 0.359375 0.6638888888888889 0.04140625 0.04953703703703704
0 0.34765625 0.7083333333333334 0.0296875 0.04953703703703704
0 0.35 0.5847222222222223 0.029166666666666667 0.04583333333333333
0 0.2752604166666667 0.5662037037037037 0.03307291666666667 0.06481481481481481
0 0.29921875 0.6222222222222222 0.032552083333333336 0.05185185185185185
0 0.2796875 0.7268518518518519 0.03697916666666667 0.06481481481481481
0 0.36354166666666665 0.6324074074074074 0.021875 0.03888888888888889
