0 0.6546875 0.12962962962962962 0.037760416666666664 0.11666666666666667
0 0.6536458333333334 0.12453703703703704 0.02265625 0.04583333333333333
0 0.64140625 0.03148148148148148 0.034375 0.062037037037037036
0 0.5466145833333333 0.24166666666666667 0.029427083333333333 0.13842592592592592
0 0.4825520833333333 0.1685185185185185 0.03515625 0.06666666666666667
0 0.403125 0.11851851851851852 0.0296875 0.050462962962962966
0 0.39947916666666666 0.1550925925925926 0.03515625 0.06944444444444445
0 0.37473958333333335 0.26851851851851855 0.03177083333333333 0.04027777777777778
0 0.37604166666666666 0.34444444444444444 0.0359375 0.04212962962962963
0 0.47265625 0.3731481481481482 0.040625 0.07962962962962963
0 0.46953125 0.4134259259259259 0.028385416666666666 0.04814814814814815
0 0.46640625 0.6018518518518519 0.030989583333333334 0.04259259259259259
0 0.46328125 0.7546296296296297 0.037760416666666664 0.03935185185185185
0 0.3690104166666667 0.6657407407407407 0.039322916666666666 0.04675925925925926
0 0.35963541666666665 0.7111111111111111 0.0296875 0.04953703703703704
0 0.35494791666666664 0.5912037037037037 0.027864583333333335 0.04351851851851852
0 0.2875 0.5712962962962963 0.03307291666666667 0.06481481481481481
0 0.31145833333333334 0.625462962962963 0.032552083333333336 0.05185185185185185
0 0.29192708333333334 0.7296296296296296 0.03697916666666667 0.06481481481481481
0 0.3776041666666667 0.6393518518518518 0.021875 0.03888888888888889
