0 0.6677083333333333 0.12453703703703704 0.03958333333333333 0.12268518518518519
0 0.6658854166666667 0.11898148148148148 0.02265625 0.04583333333333333
0 0.6546875 0.01898148148148148 0.034375 0.062037037037037036
0 0.5596354166666667 0.24166666666666667 0.029427083333333333 0.13842592592592592
0 0.4942708333333333 0.1685185185185185 0.03515625 0.06666666666666667
0 0.415625 0.11666666666666667 0.028385416666666666 0.04814814814814815
0 0.40859375 0.1439814814814815 0.03359375 0.06620370370370371
0 0.3841145833333333 0.26805555555555555 0.03177083333333333 0.04027777777777778
0 0.38359375 0.34814814814814815 0.03411458333333333 0.04027777777777778
0 0.48385416666666664 0.37037037037037035 0.040625 0.07962962962962963
0 0.4817708333333333 0.4162037037037037 0.025260416666666667 0.05185185185185185
0 0.47760416666666666 0.6050925925925926 0.030989583333333334 0.04259259259259259
0 0.47317708333333336 0.7578703703703704 0.037760416666666664 0.03935185185185185
0 0.3802083333333333 0.6652777777777777 0.04140625 0.04953703703703704
0 0.37109375 0.7134259259259259 0.0296875 0.04953703703703704
0 0.37005208333333334 0.5962962962962963 0.027864583333333335 0.04351851851851852
0 0.29765625 0.5694444444444444 0.03307291666666667 0.06481481481481481
0 0.321875 0.6296296296296297 0.032552083333333336 0.05185185185185185
0 0.30442708333333335 0.7324074074074074 0.03697916666666667 0.06481481481481481
0 0.3848958333333333 0.6310185185185185 0.020833333333333332 0.037037037037037035
