0 0.6778645833333333 0.12129629629629629 0.03958333333333333 0.12268518518518519
0 0.675 0.11435185185185186 0.02265625 0.04583333333333333
0 0.6669270833333333 0.031018518518518518 0.034375 0.062037037037037036
0 0.5690104166666666 0.24259259259259258 0.028125 0.13194444444444445
0 0.50390625 0.16620370370370371 0.03515625 0.06666666666666667
0 0.42526041666666664 0.12037037037037036 0.027083333333333334 0.04583333333333333
0 0.415625 0.13703703703703704 0.03203125 0.06296296296296296
0 0.39166666666666666 0.26851851851851855 0.03177083333333333 0.04027777777777778
0 0.396875 0.34675925925925927 0.032552083333333336 0.038425925925925926
0 0.49296875 0.36944444444444446 0.040625 0.07962962962962963
0 0.4908854166666667 0.4125 0.022395833333333334 0.046296296296296294
0 0.48828125 0.6083333333333333 0.030989583333333334 0.04259259259259259
0 0.4817708333333333 0.7574074074074074 0.037760416666666664 0.03935185185185185
0 0.38776041666666666 0.6648148148148149 0.04140625 0.04953703703703704
0 0.378125 0.7171296296296297 0.0296875 0.04953703703703704
0 0.3734375 0.600462962962963 0.027864583333333335 0.04351851851851852
0 0.30807291666666664 0.575925925925926 0.03307291666666667 0.06481481481481481
0 0.3307291666666667 0.6296296296296297 0.03411458333333333 0.05462962962962963
0 0.31354166666666666 0.7337962962962963 0.03697916666666667 0.06481481481481481
0 0.39296875 0.6361111111111111 0.020833333333333332 0.037037037037037035
