0 0.6828125 0.11712962962962963 0.037760416666666664 0.11666666666666667
0 0.6802083333333333 0.1111111111111111 0.02265625 0.04583333333333333
0 0.6770833333333334 0.011111111111111112 0.034375 0.062037037037037036
0 0.5736979166666667 0.2412037037037037 0.029427083333333333 0.13842592592592592
0 0.5106770833333333 0.16620370370370371 0.03359375 0.06342592592592593
0 0.43072916666666666 0.12083333333333333 0.028385416666666666 0.04814814814814815
0 0.41953125 0.1412037037037037 0.03203125 0.06296296296296296
0 0.39401041666666664 0.2657407407407407 0.03177083333333333 0.04027777777777778
0 0.4041666666666667 0.34953703703703703 0.032552083333333336 0.038425925925925926
0 0.4973958333333333 0.36898148148148147 0.038802083333333334 0.07592592592592592
0 0.4953125 0.4101851851851852 0.025 0.053703703703703705
0 0.4903645833333333 0.6111111111111112 0.030989583333333334 0.04259259259259259
0 0.48359375 0.7597222222222222 0.037760416666666664 0.03935185185185185
0 0.39140625 0.6638888888888889 0.04140625 0.04953703703703704
0 0.38177083333333334 0.7185185185185186 0.0296875 0.04953703703703704
0 0.3768229166666667 0.600925925925926 0.027864583333333335 0.04351851851851852
0 0.3140625 0.5740740740740741 0.03307291666666667 0.06481481481481481
0 0.33125 0.6319444444444444 0.032552083333333336 0.05185185185185185
0 0.3171875 0.7342592592592593 0.03697916666666667 0.06481481481481481
0 0.39557291666666666 0.6393518518518518 0.020833333333333332 0.037037037037037035
