0 0.6854166666666667 0.11018518518518519 0.0359375 0.1111111111111111
0 0.68359375 0.10694444444444444 0.02265625 0.04583333333333333
0 0.6794270833333333 0.010648148148148148 0.034375 0.062037037037037036
0 0.57734375 0.24074074074074073 0.029427083333333333 0.13842592592592592
0 0.5130208333333334 0.1699074074074074 0.03359375 0.06342592592592593
0 0.41953125 0.09398148148148149 0.03854166666666667 0.04814814814814815
0 0.42213541666666665 0.14166666666666666 0.03203125 0.06296296296296296
0 0.390625 0.26157407407407407 0.03333333333333333 0.04212962962962963
0 0.40651041666666665 0.35 0.032552083333333336 0.038425925925925926
0 0.50078125 0.3675925925925926 0.03697916666666667 0.07222222222222222
0 0.49505208333333334 0.40925925925925927 0.025 0.053703703703703705
0 0.4908854166666667 0.6106481481481482 0.030989583333333334 0.04259259259259259
0 0.4830729166666667 0.7611111111111111 0.0359375 0.037037037037037035
0 0.3919270833333333 0.6662037037037037 0.04140625 0.04953703703703704
0 0.384375 0.7194444444444444 0.0296875 0.04953703703703704
0 0.37838541666666664 0.6050925925925926 0.027864583333333335 0.04351851851851852
0 0.31692708333333336 0.5745370370370371 0.03307291666666667 0.06481481481481481
0 0.3346354166666667 0.6337962962962963 0.032552083333333336 0.05185185185185185
0 0.3190104166666667 0.7379629629629629 0.03697916666666667 0.06481481481481481
0 0.3958333333333333 0.6347222222222222 0.020833333333333332 0.037037037037037035
