0 0.6875 0.10787037037037037 0.0359375 0.1111111111111111
0 0.6854166666666667 0.1037037037037037 0.021614583333333333 0.04351851851851852
0 0.6828125 0.007407407407407408 0.034375 0.062037037037037036
0 0.5791666666666667 0.23981481481481481 0.029427083333333333 0.13842592592592592
0 0.51328125 0.16805555555555557 0.03359375 0.06342592592592593
0 0.42135416666666664 0.09537037037037037 0.03854166666666667 0.04814814814814815
0 0.425 0.13703703703703704 0.03203125 0.06296296296296296
0 0.3927083333333333 0.26435185185185184 0.03333333333333333 0.04212962962962963
0 0.40234375 0.3490740740740741 0.032552083333333336 0.038425925925925926
0 0.503125 0.36342592592592593 0.03515625 0.06898148148148148
0 0.496875 0.4050925925925926 0.026302083333333334 0.05648148148148148
0 0.49166666666666664 0.6152777777777778 0.029427083333333333 0.040740740740740744
0 0.49166666666666664 0.7597222222222222 0.0359375 0.037037037037037035
0 0.3927083333333333 0.6662037037037037 0.04348958333333333 0.05185185185185185
0 0.3841145833333333 0.7217592592592592 0.0296875 0.04953703703703704
0 0.3796875 0.6092592592592593 0.027864583333333335 0.04351851851851852
0 0.31588541666666664 0.5745370370370371 0.031510416666666666 0.06157407407407407
0 0.334375 0.6356481481481482 0.032552083333333336 0.05185185185185185
0 0.3203125 0.7398148148148148 0.03697916666666667 0.06481481481481481
0 0.4002604166666667 0.6365740740740741 0.020833333333333332 0.037037037037037035
