0 0.68828125 0.1037037037037037 0.0359375 0.1111111111111111
0 0.6872395833333333 0.10231481481481482 0.021614583333333333 0.04351851851851852
0 0.684375 0.007407407407407408 0.034375 0.062037037037037036
0 0.5802083333333333 0.2388888888888889 0.029427083333333333 0.13842592592592592
0 0.5130208333333334 0.1648148148148148 0.03359375 0.06342592592592593
0 0.41822916666666665 0.09027777777777778 0.03854166666666667 0.04814814814814815
0 0.425 0.13333333333333333 0.03203125 0.06296296296296296
0 0.390625 0.26157407407407407 0.03333333333333333 0.04212962962962963
0 0.3997395833333333 0.3472222222222222 0.032552083333333336 0.038425925925925926
0 0.5028645833333333 0.35833333333333334 0.03515625 0.06898148148148148
0 0.49765625 0.4027777777777778 0.026302083333333334 0.05648148148148148
0 0.49505208333333334 0.6129629629629629 0.030989583333333334 0.04259259259259259
0 0.48333333333333334 0.7620370370370371 0.037760416666666664 0.03935185185185185
0 0.38984375 0.6699074074074074 0.04140625 0.04953703703703704
0 0.3848958333333333 0.7226851851851852 0.03125 0.05185185185185185
0 0.3796875 0.612037037037037 0.027864583333333335 0.04351851851851852
0 0.31588541666666664 0.575925925925926 0.031510416666666666 0.06157407407407407
0 0.33229166666666665 0.6402777777777777 0.032552083333333336 0.05185185185185185
0 0.31927083333333334 0.7402777777777778 0.03697916666666667 0.06481481481481481
0 0.39947916666666666 0.6347222222222222 0.020833333333333332 0.037037037037037035
