0 0.6872395833333333 0.10555555555555556 0.0359375 0.1111111111111111
0 0.6848958333333334 0.10601851851851851 0.021614583333333333 0.04351851851851852
0 0.6861979166666666 0.008796296296296297 0.034375 0.062037037037037036
0 0.5807291666666666 0.2513888888888889 0.029427083333333333 0.13842592592592592
0 0.5130208333333334 0.17731481481481481 0.03203125 0.06018518518518518
0 0.415625 0.09768518518518518 0.03671875 0.04583333333333333
0 0.42421875 0.12083333333333333 0.03203125 0.06296296296296296
0 0.38645833333333335 0.2712962962962963 0.034895833333333334 0.044444444444444446
0 0.39557291666666666 0.36064814814814816 0.032552083333333336 0.038425925925925926
0 0.503125 0.3680555555555556 0.03697916666666667 0.07222222222222222
0 0.4947916666666667 0.4125 0.027604166666666666 0.05925925925925926
0 0.49192708333333335 0.6259259259259259 0.030989583333333334 0.04259259259259259
0 0.48072916666666665 0.7754629629629629 0.03958333333333333 0.0412037037037037
0 0.38385416666666666 0.6819444444444445 0.04348958333333333 0.05185185185185185
0 0.38385416666666666 0.7375 0.03125 0.05185185185185185
0 0.3768229166666667 0.6277777777777778 0.029166666666666667 0.04583333333333333
0 0.31666666666666665 0.5861111111111111 0.031510416666666666 0.06157407407407407
0 0.33151041666666664 0.6587962962962963 0.032552083333333336 0.05185185185185185
0 0.31927083333333334 0.7550925925925925 0.03515625 0.06157407407407407
0 0.39921875 0.6430555555555556 0.020833333333333332 0.037037037037037035
