0 0.6872395833333333 0.11342592592592593 0.0359375 0.1111111111111111
0 0.6848958333333334 0.11296296296296296 0.021614583333333333 0.04351851851851852
0 0.6895833333333333 0.01712962962962963 0.034375 0.062037037037037036
0 0.58125 0.262037037037037 0.030989583333333334 0.14537037037037037
0 0.5104166666666666 0.18564814814814815 0.03046875 0.05740740740740741
0 0.41432291666666665 0.10601851851851851 0.034895833333333334 0.04351851851851852
0 0.42109375 0.15092592592592594 0.0203125 0.044444444444444446
0 0.37994791666666666 0.2800925925925926 0.034895833333333334 0.044444444444444446
0 0.39375 0.3726851851851852 0.032552083333333336 0.038425925925925926
0 0.5036458333333333 0.3773148148148148 0.03697916666666667 0.07222222222222222
0 0.4934895833333333 0.4236111111111111 0.027604166666666666 0.05925925925925926
0 0.4895833333333333 0.638425925925926 0.03854166666666667 0.04259259259259259
0 0.47604166666666664 0.787962962962963 0.037760416666666664 0.03935185185185185
0 0.3815104166666667 0.6953703703703704 0.04140625 0.04953703703703704
0 0.3846354166666667 0.7518518518518519 0.03125 0.05185185185185185
0 0.37447916666666664 0.6416666666666667 0.029166666666666667 0.04583333333333333
0 0.31588541666666664 0.600462962962963 0.031510416666666666 0.06157407407407407
0 0.33125 0.6717592592592593 0.032552083333333336 0.05185185185185185
0 0.31927083333333334 0.7675925925925926 0.03515625 0.06157407407407407
0 0.39765625 0.6532407407407408 0.020833333333333332 0.037037037037037035
