0 0.6859375 0.12638888888888888 0.0359375 0.1111111111111111
0 0.684375 0.125 0.021614583333333333 0.04351851851851852
0 0.6919270833333333 0.03564814814814815 0.034375 0.062037037037037036
0 0.5809895833333333 0.27870370370370373 0.030989583333333334 0.14537037037037037
0 0.5067708333333333 0.1962962962962963 0.03203125 0.06018518518518518
0 0.4125 0.11666666666666667 0.034895833333333334 0.04351851851851852
0 0.4203125 0.1638888888888889 0.019270833333333334 0.04212962962962963
0 0.3809895833333333 0.2962962962962963 0.034895833333333334 0.044444444444444446
0 0.39375 0.3888888888888889 0.032552083333333336 0.038425925925925926
0 0.5020833333333333 0.38981481481481484 0.03697916666666667 0.07222222222222222
0 0.49270833333333336 0.4388888888888889 0.02890625 0.062037037037037036
0 0.49140625 0.6550925925925926 0.040364583333333336 0.04490740740740741
0 0.475 0.8055555555555556 0.03958333333333333 0.0412037037037037
0 0.375 0.7032407407407407 0.04348958333333333 0.05185185185185185
0 0.38333333333333336 0.7703703703703704 0.0328125 0.05462962962962963
0 0.3703125 0.6592592592592592 0.027864583333333335 0.04351851851851852
0 0.3138020833333333 0.6185185185185185 0.031510416666666666 0.06157407407407407
0 0.32916666666666666 0.6898148148148148 0.030989583333333334 0.04953703703703704
0 0.31796875 0.7847222222222222 0.03697916666666667 0.06481481481481481
0 0.3966145833333333 0.6699074074074074 0.020833333333333332 0.037037037037037035
0 0.6557291666666667 0.011574074074074073 0.017447916666666667 0.023148148148148147
