0 0.68515625 0.14212962962962963 0.0359375 0.1111111111111111
0 0.6807291666666667 0.14074074074074075 0.021614583333333333 0.04351851851851852
0 0.6932291666666667 0.052314814814814814 0.034375 0.062037037037037036
0 0.58046875 0.2986111111111111 0.030989583333333334 0.14537037037037037
0 0.5065104166666666 0.21805555555555556 0.03203125 0.06018518518518518
0 0.4080729166666667 0.1300925925925926 0.034895833333333334 0.04351851851851852
0 0.41875 0.1824074074074074 0.0203125 0.044444444444444446
0 0.3807291666666667 0.31342592592592594 0.03671875 0.04675925925925926
0 0.39166666666666666 0.40879629629629627 0.032552083333333336 0.038425925925925926
0 0.50078125 0.40879629629629627 0.038802083333333334 0.07592592592592592
0 0.49296875 0.45787037037037037 0.02890625 0.062037037037037036
0 0.4895833333333333 0.6768518518518518 0.040364583333333336 0.04490740740740741
0 0.4713541666666667 0.8263888888888888 0.041666666666666664 0.043055555555555555
0 0.36666666666666664 0.687037037037037 0.04140625 0.04953703703703704
0 0.38255208333333335 0.7898148148148149 0.0328125 0.05462962962962963
0 0.36796875 0.6810185185185185 0.027864583333333335 0.04351851851851852
0 0.31197916666666664 0.6388888888888888 0.031510416666666666 0.06157407407407407
0 0.32864583333333336 0.712037037037037 0.030989583333333334 0.04953703703703704
0 0.31640625 0.8050925925925926 0.03697916666666667 0.06481481481481481
0 0.3966145833333333 0.6754629629629629 0.020833333333333332 0.037037037037037035
0 0.6552083333333333 0.022685185185185187 0.02578125 0.04583333333333333
