0 0.6872395833333333 0.16296296296296298 0.0359375 0.1111111111111111
0 0.6950520833333333 0.07453703703703704 0.03619791666666667 0.06527777777777778
0 0.5783854166666667 0.32546296296296295 0.029427083333333333 0.13842592592592592
0 0.5015625 0.23657407407407408 0.03359375 0.06342592592592593
0 0.3963541666666667 0.1449074074074074 0.03671875 0.04583333333333333
0 0.41354166666666664 0.21296296296296297 0.0203125 0.044444444444444446
0 0.3671875 0.32916666666666666 0.030208333333333334 0.049074074074074076
0 0.38307291666666665 0.4324074074074074 0.030989583333333334 0.03657407407407407
0 0.49505208333333334 0.42824074074074076 0.038802083333333334 0.07592592592592592
0 0.4903645833333333 0.4787037037037037 0.02890625 0.062037037037037036
0 0.4859375 0.7087962962962963 0.040364583333333336 0.04490740740740741
0 0.46458333333333335 0.8546296296296296 0.041666666666666664 0.043055555555555555
0 0.3606770833333333 0.712037037037037 0.0375 0.04490740740740741
0 0.3768229166666667 0.8171296296296297 0.03125 0.05185185185185185
0 0.3614583333333333 0.7606481481481482 0.030729166666666665 0.04814814814814815
0 0.30703125 0.6763888888888889 0.031510416666666666 0.06157407407407407
0 0.32265625 0.7435185185185185 0.030989583333333334 0.04953703703703704
0 0.31276041666666665 0.8351851851851851 0.03697916666666667 0.06481481481481481
0 0.39375 0.7013888888888888 0.020833333333333332 0.037037037037037035
0 0.6565104166666667 0.04583333333333333 0.025260416666666667 0.04537037037037037
0 0.6666666666666666 0.1625 0.023177083333333334 0.04212962962962963
