0 0.484375 0.6263888888888889 0.01171875 0.02361111111111111
0 0.52734375 0.5694444444444444 0.009635416666666667 0.021296296296296296
0 0.5416666666666666 0.5643518518518519 0.01015625 0.01990740740740741
0 0.5466145833333333 0.5453703703703704 0.010677083333333334 0.019444444444444445
0 0.5682291666666667 0.43287037037037035 0.014322916666666666 0.038425925925925926
0 0.5994791666666667 0.45787037037037037 0.01015625 0.020833333333333332
0 0.7559895833333333 0.33935185185185185 0.009635416666666667 0.015277777777777777
0 0.52890625 0.3 0.025260416666666667 0.04259259259259259
0 0.5127604166666667 0.34074074074074073 0.01484375 0.017592592592592594
0 0.4942708333333333 0.34629629629629627 0.013541666666666667 0.01712962962962963
0 0.4627604166666667 0.3486111111111111 0.011197916666666667 0.019444444444444445
0 0.4140625 0.3597222222222222 0.02109375 0.024537037037037038
0 0.3768229166666667 0.4185185185185185 0.01015625 0.021296296296296296
0 0.2830729166666667 0.3263888888888889 0.008072916666666667 0.019444444444444445
0 0.41770833333333335 0.4615740740740741 0.010677083333333334 0.013888888888888888
0 0.43020833333333336 0.4263888888888889 0.00859375 0.017592592592592594
0 0.44296875 0.4337962962962963 0.01015625 0.020833333333333332
0 0.42083333333333334 0.49166666666666664 0.00859375 0.01574074074074074
0 0.44166666666666665 0.49537037037037035 0.009635416666666667 0.02175925925925926
0 0.4864583333333333 0.5032407407407408 0.01171875 0.02175925925925926
0 0.5026041666666666 0.45416666666666666 0.010416666666666666 0.016666666666666666
0 0.4895833333333333 0.38101851851851853 0.010677083333333334 0.026851851851851852
0 0.50390625 0.38287037037037036 0.0109375 0.032407407407407406
0 0.5135416666666667 0.3902777777777778 0.00703125 0.015277777777777777
0 0.5127604166666667 0.37453703703703706 0.007552083333333333 0.021296296296296296
0 0.25859375 0.2875 0.02578125 0.05740740740740741
0 0.20729166666666668 0.3592592592592593 0.03046875 0.0375
0 0.29921875 0.2013888888888889 0.03828125 0.03333333333333333
0 0.5677083333333334 0.3402777777777778 0.02890625 0.06712962962962964
0 0.6203125 0.3675925925925926 0.015364583333333333 0.05925925925925926
0 0.7645833333333333 0.20185185185185187 0.02578125 0.0824074074074074
0 0.29453125 0.1763888888888889 0.012239583333333333 0.017592592592592594
0 0.3059895833333333 0.1685185185185185 0.008072916666666667 0.019444444444444445
0 0.25364583333333335 0.26435185185185184 0.012760416666666666 0.02361111111111111
0 0.28880208333333335 0.2037037037037037 0.009114583333333334 0.019444444444444445
0 0.30885416666666665 0.2064814814814815 0.010677083333333334 0.021296296296296296
0 0.5588541666666667 0.32592592592592595 0.01640625 0.020370370370370372
0 0.571875 0.35462962962962963 0.01328125 0.024537037037037038
0 0.6255208333333333 0.3625 0.00703125 0.013888888888888888
0 0.76640625 0.20787037037037037 0.01171875 0.02638888888888889
