0 0.29583333333333334 0.3458333333333333 0.00859375 0.022685185185185187
0 0.30234375 0.35648148148148145 0.012239583333333333 0.02962962962962963
0 0.42213541666666665 0.3087962962962963 0.01328125 0.014351851851851852
0 0.4309895833333333 0.300462962962963 0.009114583333333334 0.021296296296296296
0 0.47682291666666665 0.3425925925925926 0.01015625 0.019444444444444445
0 0.48333333333333334 0.35694444444444445 0.010677083333333334 0.018518518518518517
0 0.5182291666666666 0.362962962962963 0.008072916666666667 0.016666666666666666
0 0.4856770833333333 0.4023148148148148 0.008072916666666667 0.013425925925925926
0 0.48151041666666666 0.4185185185185185 0.008072916666666667 0.01574074074074074
0 0.4864583333333333 0.46620370370370373 0.016927083333333332 0.032407407407407406
0 0.5122395833333333 0.46064814814814814 0.009635416666666667 0.01574074074074074
0 0.5138020833333333 0.48842592592592593 0.015885416666666666 0.027314814814814816
0 0.4432291666666667 0.5986111111111111 0.012760416666666666 0.017592592592592594
0 0.4239583333333333 0.5708333333333333 0.010677083333333334 0.014351851851851852
0 0.4122395833333333 0.5842592592592593 0.011197916666666667 0.018518518518518517
0 0.3263020833333333 0.5476851851851852 0.012239583333333333 0.017592592592592594
0 0.328125 0.5310185185185186 0.010677083333333334 0.018518518518518517
0 0.3333333333333333 0.5106481481481482 0.010677083333333334 0.019444444444444445
0 0.3932291666666667 0.4810185185185185 0.009635416666666667 0.016666666666666666
0 0.42734375 0.4722222222222222 0.014322916666666666 0.03564814814814815
0 0.42473958333333334 0.5120370370370371 0.01015625 0.022222222222222223
0 0.4388020833333333 0.524537037037037 0.015364583333333333 0.025925925925925925
0 0.24348958333333334 0.663425925925926 0.01015625 0.017592592592592594
0 0.2791666666666667 0.6662037037037037 0.007552083333333333 0.013425925925925926
0 0.2916666666666667 0.6787037037037037 0.012760416666666666 0.022685185185185187
0 0.6692708333333334 0.39537037037037037 0.008072916666666667 0.013425925925925926
0 0.5703125 0.48009259259259257 0.012239583333333333 0.020370370370370372
0 0.5729166666666666 0.4675925925925926 0.01015625 0.01574074074074074
0 0.5791666666666667 0.45601851851851855 0.009114583333333334 0.010185185185185186
0 0.5809895833333333 0.45046296296296295 0.01171875 0.019444444444444445
0 0.5729166666666666 0.3875 0.018489583333333334 0.05740740740740741
0 0.5786458333333333 0.4652777777777778 0.023697916666666666 0.06342592592592593
0 0.65390625 0.40694444444444444 0.03671875 0.024537037037037038
0 0.3109375 0.6662037037037037 0.013802083333333333 0.07731481481481481
0 0.2903645833333333 0.7 0.020572916666666666 0.062037037037037036
0 0.25703125 0.6703703703703704 0.030989583333333334 0.03564814814814815
0 0.5744791666666667 0.3902777777777778 0.01015625 0.029166666666666667
0 0.64296875 0.40370370370370373 0.01484375 0.0125
0 0.665625 0.4115740740740741 0.009114583333333334 0.017592592592592594
