0 0.5872395833333334 0.42824074074074076 0.03411458333333333 0.04259259259259259
0 0.5966145833333333 0.43194444444444446 0.009635416666666667 0.017592592592592594
0 0.5505208333333333 0.37916666666666665 0.02578125 0.030555555555555555
0 0.5033854166666667 0.2722222222222222 0.025520833333333333 0.058333333333333334
0 0.49921875 0.24583333333333332 0.008854166666666666 0.016203703703703703
0 0.50234375 0.25462962962962965 0.0125 0.013425925925925926
0 0.5059895833333333 0.2708333333333333 0.010677083333333334 0.014351851851851852
0 0.5096354166666667 0.2833333333333333 0.01328125 0.014351851851851852
0 0.4388020833333333 0.39444444444444443 0.01484375 0.07037037037037037
0 0.42942708333333335 0.37824074074074077 0.007552083333333333 0.016203703703703703
0 0.42942708333333335 0.3976851851851852 0.00859375 0.016203703703703703
0 0.4395833333333333 0.40879629629629627 0.01015625 0.024537037037037038
0 0.4390625 0.38935185185185184 0.011197916666666667 0.017592592592592594
0 0.40989583333333335 0.30324074074074076 0.04739583333333333 0.034722222222222224
0 0.4109375 0.30092592592592593 0.022135416666666668 0.016203703703703703
0 0.2942708333333333 0.5930555555555556 0.01953125 0.0587962962962963
0 0.2955729166666667 0.5967592592592592 0.011197916666666667 0.03194444444444444
0 0.44375 0.5574074074074075 0.012760416666666666 0.019444444444444445
0 0.6 0.6041666666666666 0.012760416666666666 0.02361111111111111
0 0.50390625 0.6314814814814815 0.015104166666666667 0.018518518518518517
0 0.4395833333333333 0.6037037037037037 0.009635416666666667 0.013425925925925926
0 0.42578125 0.6597222222222222 0.01171875 0.019444444444444445
0 0.41901041666666666 0.6814814814814815 0.009114583333333334 0.019444444444444445
0 0.40390625 0.6861111111111111 0.014322916666666666 0.027314814814814816
0 0.38723958333333336 0.7287037037037037 0.012239583333333333 0.02546296296296296
0 0.42526041666666664 0.7486111111111111 0.009635416666666667 0.025
0 0.45234375 0.6990740740740741 0.00859375 0.018518518518518517
0 0.471875 0.7337962962962963 0.014322916666666666 0.022685185185185187
0 0.5395833333333333 0.6902777777777778 0.01328125 0.01898148148148148
0 0.5658854166666667 0.7226851851851852 0.015364583333333333 0.026851851851851852
0 0.5122395833333333 0.7777777777777778 0.012239583333333333 0.02175925925925926
0 0.48515625 0.8217592592592593 0.009114583333333334 0.022685185185185187
0 0.37734375 0.9120370370370371 0.020572916666666666 0.03333333333333333
0 0.5114583333333333 0.8824074074074074 0.01640625 0.02546296296296296
0 0.5864583333333333 0.8495370370370371 0.015364583333333333 0.03564814814814815
0 0.6018229166666667 0.6699074074074074 0.03046875 0.0625
0 0.6078125 0.6583333333333333 0.012760416666666666 0.018518518518518517
0 0.5973958333333333 0.687037037037037 0.012239583333333333 0.018518518518518517
