0 0.5890625 0.42407407407407405 0.03411458333333333 0.04259259259259259
0 0.5984375 0.43194444444444446 0.01015625 0.018518518518518517
0 0.5494791666666666 0.3768518518518518 0.02578125 0.030555555555555555
0 0.5033854166666667 0.2671296296296296 0.025520833333333333 0.058333333333333334
0 0.4981770833333333 0.24583333333333332 0.008854166666666666 0.016203703703703703
0 0.5020833333333333 0.2574074074074074 0.0125 0.013425925925925926
0 0.50546875 0.2708333333333333 0.010677083333333334 0.014351851851851852
0 0.5078125 0.2828703703703704 0.01328125 0.014351851851851852
0 0.4390625 0.3921296296296296 0.01484375 0.07037037037037037
0 0.42916666666666664 0.3787037037037037 0.007552083333333333 0.016203703703703703
0 0.42890625 0.3972222222222222 0.008072916666666667 0.015277777777777777
0 0.4393229166666667 0.40879629629629627 0.01015625 0.024537037037037038
0 0.4393229166666667 0.38935185185185184 0.011197916666666667 0.017592592592592594
0 0.41302083333333334 0.30277777777777776 0.04505208333333333 0.03287037037037037
0 0.41458333333333336 0.30277777777777776 0.022135416666666668 0.016203703703703703
0 0.29401041666666666 0.5898148148148148 0.01953125 0.0587962962962963
0 0.2947916666666667 0.5939814814814814 0.010677083333333334 0.030555555555555555
0 0.4427083333333333 0.5564814814814815 0.012760416666666666 0.019444444444444445
0 0.5997395833333333 0.6032407407407407 0.012760416666666666 0.02361111111111111
0 0.5033854166666667 0.6300925925925925 0.015104166666666667 0.018518518518518517
0 0.4401041666666667 0.6041666666666666 0.009635416666666667 0.013425925925925926
0 0.425 0.6597222222222222 0.01171875 0.019444444444444445
0 0.41901041666666666 0.6796296296296296 0.009114583333333334 0.019444444444444445
0 0.40338541666666666 0.6851851851851852 0.014322916666666666 0.027314814814814816
0 0.38723958333333336 0.7282407407407407 0.012239583333333333 0.02546296296296296
0 0.42526041666666664 0.7481481481481481 0.009114583333333334 0.02361111111111111
0 0.45364583333333336 0.6990740740740741 0.00859375 0.018518518518518517
0 0.4705729166666667 0.7347222222222223 0.014322916666666666 0.022685185185185187
0 0.540625 0.6898148148148148 0.01328125 0.01898148148148148
0 0.5651041666666666 0.7240740740740741 0.015364583333333333 0.026851851851851852
0 0.5119791666666667 0.7763888888888889 0.012239583333333333 0.02175925925925926
0 0.48515625 0.8208333333333333 0.009114583333333334 0.022685185185185187
0 0.37734375 0.9115740740740741 0.020572916666666666 0.03333333333333333
0 0.5114583333333333 0.8814814814814815 0.01640625 0.02546296296296296
0 0.5854166666666667 0.8481481481481481 0.015364583333333333 0.03564814814814815
0 0.6018229166666667 0.6699074074074074 0.03046875 0.0625
0 0.60859375 0.6592592592592592 0.012760416666666666 0.018518518518518517
0 0.5973958333333333 0.687037037037037 0.012239583333333333 0.018518518518518517
