0 0.5861979166666667 0.4273148148148148 0.03411458333333333 0.04259259259259259
0 0.5958333333333333 0.4305555555555556 0.01015625 0.018518518518518517
0 0.5502604166666667 0.38101851851851853 0.02578125 0.030555555555555555
0 0.5036458333333333 0.27175925925925926 0.025520833333333333 0.058333333333333334
0 0.49973958333333335 0.24537037037037038 0.008854166666666666 0.016203703703703703
0 0.5026041666666666 0.2569444444444444 0.0125 0.013425925925925926
0 0.50703125 0.27175925925925926 0.010677083333333334 0.014351851851851852
0 0.5104166666666666 0.2828703703703704 0.01328125 0.014351851851851852
0 0.4395833333333333 0.39490740740740743 0.01484375 0.07037037037037037
0 0.42942708333333335 0.3787037037037037 0.007552083333333333 0.016203703703703703
0 0.4296875 0.39675925925925926 0.00859375 0.016203703703703703
0 0.43984375 0.40925925925925927 0.01015625 0.024537037037037038
0 0.4395833333333333 0.38981481481481484 0.011197916666666667 0.017592592592592594
0 0.40677083333333336 0.30277777777777776 0.04973958333333333 0.03611111111111111
0 0.409375 0.300462962962963 0.022135416666666668 0.016203703703703703
0 0.2950520833333333 0.5967592592592592 0.01953125 0.0587962962962963
0 0.29661458333333335 0.5990740740740741 0.011197916666666667 0.03194444444444444
0 0.4440104166666667 0.5564814814814815 0.012239583333333333 0.018518518518518517
0 0.5994791666666667 0.6037037037037037 0.012760416666666666 0.02361111111111111
0 0.5041666666666667 0.6324074074074074 0.015104166666666667 0.018518518518518517
0 0.4395833333333333 0.6032407407407407 0.009635416666666667 0.013425925925925926
0 0.42604166666666665 0.6606481481481481 0.01171875 0.019444444444444445
0 0.41901041666666666 0.6819444444444445 0.009114583333333334 0.019444444444444445
0 0.4041666666666667 0.6861111111111111 0.014322916666666666 0.027314814814814816
0 0.38776041666666666 0.7291666666666666 0.012239583333333333 0.02546296296296296
0 0.42526041666666664 0.7481481481481481 0.009635416666666667 0.025
0 0.4518229166666667 0.6995370370370371 0.00859375 0.018518518518518517
0 0.4747395833333333 0.7361111111111112 0.014322916666666666 0.022685185185185187
0 0.5385416666666667 0.6898148148148148 0.01328125 0.01898148148148148
0 0.5653645833333333 0.7222222222222222 0.015364583333333333 0.026851851851851852
0 0.5119791666666667 0.7763888888888889 0.012239583333333333 0.02175925925925926
0 0.4859375 0.8208333333333333 0.009114583333333334 0.022685185185185187
0 0.37838541666666664 0.9115740740740741 0.020572916666666666 0.03333333333333333
0 0.5111979166666667 0.8819444444444444 0.01640625 0.02546296296296296
0 0.5859375 0.85 0.015364583333333333 0.03564814814814815
0 0.6018229166666667 0.6703703703703704 0.03046875 0.0625
0 0.6075520833333333 0.6587962962962963 0.012760416666666666 0.018518518518518517
0 0.59609375 0.6875 0.012239583333333333 0.018518518518518517
0 0.4283854166666667 0.4134259259259259 0.01015625 0.01574074074074074
