0 0.5828125 0.43287037037037035 0.032552083333333336 0.040740740740740744
0 0.5950520833333334 0.43148148148148147 0.010677083333333334 0.019444444444444445
0 0.55078125 0.3851851851851852 0.016145833333333335 0.029166666666666667
0 0.5151041666666667 0.2675925925925926 0.025520833333333333 0.058333333333333334
0 0.5096354166666667 0.24351851851851852 0.008854166666666666 0.016203703703703703
0 0.5135416666666667 0.25324074074074077 0.013020833333333334 0.013888888888888888
0 0.5192708333333333 0.26851851851851855 0.01015625 0.013888888888888888
0 0.52421875 0.2777777777777778 0.014583333333333334 0.01574074074074074
0 0.45859375 0.39490740740740743 0.014583333333333334 0.062037037037037036
0 0.44557291666666665 0.39537037037037037 0.007552083333333333 0.016203703703703703
0 0.44609375 0.39675925925925926 0.009375 0.017592592592592594
0 0.4544270833333333 0.4041666666666667 0.01015625 0.024537037037037038
0 0.3854166666666667 0.29768518518518516 0.0546875 0.03981481481481482
0 0.3848958333333333 0.29398148148148145 0.023177083333333334 0.01712962962962963
0 0.31328125 0.624537037037037 0.01953125 0.0587962962962963
0 0.3151041666666667 0.6268518518518519 0.011197916666666667 0.03194444444444444
0 0.46171875 0.5555555555555556 0.01328125 0.020370370370370372
0 0.60390625 0.600925925925926 0.012760416666666666 0.02361111111111111
0 0.5143229166666666 0.6310185185185185 0.015104166666666667 0.018518518518518517
0 0.45078125 0.6023148148148149 0.009635416666666667 0.013425925925925926
0 0.4395833333333333 0.6615740740740741 0.01171875 0.019444444444444445
0 0.43125 0.6847222222222222 0.01015625 0.021296296296296296
0 0.41432291666666665 0.6851851851851852 0.014322916666666666 0.027314814814814816
0 0.4002604166666667 0.7300925925925926 0.012760416666666666 0.026851851851851852
0 0.4421875 0.749537037037037 0.01015625 0.025925925925925925
0 0.46197916666666666 0.7018518518518518 0.022135416666666668 0.027777777777777776
0 0.4901041666666667 0.7393518518518518 0.0203125 0.043055555555555555
0 0.5401041666666667 0.700462962962963 0.01328125 0.01898148148148148
0 0.571875 0.7018518518518518 0.016145833333333335 0.02824074074074074
0 0.5231770833333333 0.774537037037037 0.012760416666666666 0.022685185185185187
0 0.4981770833333333 0.8180555555555555 0.01015625 0.025
0 0.39505208333333336 0.9018518518518519 0.021614583333333333 0.03518518518518519
0 0.51796875 0.8898148148148148 0.01640625 0.02546296296296296
0 0.596875 0.850462962962963 0.016145833333333335 0.0375
0 0.6091145833333333 0.6722222222222223 0.03046875 0.0625
0 0.6145833333333334 0.6578703703703703 0.012760416666666666 0.018518518518518517
0 0.6041666666666666 0.6865740740740741 0.012760416666666666 0.019444444444444445
