0 0.58203125 0.4310185185185185 0.03411458333333333 0.04259259259259259
0 0.5911458333333334 0.4324074074074074 0.010677083333333334 0.019444444444444445
0 0.5494791666666666 0.3837962962962963 0.016927083333333332 0.030555555555555555
0 0.51171875 0.27037037037037037 0.025520833333333333 0.058333333333333334
0 0.5059895833333333 0.24537037037037038 0.008854166666666666 0.016203703703703703
0 0.509375 0.2537037037037037 0.011979166666666667 0.012962962962962963
0 0.51484375 0.26944444444444443 0.01015625 0.013888888888888888
0 0.51953125 0.2796296296296296 0.014583333333333334 0.01574074074074074
0 0.4544270833333333 0.39537037037037037 0.015364583333333333 0.06527777777777778
0 0.44192708333333336 0.37777777777777777 0.0078125 0.01712962962962963
0 0.44088541666666664 0.40046296296296297 0.009375 0.017592592592592594
0 0.45078125 0.40555555555555556 0.01015625 0.024537037037037038
0 0.38776041666666666 0.29814814814814816 0.052083333333333336 0.03796296296296296
0 0.3893229166666667 0.2962962962962963 0.022135416666666668 0.016203703703703703
0 0.30833333333333335 0.6212962962962963 0.01953125 0.0587962962962963
0 0.3098958333333333 0.6212962962962963 0.011197916666666667 0.03194444444444444
0 0.45625 0.5578703703703703 0.01328125 0.020370370370370372
0 0.6015625 0.6027777777777777 0.012760416666666666 0.02361111111111111
0 0.5098958333333333 0.6333333333333333 0.015104166666666667 0.018518518518518517
0 0.4471354166666667 0.6037037037037037 0.009635416666666667 0.013425925925925926
0 0.43463541666666666 0.6597222222222222 0.01171875 0.019444444444444445
0 0.42734375 0.6851851851851852 0.009635416666666667 0.020370370370370372
0 0.41067708333333336 0.6875 0.014322916666666666 0.027314814814814816
0 0.3958333333333333 0.7319444444444444 0.012760416666666666 0.026851851851851852
0 0.43854166666666666 0.7481481481481481 0.011197916666666667 0.028703703703703703
0 0.4591145833333333 0.6995370370370371 0.020052083333333335 0.025
0 0.4861979166666667 0.7398148148148148 0.0203125 0.043055555555555555
0 0.5390625 0.6981481481481482 0.01328125 0.01898148148148148
0 0.5700520833333333 0.7087962962962963 0.016145833333333335 0.02824074074074074
0 0.5200520833333333 0.7754629629629629 0.012760416666666666 0.022685185185185187
0 0.49557291666666664 0.8180555555555555 0.009635416666666667 0.02361111111111111
0 0.39088541666666665 0.9041666666666667 0.021614583333333333 0.03518518518518519
0 0.5153645833333333 0.8893518518518518 0.0171875 0.026851851851851852
0 0.5940104166666667 0.8527777777777777 0.015364583333333333 0.03564814814814815
0 0.6059895833333333 0.6717592592592593 0.03046875 0.0625
0 0.6114583333333333 0.6574074074074074 0.012760416666666666 0.018518518518518517
0 0.6015625 0.687037037037037 0.012760416666666666 0.019444444444444445
