0 0.5825520833333333 0.43194444444444446 0.03411458333333333 0.04259259259259259
0 0.5947916666666667 0.4305555555555556 0.010677083333333334 0.019444444444444445
0 0.55 0.3837962962962963 0.016145833333333335 0.029166666666666667
0 0.51328125 0.26851851851851855 0.025520833333333333 0.058333333333333334
0 0.5080729166666667 0.2449074074074074 0.008854166666666666 0.016203703703703703
0 0.5111979166666667 0.2523148148148148 0.0125 0.013425925925925926
0 0.5177083333333333 0.2689814814814815 0.01015625 0.013888888888888888
0 0.521875 0.2796296296296296 0.014583333333333334 0.01574074074074074
0 0.4557291666666667 0.39490740740740743 0.015364583333333333 0.06527777777777778
0 0.446875 0.3851851851851852 0.0078125 0.01712962962962963
0 0.44375 0.4060185185185185 0.009375 0.017592592592592594
0 0.45260416666666664 0.4046296296296296 0.01015625 0.024537037037037038
0 0.38645833333333335 0.29768518518518516 0.052083333333333336 0.03796296296296296
0 0.38671875 0.2962962962962963 0.023177083333333334 0.01712962962962963
0 0.3109375 0.6222222222222222 0.01953125 0.0587962962962963
0 0.31276041666666665 0.6240740740740741 0.011197916666666667 0.03194444444444444
0 0.459375 0.5546296296296296 0.0140625 0.021296296296296296
0 0.603125 0.6013888888888889 0.012760416666666666 0.02361111111111111
0 0.51171875 0.6314814814814815 0.015104166666666667 0.018518518518518517
0 0.44895833333333335 0.6027777777777777 0.009635416666666667 0.013425925925925926
0 0.4375 0.6606481481481481 0.01171875 0.019444444444444445
0 0.42942708333333335 0.6847222222222222 0.01015625 0.021296296296296296
0 0.4122395833333333 0.6861111111111111 0.014322916666666666 0.027314814814814816
0 0.3984375 0.7314814814814815 0.012760416666666666 0.026851851851851852
0 0.440625 0.7476851851851852 0.010677083333333334 0.027314814814814816
0 0.46015625 0.7 0.02109375 0.02638888888888889
0 0.48802083333333335 0.7402777777777778 0.0203125 0.043055555555555555
0 0.5395833333333333 0.6986111111111111 0.01328125 0.01898148148148148
0 0.5708333333333333 0.7060185185185185 0.016145833333333335 0.02824074074074074
0 0.5223958333333333 0.774537037037037 0.012760416666666666 0.022685185185185187
0 0.496875 0.8189814814814815 0.01015625 0.025
0 0.39296875 0.9027777777777778 0.021614583333333333 0.03518518518518519
0 0.5166666666666667 0.8898148148148148 0.0171875 0.026851851851851852
0 0.5953125 0.850925925925926 0.016145833333333335 0.0375
0 0.6078125 0.6717592592592593 0.03046875 0.0625
0 0.61328125 0.6574074074074074 0.012760416666666666 0.018518518518518517
0 0.603125 0.6865740740740741 0.012760416666666666 0.019444444444444445
