0 0.5822916666666667 0.42777777777777776 0.03411458333333333 0.04259259259259259
0 0.5916666666666667 0.42916666666666664 0.01015625 0.018518518518518517
0 0.5463541666666667 0.3814814814814815 0.017708333333333333 0.03194444444444444
0 0.50390625 0.27175925925925926 0.025520833333333333 0.058333333333333334
0 0.50078125 0.2462962962962963 0.008854166666666666 0.016203703703703703
0 0.5026041666666666 0.25555555555555554 0.011979166666666667 0.012962962962962963
0 0.5078125 0.27037037037037037 0.010677083333333334 0.014351851851851852
0 0.51171875 0.2814814814814815 0.0140625 0.015277777777777777
0 0.440625 0.3958333333333333 0.0140625 0.06712962962962964
0 0.43046875 0.38101851851851853 0.007552083333333333 0.016203703703703703
0 0.4315104166666667 0.3976851851851852 0.0078125 0.014351851851851852
0 0.43984375 0.40879629629629627 0.01015625 0.024537037037037038
0 0.44088541666666664 0.3902777777777778 0.011197916666666667 0.017592592592592594
0 0.3971354166666667 0.3 0.04973958333333333 0.03611111111111111
0 0.39921875 0.29907407407407405 0.023177083333333334 0.01712962962962963
0 0.29739583333333336 0.6069444444444444 0.01953125 0.0587962962962963
0 0.29921875 0.6087962962962963 0.010677083333333334 0.030555555555555555
0 0.44765625 0.5560185185185185 0.012239583333333333 0.018518518518518517
0 0.596875 0.6032407407407407 0.012760416666666666 0.02361111111111111
0 0.5041666666666667 0.6324074074074074 0.014322916666666666 0.017592592592592594
0 0.43984375 0.6023148148148149 0.009635416666666667 0.013425925925925926
0 0.42604166666666665 0.6592592592592592 0.01171875 0.019444444444444445
0 0.4197916666666667 0.6824074074074075 0.009114583333333334 0.019444444444444445
0 0.4046875 0.6875 0.014322916666666666 0.027314814814814816
0 0.3880208333333333 0.7319444444444444 0.012239583333333333 0.02546296296296296
0 0.42864583333333334 0.7467592592592592 0.01015625 0.025925925925925925
0 0.45286458333333335 0.700925925925926 0.00859375 0.018518518518518517
0 0.47708333333333336 0.7375 0.0203125 0.043055555555555555
0 0.5364583333333334 0.6912037037037037 0.01328125 0.01898148148148148
0 0.56484375 0.7185185185185186 0.015364583333333333 0.026851851851851852
0 0.5122395833333333 0.7763888888888889 0.012239583333333333 0.02175925925925926
0 0.48802083333333335 0.8185185185185185 0.009114583333333334 0.022685185185185187
0 0.37994791666666666 0.9097222222222222 0.020572916666666666 0.03333333333333333
0 0.5098958333333333 0.8861111111111111 0.01640625 0.02546296296296296
0 0.5861979166666667 0.850925925925926 0.015364583333333333 0.03564814814814815
0 0.60078125 0.6708333333333333 0.03046875 0.0625
0 0.6059895833333333 0.6583333333333333 0.012760416666666666 0.018518518518518517
0 0.59609375 0.6861111111111111 0.012760416666666666 0.019444444444444445
