0 0.58125 0.4287037037037037 0.03411458333333333 0.04259259259259259
0 0.5911458333333334 0.42916666666666664 0.01015625 0.018518518518518517
0 0.546875 0.3819444444444444 0.017708333333333333 0.03194444444444444
0 0.50625 0.2712962962962963 0.025520833333333333 0.058333333333333334
0 0.5015625 0.2449074074074074 0.008854166666666666 0.016203703703703703
0 0.5041666666666667 0.2550925925925926 0.011979166666666667 0.012962962962962963
0 0.5096354166666667 0.26944444444444443 0.010677083333333334 0.014351851851851852
0 0.5138020833333333 0.2810185185185185 0.0140625 0.015277777777777777
0 0.4440104166666667 0.39675925925925926 0.013541666666666667 0.06388888888888888
0 0.4356770833333333 0.37777777777777777 0.0078125 0.01712962962962963
0 0.4348958333333333 0.3958333333333333 0.008072916666666667 0.015277777777777777
0 0.44427083333333334 0.4097222222222222 0.01015625 0.024537037037037038
0 0.44427083333333334 0.3912037037037037 0.01171875 0.018518518518518517
0 0.3919270833333333 0.29907407407407405 0.052083333333333336 0.03796296296296296
0 0.39348958333333334 0.2967592592592593 0.023177083333333334 0.01712962962962963
0 0.30104166666666665 0.6134259259259259 0.01953125 0.0587962962962963
0 0.30234375 0.6134259259259259 0.010677083333333334 0.030555555555555555
0 0.45 0.5564814814814815 0.012239583333333333 0.018518518518518517
0 0.5973958333333333 0.6023148148148149 0.012760416666666666 0.02361111111111111
0 0.5049479166666667 0.6319444444444444 0.014322916666666666 0.017592592592592594
0 0.44140625 0.6027777777777777 0.009635416666666667 0.013425925925925926
0 0.428125 0.6587962962962963 0.01171875 0.019444444444444445
0 0.42135416666666664 0.6833333333333333 0.009114583333333334 0.019444444444444445
0 0.40598958333333335 0.6875 0.014322916666666666 0.027314814814814816
0 0.3893229166666667 0.7328703703703704 0.012239583333333333 0.02546296296296296
0 0.4317708333333333 0.7467592592592592 0.010677083333333334 0.027314814814814816
0 0.4552083333333333 0.7 0.009114583333333334 0.019444444444444445
0 0.48072916666666665 0.7375 0.0203125 0.043055555555555555
0 0.5361979166666667 0.6939814814814815 0.01328125 0.01898148148148148
0 0.565625 0.7157407407407408 0.015364583333333333 0.026851851851851852
0 0.5143229166666666 0.775 0.012239583333333333 0.02175925925925926
0 0.48984375 0.8175925925925925 0.009114583333333334 0.022685185185185187
0 0.38307291666666665 0.9069444444444444 0.020572916666666666 0.03333333333333333
0 0.5109375 0.8875 0.0171875 0.026851851851851852
0 0.58828125 0.85 0.015364583333333333 0.03564814814814815
0 0.6015625 0.6722222222222223 0.03046875 0.0625
0 0.6067708333333334 0.6574074074074074 0.012760416666666666 0.018518518518518517
0 0.5973958333333333 0.6865740740740741 0.012760416666666666 0.019444444444444445
