0 0.5817708333333333 0.4300925925925926 0.03411458333333333 0.04259259259259259
0 0.5911458333333334 0.43148148148148147 0.01015625 0.018518518518518517
0 0.5484375 0.3837962962962963 0.016927083333333332 0.030555555555555555
0 0.51015625 0.27037037037037037 0.025520833333333333 0.058333333333333334
0 0.5046875 0.24444444444444444 0.008854166666666666 0.016203703703703703
0 0.5078125 0.2537037037037037 0.011979166666666667 0.012962962962962963
0 0.51328125 0.26990740740740743 0.01015625 0.013888888888888888
0 0.5177083333333333 0.28055555555555556 0.014583333333333334 0.01574074074074074
0 0.45078125 0.39537037037037037 0.015364583333333333 0.06527777777777778
0 0.44036458333333334 0.3763888888888889 0.0078125 0.01712962962962963
0 0.4388020833333333 0.40185185185185185 0.008854166666666666 0.016666666666666666
0 0.4484375 0.4064814814814815 0.01015625 0.024537037037037038
0 0.3885416666666667 0.29768518518518516 0.052083333333333336 0.03796296296296296
0 0.39010416666666664 0.2962962962962963 0.023177083333333334 0.01712962962962963
0 0.3059895833333333 0.6194444444444445 0.01953125 0.0587962962962963
0 0.3078125 0.6185185185185185 0.010677083333333334 0.030555555555555555
0 0.4544270833333333 0.5574074074074075 0.012760416666666666 0.019444444444444445
0 0.6005208333333333 0.6018518518518519 0.012760416666666666 0.02361111111111111
0 0.50859375 0.6324074074074074 0.015104166666666667 0.018518518518518517
0 0.44583333333333336 0.6023148148148149 0.009635416666666667 0.013425925925925926
0 0.43307291666666664 0.6597222222222222 0.01171875 0.019444444444444445
0 0.42604166666666665 0.6842592592592592 0.009635416666666667 0.020370370370370372
0 0.40989583333333335 0.6884259259259259 0.014322916666666666 0.027314814814814816
0 0.39427083333333335 0.7319444444444444 0.012760416666666666 0.026851851851851852
0 0.43645833333333334 0.7476851851851852 0.010677083333333334 0.027314814814814816
0 0.46015625 0.6990740740740741 0.020052083333333335 0.025
0 0.48489583333333336 0.7393518518518518 0.0203125 0.043055555555555555
0 0.5377604166666666 0.6972222222222222 0.01328125 0.01898148148148148
0 0.5684895833333333 0.7111111111111111 0.016145833333333335 0.02824074074074074
0 0.5182291666666666 0.7759259259259259 0.012760416666666666 0.022685185185185187
0 0.4940104166666667 0.8180555555555555 0.009114583333333334 0.022685185185185187
0 0.3885416666666667 0.9060185185185186 0.021614583333333333 0.03518518518518519
0 0.5138020833333333 0.8888888888888888 0.0171875 0.026851851851851852
0 0.5924479166666666 0.8513888888888889 0.015364583333333333 0.03564814814814815
0 0.6049479166666667 0.6726851851851852 0.03046875 0.0625
0 0.61015625 0.6574074074074074 0.012760416666666666 0.018518518518518517
0 0.6005208333333333 0.6865740740740741 0.012760416666666666 0.019444444444444445
