0 0.5833333333333334 0.4273148148148148 0.03411458333333333 0.04259259259259259
0 0.59296875 0.4305555555555556 0.01015625 0.018518518518518517
0 0.5479166666666667 0.3800925925925926 0.027083333333333334 0.03194444444444444
0 0.5041666666666667 0.27175925925925926 0.025520833333333333 0.058333333333333334
0 0.5002604166666667 0.24583333333333332 0.008854166666666666 0.016203703703703703
0 0.5020833333333333 0.2550925925925926 0.0125 0.013425925925925926
0 0.5075520833333333 0.2708333333333333 0.010677083333333334 0.014351851851851852
0 0.5111979166666667 0.2824074074074074 0.0140625 0.015277777777777777
0 0.4393229166666667 0.3962962962962963 0.01484375 0.07037037037037037
0 0.43046875 0.38101851851851853 0.007552083333333333 0.016203703703703703
0 0.4315104166666667 0.3958333333333333 0.008072916666666667 0.015277777777777777
0 0.44036458333333334 0.4101851851851852 0.01015625 0.024537037037037038
0 0.43984375 0.38981481481481484 0.011197916666666667 0.017592592592592594
0 0.4005208333333333 0.30092592592592593 0.04973958333333333 0.03611111111111111
0 0.40234375 0.300462962962963 0.023177083333333334 0.01712962962962963
0 0.29661458333333335 0.6037037037037037 0.01953125 0.0587962962962963
0 0.2981770833333333 0.6055555555555555 0.010677083333333334 0.030555555555555555
0 0.4466145833333333 0.5569444444444445 0.012239583333333333 0.018518518518518517
0 0.5979166666666667 0.6037037037037037 0.012760416666666666 0.02361111111111111
0 0.50390625 0.6319444444444444 0.014322916666666666 0.017592592592592594
0 0.4401041666666667 0.6027777777777777 0.009635416666666667 0.013425925925925926
0 0.42630208333333336 0.6592592592592592 0.01171875 0.019444444444444445
0 0.4192708333333333 0.6828703703703703 0.009114583333333334 0.019444444444444445
0 0.4041666666666667 0.687037037037037 0.014322916666666666 0.027314814814814816
0 0.38723958333333336 0.7310185185185185 0.012239583333333333 0.02546296296296296
0 0.4270833333333333 0.7472222222222222 0.009635416666666667 0.025
0 0.45338541666666665 0.6995370370370371 0.00859375 0.018518518518518517
0 0.4791666666666667 0.7305555555555555 0.014322916666666666 0.022685185185185187
0 0.53671875 0.6893518518518519 0.01328125 0.01898148148148148
0 0.5653645833333333 0.7194444444444444 0.015364583333333333 0.026851851851851852
0 0.5122395833333333 0.7763888888888889 0.012239583333333333 0.02175925925925926
0 0.4869791666666667 0.8185185185185185 0.009114583333333334 0.022685185185185187
0 0.3796875 0.9097222222222222 0.020572916666666666 0.03333333333333333
0 0.51015625 0.8842592592592593 0.01640625 0.02546296296296296
0 0.5859375 0.850462962962963 0.015364583333333333 0.03564814814814815
0 0.6010416666666667 0.6708333333333333 0.03046875 0.0625
0 0.6059895833333333 0.6592592592592592 0.012760416666666666 0.018518518518518517
0 0.59609375 0.6865740740740741 0.012760416666666666 0.019444444444444445
0 0.4278645833333333 0.41435185185185186 0.01015625 0.01574074074074074
