0 0.5846354166666666 0.42314814814814816 0.032552083333333336 0.040740740740740744
0 0.590625 0.42824074074074076 0.012239583333333333 0.022685185185185187
0 0.5528645833333333 0.3773148148148148 0.016145833333333335 0.029166666666666667
0 0.52578125 0.25 0.02421875 0.05555555555555555
0 0.52578125 0.23333333333333334 0.009375 0.01712962962962963
0 0.5252604166666667 0.2388888888888889 0.013020833333333334 0.013888888888888888
0 0.53046875 0.25092592592592594 0.01015625 0.013888888888888888
0 0.53671875 0.2611111111111111 0.0140625 0.015277777777777777
0 0.46927083333333336 0.38101851851851853 0.024479166666666666 0.0763888888888889
0 0.465625 0.3837962962962963 0.01015625 0.024537037037037038
0 0.36328125 0.2796296296296296 0.0546875 0.03981481481481482
0 0.36380208333333336 0.274537037037037 0.023177083333333334 0.01712962962962963
0 0.3307291666666667 0.6314814814814815 0.018489583333333334 0.056018518518518516
0 0.33307291666666666 0.6319444444444444 0.010677083333333334 0.030555555555555555
0 0.4791666666666667 0.5277777777777778 0.012239583333333333 0.018518518518518517
0 0.60859375 0.5842592592592593 0.012760416666666666 0.02361111111111111
0 0.52421875 0.611574074074074 0.015885416666666666 0.019444444444444445
0 0.4622395833333333 0.5861111111111111 0.009635416666666667 0.013425925925925926
0 0.4552083333333333 0.649537037037037 0.013020833333333334 0.021296296296296296
0 0.4421875 0.6662037037037037 0.011197916666666667 0.02361111111111111
0 0.4231770833333333 0.6708333333333333 0.015885416666666666 0.03009259259259259
0 0.4109375 0.7166666666666667 0.013541666666666667 0.02824074074074074
0 0.44140625 0.7300925925925926 0.00859375 0.022685185185185187
0 0.4744791666666667 0.6884259259259259 0.025520833333333333 0.03194444444444444
0 0.50234375 0.7226851851851852 0.019270833333333334 0.0412037037037037
0 0.5416666666666666 0.687962962962963 0.012760416666666666 0.018055555555555554
0 0.5799479166666667 0.6643518518518519 0.017708333333333333 0.031018518518518518
0 0.5356770833333333 0.7583333333333333 0.0140625 0.025
0 0.5114583333333333 0.7986111111111112 0.010677083333333334 0.02638888888888889
0 0.5276041666666667 0.8648148148148148 0.0171875 0.026851851851851852
0 0.6177083333333333 0.6550925925925926 0.03046875 0.0625
0 0.6236979166666666 0.6430555555555556 0.01328125 0.019444444444444445
0 0.6119791666666666 0.6717592592592593 0.012239583333333333 0.018518518518518517
0 0.4669270833333333 0.3574074074074074 0.010677083333333334 0.019444444444444445
0 0.4125 0.8828703703703704 0.026302083333333334 0.03564814814814815
0 0.6083333333333333 0.836574074074074 0.02265625 0.03888888888888889
