0 0.5833333333333334 0.42824074074074076 0.032552083333333336 0.040740740740740744
0 0.5903645833333333 0.43287037037037035 0.012239583333333333 0.022685185185185187
0 0.55234375 0.38055555555555554 0.016145833333333335 0.029166666666666667
0 0.52421875 0.2569444444444444 0.02421875 0.05555555555555555
0 0.52265625 0.23657407407407408 0.009375 0.01712962962962963
0 0.5223958333333333 0.2449074074074074 0.013020833333333334 0.013888888888888888
0 0.52890625 0.2574074074074074 0.01015625 0.013888888888888888
0 0.5348958333333333 0.26666666666666666 0.0140625 0.015277777777777777
0 0.46640625 0.3875 0.024479166666666666 0.0763888888888889
0 0.4635416666666667 0.3907407407407407 0.009635416666666667 0.023148148148148147
0 0.36692708333333335 0.2865740740740741 0.0546875 0.03981481481481482
0 0.36822916666666666 0.2814814814814815 0.023177083333333334 0.01712962962962963
0 0.32734375 0.6328703703703704 0.018489583333333334 0.056018518518518516
0 0.3294270833333333 0.6337962962962963 0.010677083333333334 0.030555555555555555
0 0.47578125 0.5361111111111111 0.012239583333333333 0.018518518518518517
0 0.6080729166666666 0.5912037037037037 0.012760416666666666 0.02361111111111111
0 0.5223958333333333 0.6185185185185185 0.015885416666666666 0.019444444444444445
0 0.46041666666666664 0.5916666666666667 0.009635416666666667 0.013425925925925926
0 0.45234375 0.6550925925925926 0.012239583333333333 0.020370370370370372
0 0.4395833333333333 0.6712962962962963 0.011197916666666667 0.02361111111111111
0 0.421875 0.6787037037037037 0.015104166666666667 0.028703703703703703
0 0.4088541666666667 0.7222222222222222 0.013541666666666667 0.02824074074074074
0 0.44166666666666665 0.736574074074074 0.00859375 0.022685185185185187
0 0.47109375 0.6962962962962963 0.023177083333333334 0.029166666666666667
0 0.5 0.7291666666666666 0.0203125 0.043055555555555555
0 0.5416666666666666 0.6939814814814815 0.012760416666666666 0.018055555555555554
0 0.5783854166666667 0.6773148148148148 0.017708333333333333 0.031018518518518518
0 0.5328125 0.7652777777777777 0.0140625 0.025
0 0.5091145833333334 0.8050925925925926 0.010677083333333334 0.02638888888888889
0 0.40859375 0.8902777777777777 0.02265625 0.03657407407407407
0 0.52578125 0.8717592592592592 0.0171875 0.026851851851851852
0 0.6072916666666667 0.8416666666666667 0.016927083333333332 0.03935185185185185
0 0.6161458333333333 0.6615740740740741 0.03046875 0.0625
0 0.6216145833333333 0.6486111111111111 0.012760416666666666 0.018518518518518517
0 0.6096354166666667 0.6777777777777778 0.012760416666666666 0.019444444444444445
0 0.4622395833333333 0.36342592592592593 0.010677083333333334 0.019444444444444445
