0 0.5833333333333334 0.4300925925925926 0.032552083333333336 0.040740740740740744
0 0.5901041666666667 0.43472222222222223 0.012239583333333333 0.022685185185185187
0 0.5520833333333334 0.3824074074074074 0.016145833333333335 0.029166666666666667
0 0.5223958333333333 0.2587962962962963 0.02421875 0.05555555555555555
0 0.52109375 0.23981481481481481 0.009375 0.01712962962962963
0 0.521875 0.2462962962962963 0.013020833333333334 0.013888888888888888
0 0.5265625 0.26064814814814813 0.01015625 0.013888888888888888
0 0.5333333333333333 0.27037037037037037 0.0140625 0.015277777777777777
0 0.46510416666666665 0.38935185185185184 0.024479166666666666 0.0763888888888889
0 0.4635416666666667 0.39166666666666666 0.009635416666666667 0.023148148148148147
0 0.3692708333333333 0.28935185185185186 0.0546875 0.03981481481481482
0 0.37135416666666665 0.2847222222222222 0.023177083333333334 0.01712962962962963
0 0.32526041666666666 0.6328703703703704 0.01953125 0.0587962962962963
0 0.3268229166666667 0.6337962962962963 0.010677083333333334 0.030555555555555555
0 0.4739583333333333 0.5412037037037037 0.012239583333333333 0.018518518518518517
0 0.6072916666666667 0.5949074074074074 0.012760416666666666 0.02361111111111111
0 0.52109375 0.6222222222222222 0.015885416666666666 0.019444444444444445
0 0.45859375 0.5949074074074074 0.009114583333333334 0.012962962962962963
0 0.4510416666666667 0.6574074074074074 0.012239583333333333 0.020370370370370372
0 0.43828125 0.675 0.011197916666666667 0.02361111111111111
0 0.42109375 0.6819444444444445 0.015104166666666667 0.028703703703703703
0 0.4075520833333333 0.7245370370370371 0.012760416666666666 0.026851851851851852
0 0.44166666666666665 0.7402777777777778 0.009114583333333334 0.02361111111111111
0 0.4705729166666667 0.7074074074074074 0.023177083333333334 0.029166666666666667
0 0.4984375 0.7314814814814815 0.0203125 0.043055555555555555
0 0.5408854166666667 0.6967592592592593 0.012760416666666666 0.018055555555555554
0 0.5776041666666667 0.6819444444444445 0.017708333333333333 0.031018518518518518
0 0.5317708333333333 0.7671296296296296 0.013541666666666667 0.024074074074074074
0 0.50703125 0.8087962962962963 0.010677083333333334 0.02638888888888889
0 0.40651041666666665 0.8935185185185185 0.02265625 0.03657407407407407
0 0.5244791666666667 0.8759259259259259 0.01640625 0.02546296296296296
0 0.60546875 0.8449074074074074 0.016927083333333332 0.03935185185185185
0 0.61484375 0.6638888888888889 0.03046875 0.0625
0 0.6208333333333333 0.6513888888888889 0.012760416666666666 0.018518518518518517
0 0.6091145833333333 0.6800925925925926 0.012760416666666666 0.019444444444444445
0 0.46119791666666665 0.3675925925925926 0.010677083333333334 0.019444444444444445
