0 0.5830729166666667 0.43425925925925923 0.032552083333333336 0.040740740740740744
0 0.58984375 0.4356481481481482 0.011197916666666667 0.020370370370370372
0 0.5515625 0.3837962962962963 0.016145833333333335 0.029166666666666667
0 0.5169270833333334 0.2675925925925926 0.025520833333333333 0.058333333333333334
0 0.5111979166666667 0.24351851851851852 0.008854166666666666 0.016203703703703703
0 0.5151041666666667 0.2523148148148148 0.0125 0.013425925925925926
0 0.5205729166666667 0.2675925925925926 0.01015625 0.013888888888888888
0 0.5255208333333333 0.2777777777777778 0.014583333333333334 0.01574074074074074
0 0.45755208333333336 0.39537037037037037 0.0234375 0.07268518518518519
0 0.45625 0.4027777777777778 0.010677083333333334 0.025925925925925925
0 0.38359375 0.2962962962962963 0.0546875 0.03981481481481482
0 0.38255208333333335 0.29259259259259257 0.023177083333333334 0.01712962962962963
0 0.315625 0.6282407407407408 0.01953125 0.0587962962962963
0 0.31744791666666666 0.6296296296296297 0.011197916666666667 0.03194444444444444
0 0.46458333333333335 0.5537037037037037 0.01328125 0.020370370370370372
0 0.6052083333333333 0.600925925925926 0.012760416666666666 0.02361111111111111
0 0.5158854166666667 0.6300925925925925 0.015104166666666667 0.018518518518518517
0 0.45234375 0.6023148148148149 0.009635416666666667 0.013425925925925926
0 0.44192708333333336 0.6615740740740741 0.012239583333333333 0.020370370370370372
0 0.43203125 0.6842592592592592 0.01015625 0.021296296296296296
0 0.4153645833333333 0.6837962962962963 0.014322916666666666 0.027314814814814816
0 0.40182291666666664 0.7291666666666666 0.012760416666666666 0.026851851851851852
0 0.44375 0.7490740740740741 0.01015625 0.025925925925925925
0 0.46458333333333335 0.7018518518518518 0.022135416666666668 0.027777777777777776
0 0.49166666666666664 0.7384259259259259 0.0203125 0.043055555555555555
0 0.5408854166666667 0.7 0.01328125 0.01898148148148148
0 0.5731770833333333 0.6995370370370371 0.016145833333333335 0.02824074074074074
0 0.5247395833333334 0.7736111111111111 0.012760416666666666 0.022685185185185187
0 0.49973958333333335 0.8175925925925925 0.01015625 0.025
0 0.39791666666666664 0.9004629629629629 0.021614583333333333 0.03518518518518519
0 0.5192708333333333 0.8888888888888888 0.01640625 0.02546296296296296
0 0.5981770833333333 0.850462962962963 0.016145833333333335 0.0375
0 0.6106770833333334 0.6708333333333333 0.03046875 0.0625
0 0.6161458333333333 0.6578703703703703 0.012760416666666666 0.018518518518518517
0 0.60546875 0.6861111111111111 0.012760416666666666 0.019444444444444445
