0 0.5828125 0.4337962962962963 0.032552083333333336 0.040740740740740744
0 0.5893229166666667 0.43703703703703706 0.011197916666666667 0.020370370370370372
0 0.5510416666666667 0.3861111111111111 0.016145833333333335 0.029166666666666667
0 0.5174479166666667 0.2652777777777778 0.025520833333333333 0.058333333333333334
0 0.51328125 0.24351851851851852 0.008854166666666666 0.016203703703703703
0 0.5161458333333333 0.2513888888888889 0.0125 0.013425925925925926
0 0.521875 0.26666666666666666 0.01015625 0.013888888888888888
0 0.52734375 0.27685185185185185 0.014583333333333334 0.01574074074074074
0 0.46015625 0.39351851851851855 0.0234375 0.07268518518518519
0 0.4578125 0.4009259259259259 0.01015625 0.024537037037037038
0 0.3807291666666667 0.29583333333333334 0.0546875 0.03981481481481482
0 0.38046875 0.29212962962962963 0.024479166666666666 0.018055555555555554
0 0.31796875 0.6300925925925925 0.01953125 0.0587962962962963
0 0.31953125 0.6314814814814815 0.011197916666666667 0.03194444444444444
0 0.46640625 0.5518518518518518 0.012760416666666666 0.019444444444444445
0 0.6057291666666667 0.6 0.012760416666666666 0.02361111111111111
0 0.5171875 0.6300925925925925 0.015104166666666667 0.018518518518518517
0 0.45364583333333336 0.600925925925926 0.009635416666666667 0.013425925925925926
0 0.44375 0.6611111111111111 0.012239583333333333 0.020370370370370372
0 0.43333333333333335 0.6833333333333333 0.01015625 0.021296296296296296
0 0.4158854166666667 0.6884259259259259 0.014322916666666666 0.027314814814814816
0 0.4036458333333333 0.7282407407407407 0.012760416666666666 0.026851851851851852
0 0.44453125 0.7481481481481481 0.009635416666666667 0.025
0 0.46822916666666664 0.7055555555555556 0.022135416666666668 0.027777777777777776
0 0.49322916666666666 0.7379629629629629 0.0203125 0.043055555555555555
0 0.5419270833333333 0.700462962962963 0.01328125 0.01898148148148148
0 0.57421875 0.6967592592592593 0.016927083333333332 0.02962962962962963
0 0.52578125 0.7717592592592593 0.012760416666666666 0.022685185185185187
0 0.5015625 0.8166666666666667 0.01015625 0.025
0 0.4 0.899537037037037 0.021614583333333333 0.03518518518518519
0 0.5208333333333334 0.8870370370370371 0.01640625 0.02546296296296296
0 0.6 0.8495370370370371 0.016145833333333335 0.0375
0 0.61171875 0.6694444444444444 0.03046875 0.0625
0 0.6171875 0.6564814814814814 0.012760416666666666 0.018518518518518517
0 0.60625 0.6861111111111111 0.012760416666666666 0.019444444444444445
