0 0.5830729166666667 0.4310185185185185 0.032552083333333336 0.040740740740740744
0 0.5903645833333333 0.4361111111111111 0.012239583333333333 0.022685185185185187
0 0.5520833333333334 0.3819444444444444 0.016145833333333335 0.029166666666666667
0 0.5213541666666667 0.2625 0.02421875 0.05555555555555555
0 0.5182291666666666 0.24027777777777778 0.008854166666666666 0.016203703703703703
0 0.5203125 0.24861111111111112 0.013020833333333334 0.013888888888888888
0 0.525 0.2625 0.01015625 0.013888888888888888
0 0.5315104166666667 0.2722222222222222 0.014583333333333334 0.01574074074074074
0 0.46328125 0.3921296296296296 0.024479166666666666 0.0763888888888889
0 0.46145833333333336 0.3962962962962963 0.009635416666666667 0.023148148148148147
0 0.3734375 0.2902777777777778 0.0546875 0.03981481481481482
0 0.37473958333333335 0.2865740740740741 0.023177083333333334 0.01712962962962963
0 0.3234375 0.6328703703703704 0.01953125 0.0587962962962963
0 0.325 0.6333333333333333 0.010677083333333334 0.030555555555555555
0 0.47239583333333335 0.5439814814814815 0.012239583333333333 0.018518518518518517
0 0.6067708333333334 0.5967592592592592 0.012760416666666666 0.02361111111111111
0 0.52109375 0.625462962962963 0.015885416666666666 0.019444444444444445
0 0.45755208333333336 0.5967592592592592 0.009114583333333334 0.012962962962962963
0 0.44947916666666665 0.6587962962962963 0.012239583333333333 0.020370370370370372
0 0.43776041666666665 0.6777777777777778 0.010677083333333334 0.022685185185185187
0 0.4192708333333333 0.6824074074074075 0.014322916666666666 0.027314814814814816
0 0.40651041666666665 0.725462962962963 0.012760416666666666 0.026851851851851852
0 0.4432291666666667 0.7412037037037037 0.009114583333333334 0.02361111111111111
0 0.46848958333333335 0.7050925925925926 0.022135416666666668 0.027777777777777776
0 0.4973958333333333 0.7347222222222223 0.0203125 0.043055555555555555
0 0.54140625 0.6981481481481482 0.012760416666666666 0.018055555555555554
0 0.5763020833333333 0.6861111111111111 0.017708333333333333 0.031018518518518518
0 0.53046875 0.7694444444444445 0.013541666666666667 0.024074074074074074
0 0.5059895833333333 0.812037037037037 0.010677083333333334 0.02638888888888889
0 0.4041666666666667 0.8953703703703704 0.02265625 0.03657407407407407
0 0.5236979166666667 0.8796296296296297 0.01640625 0.02546296296296296
0 0.6049479166666667 0.8481481481481481 0.016145833333333335 0.0375
0 0.6143229166666667 0.6662037037037037 0.03046875 0.0625
0 0.6197916666666666 0.6527777777777778 0.012760416666666666 0.018518518518518517
0 0.6091145833333333 0.6824074074074075 0.012760416666666666 0.019444444444444445
0 0.4591145833333333 0.3699074074074074 0.010677083333333334 0.019444444444444445
