0 0.5822916666666667 0.43287037037037035 0.032552083333333336 0.040740740740740744
0 0.58984375 0.4351851851851852 0.012239583333333333 0.022685185185185187
0 0.5518229166666667 0.38287037037037036 0.016145833333333335 0.029166666666666667
0 0.5203125 0.26435185185185184 0.02421875 0.05555555555555555
0 0.5169270833333334 0.24166666666666667 0.008854166666666666 0.016203703703703703
0 0.51875 0.25046296296296294 0.013020833333333334 0.013888888888888888
0 0.5252604166666667 0.26435185185185184 0.01015625 0.013888888888888888
0 0.5302083333333333 0.27361111111111114 0.014583333333333334 0.01574074074074074
0 0.46197916666666666 0.3925925925925926 0.0234375 0.07268518518518519
0 0.46041666666666664 0.39861111111111114 0.009635416666666667 0.023148148148148147
0 0.3763020833333333 0.29212962962962963 0.0546875 0.03981481481481482
0 0.3763020833333333 0.2898148148148148 0.024479166666666666 0.018055555555555554
0 0.321875 0.6314814814814815 0.01953125 0.0587962962962963
0 0.32317708333333334 0.6333333333333333 0.010677083333333334 0.030555555555555555
0 0.4708333333333333 0.5467592592592593 0.012239583333333333 0.018518518518518517
0 0.6057291666666667 0.5986111111111111 0.012760416666666666 0.02361111111111111
0 0.51953125 0.6268518518518519 0.015885416666666666 0.019444444444444445
0 0.45651041666666664 0.5990740740740741 0.009114583333333334 0.012962962962962963
0 0.4471354166666667 0.6611111111111111 0.012239583333333333 0.020370370370370372
0 0.43671875 0.6819444444444445 0.010677083333333334 0.022685185185185187
0 0.41796875 0.6824074074074075 0.014322916666666666 0.027314814814814816
0 0.40520833333333334 0.7273148148148149 0.012760416666666666 0.026851851851851852
0 0.44505208333333335 0.7439814814814815 0.009114583333333334 0.02361111111111111
0 0.4671875 0.7046296296296296 0.022135416666666668 0.027777777777777776
0 0.49505208333333334 0.7375 0.021354166666666667 0.04537037037037037
0 0.5416666666666666 0.6995370370370371 0.01328125 0.01898148148148148
0 0.5760416666666667 0.6893518518518519 0.017708333333333333 0.031018518518518518
0 0.52890625 0.7712962962962963 0.012760416666666666 0.022685185185185187
0 0.50390625 0.8134259259259259 0.010677083333333334 0.02638888888888889
0 0.403125 0.8972222222222223 0.021614583333333333 0.03518518518518519
0 0.52265625 0.8828703703703704 0.01640625 0.02546296296296296
0 0.60390625 0.8481481481481481 0.016145833333333335 0.0375
0 0.6143229166666667 0.6671296296296296 0.03046875 0.0625
0 0.61875 0.6550925925925926 0.012760416666666666 0.018518518518518517
0 0.6083333333333333 0.6842592592592592 0.012760416666666666 0.019444444444444445
0 0.45729166666666665 0.3726851851851852 0.010677083333333334 0.019444444444444445
