0 0.584375 0.3939814814814815 0.032552083333333336 0.040740740740740744
0 0.5927083333333333 0.3939814814814815 0.013541666666666667 0.024537037037037038
0 0.5557291666666667 0.3509259259259259 0.017708333333333333 0.03194444444444444
0 0.5338541666666666 0.21481481481481482 0.02421875 0.05555555555555555
0 0.5338541666666666 0.19814814814814816 0.009375 0.01712962962962963
0 0.5325520833333334 0.20416666666666666 0.013020833333333334 0.013888888888888888
0 0.53828125 0.21481481481481482 0.01015625 0.013888888888888888
0 0.5458333333333333 0.22453703703703703 0.0140625 0.015277777777777777
0 0.4765625 0.3449074074074074 0.024479166666666666 0.0763888888888889
0 0.47291666666666665 0.34953703703703703 0.01015625 0.024537037037037038
0 0.3497395833333333 0.2462962962962963 0.052083333333333336 0.03796296296296296
0 0.34869791666666666 0.23981481481481481 0.022135416666666668 0.016203703703703703
0 0.34322916666666664 0.6125 0.016927083333333332 0.05092592592592592
0 0.3450520833333333 0.6097222222222223 0.010677083333333334 0.030555555555555555
0 0.48723958333333334 0.48842592592592593 0.0140625 0.021296296296296296
0 0.61015625 0.5518518518518518 0.0140625 0.025925925925925925
0 0.5315104166666667 0.5787037037037037 0.015104166666666667 0.018518518518518517
0 0.46953125 0.549537037037037 0.01015625 0.013888888888888888
0 0.46458333333333335 0.612037037037037 0.014322916666666666 0.02361111111111111
0 0.44895833333333335 0.6356481481481482 0.01015625 0.021296296296296296
0 0.4278645833333333 0.6365740740740741 0.019270833333333334 0.03657407407407407
0 0.41796875 0.6837962962962963 0.013541666666666667 0.02824074074074074
0 0.4427083333333333 0.6939814814814815 0.023177083333333334 0.02175925925925926
0 0.4796875 0.6550925925925926 0.021875 0.031018518518518518
0 0.5078125 0.6912037037037037 0.0203125 0.028703703703703703
0 0.5486979166666667 0.6546296296296297 0.012760416666666666 0.018055555555555554
0 0.58359375 0.6166666666666667 0.017708333333333333 0.031018518518518518
0 0.54453125 0.7175925925925926 0.015625 0.027777777777777776
0 0.5184895833333333 0.7657407407407407 0.011197916666666667 0.027777777777777776
0 0.53203125 0.8351851851851851 0.0171875 0.026851851851851852
0 0.6247395833333333 0.6199074074074075 0.03046875 0.0625
0 0.6286458333333333 0.6046296296296296 0.01328125 0.019444444444444445
0 0.6203125 0.6356481481481482 0.012760416666666666 0.019444444444444445
0 0.47630208333333335 0.32083333333333336 0.010677083333333334 0.019444444444444445
0 0.4239583333333333 0.8458333333333333 0.026302083333333334 0.03564814814814815
0 0.6166666666666667 0.8041666666666667 0.023958333333333335 0.040740740740740744
