0 0.5838541666666667 0.4111111111111111 0.032552083333333336 0.040740740740740744
0 0.590625 0.41574074074074074 0.013020833333333334 0.02361111111111111
0 0.55390625 0.3675925925925926 0.016145833333333335 0.029166666666666667
0 0.5299479166666666 0.2361111111111111 0.02421875 0.05555555555555555
0 0.5299479166666666 0.21851851851851853 0.009375 0.01712962962962963
0 0.5283854166666667 0.2212962962962963 0.013020833333333334 0.013888888888888888
0 0.5333333333333333 0.23333333333333334 0.010677083333333334 0.014351851851851852
0 0.54140625 0.2439814814814815 0.0140625 0.015277777777777777
0 0.47291666666666665 0.36435185185185187 0.024479166666666666 0.0763888888888889
0 0.46927083333333336 0.36898148148148147 0.01015625 0.024537037037037038
0 0.35520833333333335 0.2652777777777778 0.0546875 0.03981481481481482
0 0.35703125 0.25925925925925924 0.022135416666666668 0.016203703703703703
0 0.3375 0.6236111111111111 0.017708333333333333 0.05324074074074074
0 0.33880208333333334 0.6231481481481481 0.010677083333333334 0.030555555555555555
0 0.4830729166666667 0.5106481481481482 0.012760416666666666 0.019444444444444445
0 0.6098958333333333 0.5680555555555555 0.012760416666666666 0.02361111111111111
0 0.52734375 0.5990740740740741 0.015885416666666666 0.019444444444444445
0 0.4661458333333333 0.5708333333333333 0.01015625 0.013888888888888888
0 0.45989583333333334 0.6328703703703704 0.013541666666666667 0.022685185185185187
0 0.4453125 0.6509259259259259 0.010677083333333334 0.022685185185185187
0 0.42552083333333335 0.6550925925925926 0.018229166666666668 0.034722222222222224
0 0.41432291666666665 0.7013888888888888 0.013541666666666667 0.02824074074074074
0 0.44192708333333336 0.7138888888888889 0.02421875 0.022685185185185187
0 0.4765625 0.6759259259259259 0.021875 0.031018518518518518
0 0.5046875 0.7097222222222223 0.0203125 0.028703703703703703
0 0.5458333333333333 0.6731481481481482 0.012760416666666666 0.018055555555555554
0 0.5815104166666667 0.6444444444444445 0.017708333333333333 0.031018518518518518
0 0.5403645833333334 0.7384259259259259 0.015625 0.027777777777777776
0 0.5135416666666667 0.7842592592592592 0.010677083333333334 0.02638888888888889
0 0.5299479166666666 0.8513888888888889 0.01796875 0.02824074074074074
0 0.62109375 0.638425925925926 0.03046875 0.0625
0 0.625 0.6268518518518519 0.01328125 0.019444444444444445
0 0.615625 0.6569444444444444 0.012760416666666666 0.019444444444444445
0 0.47161458333333334 0.34120370370370373 0.010677083333333334 0.019444444444444445
0 0.41744791666666664 0.8666666666666667 0.026302083333333334 0.03564814814814815
0 0.6114583333333333 0.8217592592592593 0.02265625 0.03888888888888889
