0 0.5848958333333333 0.38657407407407407 0.032552083333333336 0.040740740740740744
0 0.5927083333333333 0.38657407407407407 0.013541666666666667 0.024537037037037038
0 0.5567708333333333 0.3439814814814815 0.017708333333333333 0.03194444444444444
0 0.540625 0.20555555555555555 0.033854166666666664 0.05555555555555555
0 0.5359375 0.19074074074074074 0.008854166666666666 0.016203703703703703
0 0.5346354166666667 0.1962962962962963 0.0125 0.013425925925925926
0 0.5395833333333333 0.2064814814814815 0.010677083333333334 0.014351851851851852
0 0.546875 0.2162037037037037 0.0140625 0.015277777777777777
0 0.4786458333333333 0.3365740740740741 0.024479166666666666 0.0763888888888889
0 0.47421875 0.3439814814814815 0.010677083333333334 0.025925925925925925
0 0.34713541666666664 0.23842592592592593 0.0546875 0.03981481481481482
0 0.34661458333333334 0.23148148148148148 0.023177083333333334 0.01712962962962963
0 0.34609375 0.6074074074074074 0.016927083333333332 0.05092592592592592
0 0.34739583333333335 0.6037037037037037 0.010677083333333334 0.030555555555555555
0 0.4895833333333333 0.48055555555555557 0.0140625 0.021296296296296296
0 0.6114583333333333 0.5425925925925926 0.0140625 0.025925925925925925
0 0.5338541666666666 0.5694444444444444 0.015104166666666667 0.018518518518518517
0 0.47109375 0.5412037037037037 0.01015625 0.013888888888888888
0 0.46588541666666666 0.6032407407407407 0.014322916666666666 0.02361111111111111
0 0.4505208333333333 0.6296296296296297 0.009635416666666667 0.020370370370370372
0 0.42942708333333335 0.6277777777777778 0.020052083333333335 0.038425925925925926
0 0.41901041666666666 0.6777777777777778 0.012760416666666666 0.026851851851851852
0 0.4440104166666667 0.6842592592592592 0.023177083333333334 0.02175925925925926
0 0.48151041666666666 0.6462962962962963 0.021875 0.031018518518518518
0 0.51015625 0.6819444444444445 0.021354166666666667 0.03009259259259259
0 0.5455729166666666 0.6444444444444445 0.0203125 0.02361111111111111
0 0.584375 0.6046296296296296 0.017708333333333333 0.031018518518518518
0 0.5466145833333333 0.7092592592592593 0.015625 0.027777777777777776
0 0.5208333333333334 0.7597222222222222 0.011197916666666667 0.027777777777777776
0 0.5328125 0.8273148148148148 0.0171875 0.026851851851851852
0 0.62578125 0.612037037037037 0.03203125 0.06574074074074074
0 0.6299479166666667 0.5944444444444444 0.01328125 0.019444444444444445
0 0.6221354166666667 0.6277777777777778 0.012760416666666666 0.019444444444444445
0 0.4778645833333333 0.3106481481481482 0.010677083333333334 0.019444444444444445
0 0.61796875 0.7949074074074074 0.023958333333333335 0.040740740740740744
0 0.4231770833333333 0.837037037037037 0.02578125 0.028703703703703703
