0 0.5838541666666667 0.4064814814814815 0.032552083333333336 0.040740740740740744
0 0.5919270833333333 0.4060185185185185 0.013020833333333334 0.02361111111111111
0 0.5546875 0.362962962962963 0.016145833333333335 0.029166666666666667
0 0.5315104166666667 0.23055555555555557 0.02421875 0.05555555555555555
0 0.5309895833333333 0.21296296296296297 0.009375 0.01712962962962963
0 0.5302083333333333 0.22037037037037038 0.013020833333333334 0.013888888888888888
0 0.53515625 0.22962962962962963 0.01015625 0.013888888888888888
0 0.5424479166666667 0.23842592592592593 0.0140625 0.015277777777777777
0 0.47421875 0.3592592592592593 0.024479166666666666 0.0763888888888889
0 0.4703125 0.36435185185185187 0.01015625 0.024537037037037038
0 0.3533854166666667 0.25972222222222224 0.052083333333333336 0.03796296296296296
0 0.35390625 0.25416666666666665 0.02109375 0.015277777777777777
0 0.33958333333333335 0.6217592592592592 0.016927083333333332 0.05092592592592592
0 0.340625 0.6199074074074075 0.010677083333333334 0.030555555555555555
0 0.48489583333333336 0.5037037037037037 0.012760416666666666 0.019444444444444445
0 0.6098958333333333 0.5638888888888889 0.01328125 0.025
0 0.5283854166666667 0.5935185185185186 0.015885416666666666 0.019444444444444445
0 0.4669270833333333 0.5657407407407408 0.01015625 0.013888888888888888
0 0.46119791666666665 0.6282407407407408 0.013541666666666667 0.022685185185185187
0 0.44583333333333336 0.6472222222222223 0.010677083333333334 0.022685185185185187
0 0.42578125 0.6504629629629629 0.019270833333333334 0.03657407407407407
0 0.41510416666666666 0.6972222222222222 0.013541666666666667 0.02824074074074074
0 0.44192708333333336 0.7083333333333334 0.02421875 0.022685185185185187
0 0.47734375 0.6722222222222223 0.021875 0.031018518518518518
0 0.5065104166666666 0.7050925925925926 0.0203125 0.028703703703703703
0 0.5458333333333333 0.6685185185185185 0.012760416666666666 0.018055555555555554
0 0.5815104166666667 0.6361111111111111 0.01875 0.032407407407407406
0 0.5411458333333333 0.7342592592592593 0.015625 0.027777777777777776
0 0.51484375 0.7791666666666667 0.011197916666666667 0.027777777777777776
0 0.5302083333333333 0.8476851851851852 0.01796875 0.02824074074074074
0 0.621875 0.6337962962962963 0.03046875 0.0625
0 0.6260416666666667 0.6212962962962963 0.01328125 0.019444444444444445
0 0.6169270833333333 0.6513888888888889 0.012760416666666666 0.019444444444444445
0 0.47369791666666666 0.3347222222222222 0.010677083333333334 0.019444444444444445
0 0.41901041666666666 0.8611111111111112 0.026302083333333334 0.03564814814814815
0 0.6127604166666667 0.8166666666666667 0.02265625 0.03888888888888889
