0 0.584375 0.4 0.032552083333333336 0.040740740740740744
0 0.5919270833333333 0.40046296296296297 0.013020833333333334 0.02361111111111111
0 0.5549479166666667 0.3578703703703704 0.016927083333333332 0.030555555555555555
0 0.5325520833333334 0.22314814814814815 0.02421875 0.05555555555555555
0 0.5322916666666667 0.20601851851851852 0.009375 0.01712962962962963
0 0.53125 0.2111111111111111 0.013020833333333334 0.013888888888888888
0 0.53828125 0.22175925925925927 0.01015625 0.013888888888888888
0 0.54453125 0.23055555555555557 0.0140625 0.015277777777777777
0 0.47552083333333334 0.35138888888888886 0.024479166666666666 0.0763888888888889
0 0.471875 0.35648148148148145 0.01015625 0.024537037037037038
0 0.3515625 0.25416666666666665 0.052083333333333336 0.03796296296296296
0 0.3502604166666667 0.24722222222222223 0.02109375 0.015277777777777777
0 0.3416666666666667 0.6189814814814815 0.016927083333333332 0.05092592592592592
0 0.34296875 0.6152777777777778 0.010677083333333334 0.030555555555555555
0 0.4859375 0.49675925925925923 0.01328125 0.020370370370370372
0 0.6096354166666667 0.5574074074074075 0.01328125 0.025
0 0.5294270833333333 0.587037037037037 0.015885416666666666 0.019444444444444445
0 0.46848958333333335 0.5578703703703703 0.01015625 0.013888888888888888
0 0.4630208333333333 0.6212962962962963 0.014322916666666666 0.02361111111111111
0 0.4473958333333333 0.6444444444444445 0.010677083333333334 0.022685185185185187
0 0.4276041666666667 0.6439814814814815 0.019270833333333334 0.03657407407407407
0 0.4166666666666667 0.6902777777777778 0.013541666666666667 0.02824074074074074
0 0.4427083333333333 0.7018518518518518 0.023177083333333334 0.02175925925925926
0 0.4783854166666667 0.6648148148148149 0.021875 0.031018518518518518
0 0.5067708333333333 0.6986111111111111 0.0203125 0.028703703703703703
0 0.5471354166666667 0.6620370370370371 0.012760416666666666 0.018055555555555554
0 0.5822916666666667 0.6263888888888889 0.017708333333333333 0.031018518518518518
0 0.5424479166666667 0.7273148148148149 0.015625 0.027777777777777776
0 0.5169270833333334 0.7722222222222223 0.011197916666666667 0.027777777777777776
0 0.5307291666666667 0.8421296296296297 0.01796875 0.02824074074074074
0 0.6231770833333333 0.6277777777777778 0.03046875 0.0625
0 0.62734375 0.6129629629629629 0.01328125 0.019444444444444445
0 0.6182291666666667 0.6435185185185185 0.012760416666666666 0.019444444444444445
0 0.475 0.3287037037037037 0.010677083333333334 0.019444444444444445
0 0.42135416666666664 0.8541666666666666 0.026302083333333334 0.03564814814814815
0 0.61484375 0.8111111111111111 0.023958333333333335 0.040740740740740744
