0 0.5875 0.36203703703703705 0.03411458333333333 0.04259259259259259
0 0.5953125 0.36064814814814816 0.013541666666666667 0.024537037037037038
0 0.56015625 0.32037037037037036 0.018489583333333334 0.03333333333333333
0 0.5421875 0.17916666666666667 0.033854166666666664 0.05555555555555555
0 0.5416666666666666 0.1638888888888889 0.008333333333333333 0.015277777777777777
0 0.5401041666666667 0.16898148148148148 0.011979166666666667 0.012962962962962963
0 0.5463541666666667 0.17916666666666667 0.01171875 0.01574074074074074
0 0.553125 0.18935185185185185 0.01328125 0.014351851851851852
0 0.48385416666666664 0.30972222222222223 0.0234375 0.07268518518518519
0 0.4791666666666667 0.31805555555555554 0.01171875 0.02824074074074074
0 0.34270833333333334 0.21296296296296297 0.0546875 0.03981481481481482
0 0.34010416666666665 0.2064814814814815 0.023177083333333334 0.01712962962962963
0 0.3533854166666667 0.586574074074074 0.018489583333333334 0.056018518518518516
0 0.35572916666666665 0.5837962962962963 0.011197916666666667 0.03194444444444444
0 0.49609375 0.45092592592592595 0.0140625 0.021296296296296296
0 0.6153645833333333 0.5185185185185185 0.01484375 0.027314814814814816
0 0.5377604166666666 0.5444444444444444 0.015104166666666667 0.018518518518518517
0 0.4752604166666667 0.5138888888888888 0.009635416666666667 0.013425925925925926
0 0.4703125 0.5782407407407407 0.015625 0.025925925925925925
0 0.4552083333333333 0.6041666666666666 0.009635416666666667 0.020370370370370372
0 0.43385416666666665 0.6032407407407407 0.02109375 0.04027777777777778
0 0.4234375 0.6550925925925926 0.012760416666666666 0.026851851851851852
0 0.44557291666666665 0.6574074074074074 0.021875 0.020370370370370372
0 0.48333333333333334 0.6189814814814815 0.022916666666666665 0.03287037037037037
0 0.51484375 0.6569444444444444 0.0203125 0.028703703703703703
0 0.55234375 0.6199074074074075 0.022395833333333334 0.025925925925925925
0 0.5888020833333333 0.5722222222222222 0.020572916666666666 0.03611111111111111
0 0.5510416666666667 0.6884259259259259 0.01640625 0.029166666666666667
0 0.5244791666666667 0.7393518518518518 0.011197916666666667 0.027777777777777776
0 0.5377604166666666 0.8032407407407407 0.01796875 0.02824074074074074
0 0.6309895833333333 0.587037037037037 0.03203125 0.06574074074074074
0 0.6307291666666667 0.5810185185185185 0.0140625 0.020370370370370372
0 0.6276041666666666 0.600925925925926 0.0140625 0.021296296296296296
0 0.48411458333333335 0.2875 0.010677083333333334 0.019444444444444445
0 0.43255208333333334 0.8138888888888889 0.02578125 0.028703703703703703
0 0.621875 0.7675925925925926 0.02890625 0.03657407407407407
