0 0.5838541666666667 0.4152777777777778 0.032552083333333336 0.040740740740740744
0 0.5903645833333333 0.4203703703703704 0.012239583333333333 0.022685185185185187
0 0.5536458333333333 0.37222222222222223 0.016145833333333335 0.029166666666666667
0 0.5286458333333334 0.24259259259259258 0.02421875 0.05555555555555555
0 0.5276041666666667 0.22361111111111112 0.009375 0.01712962962962963
0 0.5276041666666667 0.22916666666666666 0.013020833333333334 0.013888888888888888
0 0.53203125 0.24074074074074073 0.01015625 0.013888888888888888
0 0.53984375 0.25092592592592594 0.0140625 0.015277777777777777
0 0.471875 0.37037037037037035 0.024479166666666666 0.0763888888888889
0 0.46796875 0.375 0.01015625 0.024537037037037038
0 0.3580729166666667 0.27037037037037037 0.0546875 0.03981481481481482
0 0.35911458333333335 0.2652777777777778 0.022135416666666668 0.016203703703703703
0 0.33489583333333334 0.6263888888888889 0.018489583333333334 0.056018518518518516
0 0.33697916666666666 0.6268518518518519 0.010677083333333334 0.030555555555555555
0 0.4817708333333333 0.5175925925925926 0.012239583333333333 0.018518518518518517
0 0.6091145833333333 0.5736111111111111 0.012760416666666666 0.02361111111111111
0 0.5260416666666666 0.6050925925925926 0.015885416666666666 0.019444444444444445
0 0.46458333333333335 0.5777777777777777 0.01015625 0.013888888888888888
0 0.45859375 0.6402777777777777 0.013541666666666667 0.022685185185185187
0 0.44427083333333334 0.6564814814814814 0.010677083333333334 0.022685185185185187
0 0.4244791666666667 0.6625 0.017447916666666667 0.03333333333333333
0 0.4127604166666667 0.7069444444444445 0.013541666666666667 0.02824074074074074
0 0.44244791666666666 0.7189814814814814 0.02421875 0.022685185185185187
0 0.47369791666666666 0.6787037037037037 0.020833333333333332 0.02962962962962963
0 0.5041666666666667 0.7162037037037037 0.0203125 0.028703703703703703
0 0.5434895833333333 0.6800925925925926 0.012760416666666666 0.018055555555555554
0 0.58046875 0.6523148148148148 0.017708333333333333 0.031018518518518518
0 0.53828125 0.7462962962962963 0.01484375 0.02638888888888889
0 0.5127604166666667 0.7902777777777777 0.010677083333333334 0.02638888888888889
0 0.52890625 0.8560185185185185 0.01796875 0.02824074074074074
0 0.6203125 0.6439814814814815 0.03046875 0.0625
0 0.6247395833333333 0.6333333333333333 0.01328125 0.019444444444444445
0 0.6145833333333334 0.662962962962963 0.012760416666666666 0.019444444444444445
0 0.4703125 0.34629629629629627 0.010677083333333334 0.019444444444444445
0 0.4153645833333333 0.8726851851851852 0.026302083333333334 0.03564814814814815
0 0.6109375 0.8273148148148148 0.02265625 0.03888888888888889
