0 0.5885416666666666 0.3523148148148148 0.03411458333333333 0.04259259259259259
0 0.59609375 0.35185185185185186 0.013541666666666667 0.024537037037037038
0 0.5622395833333333 0.3106481481481482 0.017708333333333333 0.03194444444444444
0 0.5455729166666666 0.1699074074074074 0.033854166666666664 0.05555555555555555
0 0.54453125 0.15231481481481482 0.008333333333333333 0.015277777777777777
0 0.5421875 0.15833333333333333 0.011979166666666667 0.012962962962962963
0 0.5494791666666666 0.1685185185185185 0.012239583333333333 0.016666666666666666
0 0.5544270833333333 0.18055555555555555 0.012760416666666666 0.013888888888888888
0 0.4861979166666667 0.2986111111111111 0.024479166666666666 0.0763888888888889
0 0.4817708333333333 0.3060185185185185 0.01171875 0.02824074074074074
0 0.3421875 0.20324074074074075 0.0546875 0.03981481481481482
0 0.33880208333333334 0.19675925925925927 0.023177083333333334 0.01712962962962963
0 0.35651041666666666 0.5782407407407407 0.018489583333333334 0.056018518518518516
0 0.35885416666666664 0.575462962962963 0.011197916666666667 0.03194444444444444
0 0.4986979166666667 0.43842592592592594 0.0140625 0.021296296296296296
0 0.6174479166666667 0.5069444444444444 0.01484375 0.027314814814814816
0 0.54140625 0.5337962962962963 0.014322916666666666 0.017592592592592594
0 0.4778645833333333 0.5 0.009635416666666667 0.013425925925925926
0 0.47213541666666664 0.5666666666666667 0.015625 0.025925925925925925
0 0.45807291666666666 0.5958333333333333 0.009635416666666667 0.020370370370370372
0 0.4354166666666667 0.5930555555555556 0.02109375 0.04027777777777778
0 0.42604166666666665 0.6453703703703704 0.012760416666666666 0.026851851851851852
0 0.44765625 0.6449074074074074 0.021875 0.020370370370370372
0 0.484375 0.6097222222222223 0.02421875 0.03425925925925926
0 0.5174479166666667 0.6486111111111111 0.0203125 0.028703703703703703
0 0.5546875 0.6097222222222223 0.022395833333333334 0.025925925925925925
0 0.590625 0.5601851851851852 0.021614583333333333 0.03796296296296296
0 0.5528645833333333 0.6796296296296296 0.01640625 0.029166666666666667
0 0.5255208333333333 0.7310185185185185 0.010677083333333334 0.02638888888888889
0 0.5401041666666667 0.7930555555555555 0.01796875 0.02824074074074074
0 0.6330729166666667 0.575925925925926 0.03203125 0.06574074074074074
0 0.6330729166666667 0.5847222222222223 0.01484375 0.021296296296296296
0 0.63046875 0.5902777777777778 0.0140625 0.021296296296296296
0 0.4869791666666667 0.2763888888888889 0.010677083333333334 0.019444444444444445
0 0.4356770833333333 0.8046296296296296 0.02578125 0.028703703703703703
0 0.6244791666666667 0.7564814814814815 0.02890625 0.03657407407407407
