0 0.5859375 0.3787037037037037 0.03411458333333333 0.04259259259259259
0 0.5940104166666667 0.3773148148148148 0.013541666666666667 0.024537037037037038
0 0.5575520833333333 0.33564814814814814 0.018489583333333334 0.03333333333333333
0 0.5393229166666667 0.19583333333333333 0.033854166666666664 0.05555555555555555
0 0.53828125 0.1824074074074074 0.008333333333333333 0.015277777777777777
0 0.53671875 0.18703703703703703 0.0125 0.013425925925925926
0 0.540625 0.19675925925925927 0.010677083333333334 0.014351851851851852
0 0.5486979166666667 0.20833333333333334 0.0140625 0.015277777777777777
0 0.48046875 0.32685185185185184 0.024479166666666666 0.0763888888888889
0 0.47604166666666664 0.33425925925925926 0.011197916666666667 0.026851851851851852
0 0.3455729166666667 0.22962962962962963 0.0546875 0.03981481481481482
0 0.34453125 0.22268518518518518 0.023177083333333334 0.01712962962962963
0 0.34817708333333336 0.6 0.016927083333333332 0.05092592592592592
0 0.35 0.5967592592592592 0.011197916666666667 0.03194444444444444
0 0.49140625 0.4703703703703704 0.0140625 0.021296296296296296
0 0.6127604166666667 0.5342592592592592 0.0140625 0.025925925925925925
0 0.534375 0.562962962962963 0.015104166666666667 0.018518518518518517
0 0.47369791666666666 0.5310185185185186 0.01015625 0.013888888888888888
0 0.4674479166666667 0.5953703703703703 0.01484375 0.025
0 0.45234375 0.6212962962962963 0.009635416666666667 0.020370370370370372
0 0.4317708333333333 0.6194444444444445 0.02109375 0.04027777777777778
0 0.4200520833333333 0.6699074074074074 0.012760416666666666 0.026851851851851852
0 0.4432291666666667 0.675 0.021875 0.020370370370370372
0 0.48359375 0.6365740740740741 0.021875 0.031018518518518518
0 0.5098958333333333 0.674537037037037 0.0203125 0.028703703703703703
0 0.54921875 0.6365740740740741 0.021354166666666667 0.025
0 0.5859375 0.5930555555555556 0.01875 0.032407407407407406
0 0.5479166666666667 0.700462962962963 0.01640625 0.029166666666666667
0 0.5221354166666666 0.7546296296296297 0.011197916666666667 0.027777777777777776
0 0.5346354166666667 0.8189814814814815 0.01796875 0.02824074074074074
0 0.62734375 0.6037037037037037 0.03203125 0.06574074074074074
0 0.63125 0.586574074074074 0.01328125 0.019444444444444445
0 0.6236979166666666 0.6180555555555556 0.012760416666666666 0.019444444444444445
0 0.48072916666666665 0.30185185185185187 0.010677083333333334 0.019444444444444445
0 0.6184895833333334 0.7851851851851852 0.023958333333333335 0.040740740740740744
0 0.4278645833333333 0.8300925925925926 0.02578125 0.028703703703703703
