0 0.6135416666666667 0.26064814814814813 0.03411458333333333 0.030555555555555555
0 0.6221354166666667 0.26296296296296295 0.014322916666666666 0.025925925925925925
0 0.5890625 0.2337962962962963 0.018489583333333334 0.03333333333333333
0 0.5783854166666667 0.07592592592592592 0.033854166666666664 0.05
0 0.5822916666666667 0.07962962962962963 0.013020833333333334 0.017592592592592594
0 0.5174479166666667 0.20879629629629629 0.025260416666666667 0.07268518518518519
0 0.5166666666666667 0.20787037037037037 0.012239583333333333 0.02962962962962963
0 0.3484375 0.11712962962962963 0.052083333333333336 0.03796296296296296
0 0.3497395833333333 0.10925925925925926 0.023177083333333334 0.01712962962962963
0 0.3963541666666667 0.5046296296296297 0.018489583333333334 0.050462962962962966
0 0.3984375 0.500462962962963 0.010677083333333334 0.030555555555555555
0 0.53125 0.35648148148148145 0.0140625 0.021296296296296296
0 0.6510416666666666 0.41712962962962963 0.01640625 0.03009259259259259
0 0.5736979166666667 0.44305555555555554 0.014583333333333334 0.03425925925925926
0 0.51015625 0.4101851851851852 0.011979166666666667 0.02962962962962963
0 0.50078125 0.46574074074074073 0.01640625 0.027314814814814816
0 0.46901041666666665 0.5074074074074074 0.021614583333333333 0.041666666666666664
0 0.45807291666666666 0.5587962962962963 0.013541666666666667 0.02824074074074074
0 0.47552083333333334 0.5509259259259259 0.017447916666666667 0.03333333333333333
0 0.5153645833333333 0.5236111111111111 0.0265625 0.03796296296296296
0 0.5489583333333333 0.5430555555555555 0.018489583333333334 0.025925925925925925
0 0.58828125 0.5231481481481481 0.024739583333333332 0.028703703703703703
0 0.6205729166666667 0.4615740740740741 0.023958333333333335 0.041666666666666664
0 0.5888020833333333 0.5847222222222223 0.01640625 0.029166666666666667
0 0.5638020833333334 0.6356481481481482 0.018489583333333334 0.03657407407407407
0 0.56875 0.7111111111111111 0.015625 0.024074074074074074
0 0.6658854166666667 0.47638888888888886 0.019010416666666665 0.06898148148148148
0 0.6674479166666667 0.487962962962963 0.0171875 0.025
0 0.6666666666666666 0.4583333333333333 0.015625 0.02361111111111111
0 0.47291666666666665 0.7143518518518519 0.029947916666666668 0.03333333333333333
0 0.6606770833333333 0.6694444444444444 0.03333333333333333 0.04212962962962963
0 0.4908854166666667 0.5050925925925925 0.01328125 0.026851851851851852
0 0.5721354166666667 0.06296296296296296 0.01484375 0.018518518518518517
0 0.0171875 0.9347222222222222 0.01171875 0.019444444444444445
0 0.030989583333333334 0.9393518518518519 0.015364583333333333 0.02361111111111111
0 0.05390625 0.9587962962962963 0.011197916666666667 0.018055555555555554
