0 0.6098958333333333 0.2708333333333333 0.0359375 0.03194444444444444
0 0.61796875 0.27314814814814814 0.014322916666666666 0.025925925925925925
0 0.5854166666666667 0.2388888888888889 0.018489583333333334 0.03333333333333333
0 0.5739583333333333 0.08611111111111111 0.033854166666666664 0.05
0 0.5776041666666667 0.08981481481481482 0.013020833333333334 0.017592592592592594
0 0.5130208333333334 0.21851851851851853 0.025260416666666667 0.07268518518518519
0 0.5119791666666667 0.21851851851851853 0.012239583333333333 0.02962962962962963
0 0.34661458333333334 0.12731481481481483 0.052083333333333336 0.03796296296296296
0 0.34713541666666664 0.11851851851851852 0.023177083333333334 0.01712962962962963
0 0.39088541666666665 0.512962962962963 0.018489583333333334 0.050462962962962966
0 0.39348958333333334 0.5092592592592593 0.010677083333333334 0.030555555555555555
0 0.5268229166666667 0.362962962962963 0.0140625 0.021296296296296296
0 0.64609375 0.42777777777777776 0.015625 0.028703703703703703
0 0.5692708333333333 0.4513888888888889 0.014583333333333334 0.03425925925925926
0 0.5057291666666667 0.4166666666666667 0.011979166666666667 0.02962962962962963
0 0.49661458333333336 0.47453703703703703 0.01640625 0.027314814814814816
0 0.46380208333333334 0.5171296296296296 0.021614583333333333 0.041666666666666664
0 0.45338541666666665 0.5689814814814815 0.013541666666666667 0.02824074074074074
0 0.4708333333333333 0.5615740740740741 0.017447916666666667 0.03333333333333333
0 0.5119791666666667 0.5263888888888889 0.0265625 0.03796296296296296
0 0.54453125 0.5532407407407407 0.018489583333333334 0.025925925925925925
0 0.5828125 0.5324074074074074 0.026041666666666668 0.03009259259259259
0 0.6169270833333333 0.47175925925925927 0.023958333333333335 0.041666666666666664
0 0.584375 0.5972222222222222 0.01640625 0.029166666666666667
0 0.55859375 0.6462962962962963 0.018489583333333334 0.03657407407407407
0 0.5645833333333333 0.7185185185185186 0.01640625 0.02546296296296296
0 0.6611979166666667 0.4875 0.019010416666666665 0.06898148148148148
0 0.6630208333333333 0.500462962962963 0.0171875 0.025
0 0.6619791666666667 0.46944444444444444 0.015625 0.02361111111111111
0 0.4669270833333333 0.725 0.028385416666666666 0.03148148148148148
0 0.6552083333333333 0.6796296296296296 0.03333333333333333 0.04212962962962963
0 0.4864583333333333 0.5152777777777777 0.01328125 0.026851851851851852
0 0.5682291666666667 0.07777777777777778 0.01328125 0.018055555555555554
0 0.048177083333333336 0.9666666666666667 0.014322916666666666 0.02638888888888889
0 0.024479166666666666 0.9490740740740741 0.01171875 0.022222222222222223
0 0.0140625 0.9453703703703704 0.01171875 0.027314814814814816
