0 0.58984375 0.3416666666666667 0.03411458333333333 0.04259259259259259
0 0.5973958333333333 0.3421296296296296 0.014322916666666666 0.025925925925925925
0 0.5640625 0.30092592592592593 0.018489583333333334 0.03333333333333333
0 0.5486979166666667 0.15833333333333333 0.033854166666666664 0.05555555555555555
0 0.5481770833333334 0.1398148148148148 0.008072916666666667 0.014814814814814815
0 0.5463541666666667 0.1486111111111111 0.011979166666666667 0.012962962962962963
0 0.5513020833333333 0.15787037037037038 0.012239583333333333 0.016666666666666666
0 0.48828125 0.28703703703703703 0.024479166666666666 0.0763888888888889
0 0.484375 0.29444444444444445 0.012239583333333333 0.02962962962962963
0 0.3421875 0.19212962962962962 0.052083333333333336 0.03796296296296296
0 0.3385416666666667 0.18564814814814815 0.023177083333333334 0.01712962962962963
0 0.35963541666666665 0.5662037037037037 0.018489583333333334 0.050462962962962966
0 0.36276041666666664 0.5680555555555555 0.011197916666666667 0.03194444444444444
0 0.5013020833333334 0.42916666666666664 0.0140625 0.021296296296296296
0 0.61953125 0.4935185185185185 0.01484375 0.027314814814814816
0 0.5434895833333333 0.524537037037037 0.014322916666666666 0.017592592592592594
0 0.4796875 0.4888888888888889 0.009635416666666667 0.013425925925925926
0 0.47421875 0.5541666666666667 0.015625 0.025925925925925925
0 0.46067708333333335 0.5851851851851851 0.009635416666666667 0.020370370370370372
0 0.43854166666666666 0.5828703703703704 0.02109375 0.04027777777777778
0 0.4283854166666667 0.6365740740740741 0.012760416666666666 0.026851851851851852
0 0.4466145833333333 0.6305555555555555 0.015885416666666666 0.03009259259259259
0 0.4875 0.5986111111111111 0.02421875 0.03425925925925926
0 0.51953125 0.6375 0.019270833333333334 0.027314814814814816
0 0.5575520833333333 0.5981481481481481 0.0234375 0.027314814814814816
0 0.59375 0.5476851851851852 0.021614583333333333 0.03796296296296296
0 0.5559895833333334 0.6685185185185185 0.01640625 0.029166666666666667
0 0.5325520833333334 0.7166666666666667 0.016666666666666666 0.03333333333333333
0 0.5427083333333333 0.7828703703703703 0.01796875 0.02824074074074074
0 0.6348958333333333 0.5648148148148148 0.019010416666666665 0.06898148148148148
0 0.6361979166666667 0.5731481481481482 0.015625 0.022685185185185187
0 0.6369791666666667 0.5430555555555555 0.01484375 0.022685185185185187
0 0.4901041666666667 0.2657407407407407 0.010677083333333334 0.019444444444444445
0 0.4393229166666667 0.7944444444444444 0.02578125 0.028703703703703703
0 0.6283854166666667 0.7462962962962963 0.02890625 0.03657407407407407
