0 0.6192708333333333 0.24814814814814815 0.0359375 0.03194444444444444
0 0.6276041666666666 0.25046296296296294 0.015104166666666667 0.027314814814814816
0 0.5953125 0.21805555555555556 0.017708333333333333 0.03194444444444444
0 0.5846354166666666 0.06388888888888888 0.033854166666666664 0.05
0 0.5893229166666667 0.06666666666666667 0.013020833333333334 0.017592592592592594
0 0.5236979166666667 0.19953703703703704 0.025260416666666667 0.06342592592592593
0 0.5223958333333333 0.19490740740740742 0.012239583333333333 0.02962962962962963
0 0.3515625 0.10416666666666667 0.04973958333333333 0.03611111111111111
0 0.35260416666666666 0.09583333333333334 0.023177083333333334 0.01712962962962963
0 0.40260416666666665 0.4930555555555556 0.01953125 0.05277777777777778
0 0.40546875 0.48842592592592593 0.011197916666666667 0.03194444444444444
0 0.5403645833333334 0.3300925925925926 0.0140625 0.03888888888888889
0 0.6575520833333334 0.40370370370370373 0.015625 0.028703703703703703
0 0.5802083333333333 0.4310185185185185 0.014583333333333334 0.03425925925925926
0 0.5169270833333334 0.3958333333333333 0.011458333333333333 0.02824074074074074
0 0.50625 0.45416666666666666 0.0171875 0.028703703703703703
0 0.4744791666666667 0.4925925925925926 0.021614583333333333 0.041666666666666664
0 0.4635416666666667 0.5458333333333333 0.013541666666666667 0.02824074074074074
0 0.48098958333333336 0.5416666666666666 0.017447916666666667 0.03333333333333333
0 0.5213541666666667 0.5125 0.0265625 0.03796296296296296
0 0.5549479166666667 0.5296296296296297 0.01953125 0.027314814814814816
0 0.5953125 0.5101851851851852 0.024739583333333332 0.028703703703703703
0 0.6265625 0.44722222222222224 0.023958333333333335 0.041666666666666664
0 0.5947916666666667 0.5717592592592593 0.01640625 0.029166666666666667
0 0.5700520833333333 0.6231481481481481 0.019270833333333334 0.038425925925925926
0 0.5752604166666667 0.6962962962962963 0.015625 0.024074074074074074
0 0.6721354166666667 0.46296296296296297 0.019010416666666665 0.06898148148148148
0 0.6734375 0.4726851851851852 0.01796875 0.025925925925925925
0 0.6721354166666667 0.4444444444444444 0.01640625 0.025
0 0.48098958333333336 0.7023148148148148 0.029947916666666668 0.03333333333333333
0 0.6671875 0.6569444444444444 0.03333333333333333 0.04212962962962963
0 0.49713541666666666 0.49166666666666664 0.012760416666666666 0.02546296296296296
0 0.58125 0.05555555555555555 0.01015625 0.019444444444444445
0 0.025520833333333333 0.9212962962962963 0.009635416666666667 0.027314814814814816
0 0.0359375 0.9273148148148148 0.012760416666666666 0.01712962962962963
0 0.0609375 0.9439814814814815 0.010677083333333334 0.018518518518518517
