0 0.59453125 0.32222222222222224 0.03411458333333333 0.04259259259259259
0 0.6026041666666667 0.3212962962962963 0.014322916666666666 0.025925925925925925
0 0.5690104166666666 0.2833333333333333 0.018489583333333334 0.03333333333333333
0 0.5552083333333333 0.13703703703703704 0.033854166666666664 0.05555555555555555
0 0.54765625 0.1162037037037037 0.008072916666666667 0.014814814814814815
0 0.5528645833333333 0.12916666666666668 0.011979166666666667 0.012962962962962963
0 0.5578125 0.1375 0.013020833333333334 0.017592592592592594
0 0.49453125 0.2675925925925926 0.0234375 0.07268518518518519
0 0.490625 0.274537037037037 0.012239583333333333 0.02962962962962963
0 0.3411458333333333 0.17222222222222222 0.04973958333333333 0.03611111111111111
0 0.33880208333333334 0.16712962962962963 0.023177083333333334 0.01712962962962963
0 0.36744791666666665 0.5532407407407407 0.018489583333333334 0.050462962962962966
0 0.3703125 0.5518518518518518 0.011197916666666667 0.03194444444444444
0 0.5078125 0.4064814814814815 0.0140625 0.021296296296296296
0 0.6263020833333334 0.4759259259259259 0.015625 0.028703703703703703
0 0.5502604166666667 0.5023148148148148 0.014322916666666666 0.017592592592592594
0 0.48723958333333334 0.4671296296296296 0.009635416666666667 0.013425925925925926
0 0.4791666666666667 0.5314814814814814 0.01640625 0.027314814814814816
0 0.46770833333333334 0.5657407407407408 0.009114583333333334 0.019444444444444445
0 0.44505208333333335 0.5601851851851852 0.0234375 0.044444444444444446
0 0.4354166666666667 0.6171296296296296 0.012760416666666666 0.026851851851851852
0 0.45260416666666664 0.611574074074074 0.016666666666666666 0.03148148148148148
0 0.49322916666666666 0.5782407407407407 0.025260416666666667 0.03611111111111111
0 0.5244791666666667 0.624537037037037 0.019270833333333334 0.027314814814814816
0 0.5638020833333334 0.5791666666666667 0.0234375 0.027314814814814816
0 0.5986979166666667 0.5254629629629629 0.02265625 0.03981481481481482
0 0.5635416666666667 0.6430555555555556 0.01640625 0.029166666666666667
0 0.5385416666666667 0.6944444444444444 0.017447916666666667 0.03518518518518519
0 0.54765625 0.763425925925926 0.01796875 0.02824074074074074
0 0.6416666666666667 0.5416666666666666 0.018229166666666668 0.06574074074074074
0 0.6434895833333333 0.5523148148148148 0.015625 0.022685185185185187
0 0.6432291666666666 0.5222222222222223 0.01484375 0.022685185185185187
0 0.44583333333333336 0.7726851851851851 0.027083333333333334 0.03009259259259259
0 0.6348958333333333 0.7273148148148149 0.02890625 0.03657407407407407
