0 0.6052083333333333 0.28379629629629627 0.03411458333333333 0.030555555555555555
0 0.6138020833333333 0.2861111111111111 0.015104166666666667 0.027314814814814816
0 0.58125 0.25046296296296294 0.018489583333333334 0.03333333333333333
0 0.56796875 0.09953703703703703 0.033854166666666664 0.05
0 0.57265625 0.10416666666666667 0.013541666666666667 0.018518518518518517
0 0.5072916666666667 0.2310185185185185 0.025260416666666667 0.07268518518518519
0 0.5125 0.22314814814814815 0.012239583333333333 0.02962962962962963
0 0.34453125 0.1388888888888889 0.0546875 0.03981481481481482
0 0.3458333333333333 0.1310185185185185 0.023177083333333334 0.01712962962962963
0 0.384375 0.5217592592592593 0.018489583333333334 0.050462962962962966
0 0.38697916666666665 0.5194444444444445 0.010677083333333334 0.030555555555555555
0 0.5216145833333333 0.3731481481481482 0.0140625 0.021296296296296296
0 0.6403645833333333 0.44074074074074077 0.015625 0.028703703703703703
0 0.5619791666666667 0.46574074074074073 0.013802083333333333 0.032407407407407406
0 0.5002604166666667 0.4273148148148148 0.011979166666666667 0.02962962962962963
0 0.49166666666666664 0.4898148148148148 0.015625 0.025925925925925925
0 0.45703125 0.5277777777777778 0.021614583333333333 0.041666666666666664
0 0.4479166666666667 0.5819444444444445 0.013541666666666667 0.02824074074074074
0 0.4661458333333333 0.5782407407407407 0.017447916666666667 0.03333333333333333
0 0.50703125 0.538425925925926 0.0265625 0.03796296296296296
0 0.5388020833333333 0.5662037037037037 0.018489583333333334 0.025925925925925925
0 0.5786458333333333 0.5444444444444444 0.026041666666666668 0.03009259259259259
0 0.61171875 0.48518518518518516 0.023958333333333335 0.041666666666666664
0 0.5770833333333333 0.6069444444444444 0.01640625 0.029166666666666667
0 0.5526041666666667 0.6587962962962963 0.017447916666666667 0.03518518518518519
0 0.5606770833333333 0.7287037037037037 0.0171875 0.026851851851851852
0 0.6559895833333333 0.5018518518518519 0.018229166666666668 0.06574074074074074
0 0.65703125 0.513425925925926 0.0171875 0.025
0 0.6565104166666667 0.4828703703703704 0.015625 0.02361111111111111
0 0.46145833333333336 0.7375 0.027083333333333334 0.03009259259259259
0 0.6494791666666667 0.6912037037037037 0.03177083333333333 0.04027777777777778
0 0.48125 0.5263888888888889 0.012760416666666666 0.02546296296296296
0 0.5627604166666667 0.08842592592592592 0.012760416666666666 0.017592592592592594
0 0.50390625 0.2449074074074074 0.0109375 0.020370370370370372
