0 0.6252604166666667 0.23425925925925925 0.0359375 0.03194444444444444
0 0.6330729166666667 0.23657407407407408 0.015104166666666667 0.027314814814814816
0 0.60078125 0.2050925925925926 0.017708333333333333 0.03194444444444444
0 0.5911458333333334 0.050462962962962966 0.035416666666666666 0.052314814814814814
0 0.5942708333333333 0.05416666666666667 0.013020833333333334 0.017592592592592594
0 0.5291666666666667 0.1875 0.025260416666666667 0.06342592592592593
0 0.5268229166666667 0.1814814814814815 0.01171875 0.02824074074074074
0 0.35572916666666665 0.08981481481481482 0.04739583333333333 0.034722222222222224
0 0.35885416666666664 0.08101851851851852 0.023177083333333334 0.01712962962962963
0 0.40989583333333335 0.4810185185185185 0.0203125 0.05555555555555555
0 0.4125 0.47685185185185186 0.01171875 0.033796296296296297
0 0.5473958333333333 0.31157407407407406 0.019010416666666665 0.0375
0 0.6645833333333333 0.38796296296296295 0.01484375 0.027314814814814816
0 0.5875 0.4162037037037037 0.014583333333333334 0.03425925925925926
0 0.5229166666666667 0.3763888888888889 0.011458333333333333 0.02824074074074074
0 0.5041666666666667 0.47453703703703703 0.0171875 0.028703703703703703
0 0.48046875 0.48009259259259257 0.02265625 0.04351851851851852
0 0.4700520833333333 0.5333333333333333 0.013541666666666667 0.02824074074074074
0 0.4859375 0.5296296296296297 0.016666666666666666 0.03148148148148148
0 0.5268229166666667 0.500462962962963 0.0265625 0.03796296296296296
0 0.5625 0.5162037037037037 0.0203125 0.028703703703703703
0 0.6013020833333333 0.49722222222222223 0.024739583333333332 0.028703703703703703
0 0.6325520833333333 0.4324074074074074 0.023958333333333335 0.041666666666666664
0 0.6002604166666666 0.5564814814814815 0.01640625 0.029166666666666667
0 0.5768229166666666 0.6101851851851852 0.0203125 0.040740740740740744
0 0.5872395833333334 0.674537037037037 0.015625 0.024074074074074074
0 0.6786458333333333 0.44907407407407407 0.020052083333333335 0.07222222222222222
0 0.68046875 0.4583333333333333 0.01796875 0.025925925925925925
0 0.6786458333333333 0.4300925925925926 0.01640625 0.025
0 0.48802083333333335 0.6884259259259259 0.029947916666666668 0.03333333333333333
0 0.6739583333333333 0.6416666666666667 0.03333333333333333 0.04212962962962963
0 0.5114583333333333 0.4412037037037037 0.020833333333333332 0.030555555555555555
0 0.5859375 0.04259259259259259 0.009635416666666667 0.018518518518518517
0 0.031510416666666666 0.9111111111111111 0.01328125 0.020370370370370372
0 0.04375 0.9138888888888889 0.012760416666666666 0.024537037037037038
0 0.06666666666666667 0.9310185185185185 0.015885416666666666 0.022222222222222223
