0 0.6013020833333333 0.2949074074074074 0.03411458333333333 0.030555555555555555
0 0.6098958333333333 0.2967592592592593 0.015104166666666667 0.027314814814814816
0 0.5747395833333333 0.26851851851851855 0.018489583333333334 0.03333333333333333
0 0.5627604166666667 0.1125 0.033854166666666664 0.05
0 0.5611979166666666 0.10555555555555556 0.0125 0.013425925925925926
0 0.56640625 0.1125 0.013541666666666667 0.018518518518518517
0 0.5020833333333333 0.2449074074074074 0.025260416666666667 0.07268518518518519
0 0.5078125 0.23564814814814813 0.01171875 0.02824074074074074
0 0.34322916666666664 0.15046296296296297 0.0546875 0.03981481481481482
0 0.3424479166666667 0.14351851851851852 0.023177083333333334 0.01712962962962963
0 0.378125 0.5319444444444444 0.017708333333333333 0.04814814814814815
0 0.38125 0.5305555555555556 0.011197916666666667 0.03194444444444444
0 0.5174479166666667 0.3824074074074074 0.0140625 0.021296296296296296
0 0.634375 0.4537037037037037 0.01640625 0.03009259259259259
0 0.5549479166666667 0.48148148148148145 0.014322916666666666 0.017592592592592594
0 0.49635416666666665 0.44907407407407407 0.01015625 0.013888888888888888
0 0.48671875 0.5037037037037037 0.015625 0.025925925925925925
0 0.4765625 0.5425925925925926 0.009635416666666667 0.020370370370370372
0 0.4505208333333333 0.5370370370370371 0.02578125 0.049074074074074076
0 0.4434895833333333 0.5949074074074074 0.012760416666666666 0.026851851851851852
0 0.4609375 0.5898148148148148 0.017447916666666667 0.03333333333333333
0 0.5015625 0.5532407407407407 0.0265625 0.03796296296296296
0 0.5348958333333333 0.5777777777777777 0.018489583333333334 0.025925925925925925
0 0.5729166666666666 0.5578703703703703 0.024739583333333332 0.028703703703703703
0 0.6072916666666667 0.49907407407407406 0.023958333333333335 0.041666666666666664
0 0.5723958333333333 0.6185185185185185 0.01640625 0.029166666666666667
0 0.5471354166666667 0.6708333333333333 0.016666666666666666 0.03333333333333333
0 0.5557291666666667 0.7407407407407407 0.0171875 0.026851851851851852
0 0.6505208333333333 0.5166666666666667 0.018229166666666668 0.06574074074074074
0 0.6518229166666667 0.5273148148148148 0.0171875 0.025
0 0.6515625 0.49675925925925923 0.015625 0.02361111111111111
0 0.45651041666666664 0.75 0.027083333333333334 0.03009259259259259
0 0.6442708333333333 0.7023148148148148 0.03177083333333333 0.04027777777777778
0 0.49557291666666664 0.25833333333333336 0.0140625 0.02175925925925926
