0 0.6442708333333333 0.19444444444444445 0.0375 0.033796296296296297
0 0.6518229166666667 0.19537037037037036 0.015885416666666666 0.028703703703703703
0 0.6138020833333333 0.17962962962962964 0.017708333333333333 0.03194444444444444
0 0.6125 0.010648148148148148 0.035416666666666666 0.052314814814814814
0 0.6239583333333333 0.00787037037037037 0.012239583333333333 0.016666666666666666
0 0.54921875 0.1476851851851852 0.025260416666666667 0.06342592592592593
0 0.5557291666666667 0.13564814814814816 0.01171875 0.02824074074074074
0 0.36875 0.052314814814814814 0.04739583333333333 0.034722222222222224
0 0.37161458333333336 0.04490740740740741 0.024479166666666666 0.018055555555555554
0 0.4322916666666667 0.4449074074074074 0.01953125 0.05277777777777778
0 0.4359375 0.4425925925925926 0.01171875 0.033796296296296297
0 0.5674479166666667 0.27175925925925926 0.020052083333333335 0.03935185185185185
0 0.6854166666666667 0.34814814814814815 0.015625 0.028703703703703703
0 0.6067708333333334 0.3768518518518518 0.014583333333333334 0.03425925925925926
0 0.5424479166666667 0.33611111111111114 0.01328125 0.03657407407407407
0 0.5059895833333333 0.47685185185185186 0.018229166666666668 0.03009259259259259
0 0.5013020833333334 0.44027777777777777 0.02265625 0.04351851851851852
0 0.48854166666666665 0.49722222222222223 0.0140625 0.02962962962962963
0 0.5072916666666667 0.4824074074074074 0.015885416666666666 0.03009259259259259
0 0.5450520833333333 0.45787037037037037 0.0265625 0.03796296296296296
0 0.58203125 0.4777777777777778 0.021354166666666667 0.03009259259259259
0 0.6229166666666667 0.45740740740740743 0.01484375 0.01898148148148148
0 0.6528645833333333 0.3902777777777778 0.023958333333333335 0.041666666666666664
0 0.6231770833333333 0.5212962962962963 0.0171875 0.030555555555555555
0 0.59921875 0.5703703703703704 0.021354166666666667 0.04259259259259259
0 0.6078125 0.6287037037037037 0.015625 0.024074074074074074
0 0.69921875 0.40925925925925927 0.022135416666666668 0.07962962962962963
0 0.7018229166666666 0.4199074074074074 0.01875 0.027314814814814816
0 0.6989583333333333 0.38796296296296295 0.0171875 0.02638888888888889
0 0.5088541666666667 0.6513888888888889 0.028385416666666666 0.03148148148148148
0 0.6947916666666667 0.6018518518518519 0.03333333333333333 0.04212962962962963
0 0.5317708333333333 0.40185185185185185 0.021875 0.03194444444444444
0 0.6075520833333333 0.009722222222222222 0.01015625 0.019444444444444445
0 0.5450520833333333 0.1537037037037037 0.013541666666666667 0.018518518518518517
0 0.05390625 0.8736111111111111 0.012239583333333333 0.021296296296296296
0 0.06380208333333333 0.8810185185185185 0.01328125 0.020370370370370372
0 0.08619791666666667 0.8888888888888888 0.012239583333333333 0.018518518518518517
0 0.11666666666666667 0.9625 0.015885416666666666 0.021296296296296296
0 0.09557291666666666 0.9601851851851851 0.012239583333333333 0.018518518518518517
0 0.10442708333333334 0.9708333333333333 0.011197916666666667 0.020370370370370372
0 0.11171875 0.9893518518518518 0.020572916666666666 0.021296296296296296
