0 0.6591145833333333 0.1638888888888889 0.03958333333333333 0.03518518518518519
0 0.6671875 0.16435185185185186 0.017447916666666667 0.03148148148148148
0 0.63203125 0.15 0.01953125 0.03518518518518519
0 0.56640625 0.11944444444444445 0.025260416666666667 0.06342592592592593
0 0.5598958333333334 0.13333333333333333 0.01171875 0.02824074074074074
0 0.3802083333333333 0.023148148148148147 0.04973958333333333 0.03611111111111111
0 0.3848958333333333 0.013888888888888888 0.024479166666666666 0.018055555555555554
0 0.45026041666666666 0.41898148148148145 0.01953125 0.05277777777777778
0 0.4544270833333333 0.4166666666666667 0.013020833333333334 0.037037037037037035
0 0.5848958333333333 0.24027777777777778 0.019010416666666665 0.0375
0 0.7015625 0.32314814814814813 0.01484375 0.027314814814814816
0 0.6252604166666667 0.34629629629629627 0.014583333333333334 0.03425925925925926
0 0.5598958333333334 0.30648148148148147 0.012760416666666666 0.034722222222222224
0 0.5244791666666667 0.44814814814814813 0.019270833333333334 0.03148148148148148
0 0.5174479166666667 0.4101851851851852 0.02265625 0.04351851851851852
0 0.5052083333333334 0.4685185185185185 0.0140625 0.02962962962962963
0 0.54140625 0.4111111111111111 0.016666666666666666 0.03148148148148148
0 0.56171875 0.4337962962962963 0.027864583333333335 0.03981481481481482
0 0.5981770833333333 0.44537037037037036 0.021354166666666667 0.03009259259259259
0 0.6403645833333333 0.42962962962962964 0.01484375 0.01898148148148148
0 0.66875 0.3578703703703704 0.026302083333333334 0.04583333333333333
0 0.6203125 0.5319444444444444 0.01640625 0.029166666666666667
0 0.64140625 0.48842592592592593 0.0203125 0.040740740740740744
0 0.61640625 0.6222222222222222 0.01640625 0.02546296296296296
0 0.715625 0.37824074074074077 0.022135416666666668 0.07962962962962963
0 0.7190104166666667 0.387037037037037 0.01796875 0.025925925925925925
0 0.7153645833333333 0.35694444444444445 0.019010416666666665 0.029166666666666667
0 0.5270833333333333 0.6236111111111111 0.027083333333333334 0.03009259259259259
0 0.71171875 0.5740740740740741 0.03177083333333333 0.04027777777777778
0 0.5486979166666667 0.36944444444444446 0.021875 0.03194444444444444
0 0.5578125 0.12962962962962962 0.013541666666666667 0.018518518518518517
0 0.06953125 0.8467592592592592 0.012239583333333333 0.020833333333333332
0 0.08177083333333333 0.850925925925926 0.019010416666666665 0.022222222222222223
0 0.10364583333333334 0.8597222222222223 0.012760416666666666 0.024537037037037038
0 0.13411458333333334 0.9300925925925926 0.011197916666666667 0.028703703703703703
0 0.12161458333333333 0.9398148148148148 0.009114583333333334 0.02638888888888889
0 0.11328125 0.9273148148148148 0.01328125 0.027314814814814816
0 0.12942708333333333 0.9652777777777778 0.021614583333333333 0.029166666666666667
