0 0.63203125 0.21944444444444444 0.0375 0.033796296296296297
0 0.63984375 0.22268518518518518 0.015885416666666666 0.028703703703703703
0 0.6059895833333333 0.1962962962962963 0.016927083333333332 0.030555555555555555
0 0.5979166666666667 0.03518518518518519 0.035416666666666666 0.052314814814814814
0 0.6036458333333333 0.05462962962962963 0.013020833333333334 0.017592592592592594
0 0.5359375 0.17407407407407408 0.025260416666666667 0.06342592592592593
0 0.5421875 0.15925925925925927 0.011197916666666667 0.026851851851851852
0 0.35963541666666665 0.07592592592592592 0.04739583333333333 0.034722222222222224
0 0.3625 0.06898148148148148 0.023177083333333334 0.01712962962962963
0 0.41744791666666664 0.4675925925925926 0.0203125 0.05555555555555555
0 0.4203125 0.4648148148148148 0.011197916666666667 0.03194444444444444
0 0.55390625 0.2972222222222222 0.019010416666666665 0.0375
0 0.671875 0.3726851851851852 0.01484375 0.027314814814814816
0 0.5932291666666667 0.4027777777777778 0.014583333333333334 0.03425925925925926
0 0.5299479166666666 0.3611111111111111 0.011458333333333333 0.02824074074074074
0 0.5106770833333333 0.46111111111111114 0.018229166666666668 0.03009259259259259
0 0.48723958333333334 0.46620370370370373 0.02265625 0.04351851851851852
0 0.47630208333333335 0.5203703703703704 0.0140625 0.02962962962962963
0 0.49244791666666665 0.5078703703703704 0.015885416666666666 0.03009259259259259
0 0.5341145833333333 0.48333333333333334 0.0265625 0.03796296296296296
0 0.56953125 0.5018518518518519 0.0203125 0.028703703703703703
0 0.6083333333333333 0.48333333333333334 0.0234375 0.027314814814814816
0 0.6395833333333333 0.41759259259259257 0.023958333333333335 0.041666666666666664
0 0.6075520833333333 0.5449074074074074 0.01640625 0.029166666666666667
0 0.5846354166666666 0.5958333333333333 0.021354166666666667 0.04259259259259259
0 0.5856770833333333 0.6773148148148148 0.015625 0.024074074074074074
0 0.6854166666666667 0.4356481481481482 0.020833333333333332 0.07592592592592592
0 0.6877604166666667 0.44675925925925924 0.01796875 0.025925925925925925
0 0.6854166666666667 0.41574074074074074 0.01640625 0.025
0 0.49505208333333334 0.674537037037037 0.028385416666666666 0.03148148148148148
0 0.6799479166666667 0.6273148148148148 0.03333333333333333 0.04212962962962963
0 0.5192708333333333 0.4273148148148148 0.020833333333333332 0.030555555555555555
0 0.5924479166666666 0.026851851851851852 0.009635416666666667 0.018518518518518517
0 0.5333333333333333 0.16342592592592592 0.014322916666666666 0.019444444444444445
0 0.038802083333333334 0.8986111111111111 0.011197916666666667 0.02638888888888889
0 0.04973958333333333 0.9041666666666667 0.012239583333333333 0.02546296296296296
0 0.07265625 0.9138888888888889 0.011197916666666667 0.018518518518518517
0 0.10286458333333333 0.986574074074074 0.014322916666666666 0.019444444444444445
0 0.08072916666666667 0.9884259259259259 0.01484375 0.021296296296296296
0 0.09088541666666666 0.9925925925925926 0.012239583333333333 0.014351851851851852
