0 0.6736979166666667 0.1375 0.03958333333333333 0.03518518518518519
0 0.68046875 0.1439814814814815 0.017447916666666667 0.02175925925925926
0 0.6447916666666667 0.1300925925925926 0.018489583333333334 0.03333333333333333
0 0.5838541666666667 0.08703703703703704 0.025260416666666667 0.06342592592592593
0 0.590625 0.075 0.012239583333333333 0.02962962962962963
0 0.39166666666666666 0.000925925925925926 0.0421875 0.019444444444444445
0 0.4674479166666667 0.39537037037037037 0.01953125 0.05277777777777778
0 0.4713541666666667 0.3939814814814815 0.013541666666666667 0.03888888888888889
0 0.6013020833333333 0.2125 0.015104166666666667 0.027777777777777776
0 0.7190104166666667 0.29305555555555557 0.01484375 0.027314814814814816
0 0.6408854166666667 0.32083333333333336 0.015364583333333333 0.03611111111111111
0 0.5765625 0.2884259259259259 0.012760416666666666 0.034722222222222224
0 0.5411458333333333 0.425 0.02109375 0.03518518518518519
0 0.5359375 0.3851851851851852 0.02265625 0.04351851851851852
0 0.5208333333333334 0.4425925925925926 0.0140625 0.02962962962962963
0 0.5567708333333333 0.3939814814814815 0.017447916666666667 0.03287037037037037
0 0.5768229166666666 0.4074074074074074 0.027864583333333335 0.03981481481481482
0 0.61484375 0.4199074074074074 0.022395833333333334 0.03148148148148148
0 0.6552083333333333 0.41388888888888886 0.01484375 0.01898148148148148
0 0.6838541666666667 0.3300925925925926 0.027604166666666666 0.04814814814814815
0 0.63359375 0.5138888888888888 0.01640625 0.029166666666666667
0 0.65390625 0.46064814814814814 0.022395833333333334 0.04490740740740741
0 0.6419270833333334 0.5736111111111111 0.0171875 0.02638888888888889
0 0.73125 0.350462962962963 0.023177083333333334 0.0837962962962963
0 0.7348958333333333 0.35833333333333334 0.01875 0.027314814814814816
0 0.7317708333333334 0.33055555555555555 0.019791666666666666 0.030555555555555555
0 0.5440104166666667 0.5990740740740741 0.027083333333333334 0.03009259259259259
0 0.7283854166666667 0.5462962962962963 0.03203125 0.04027777777777778
0 0.56484375 0.3421296296296296 0.020833333333333332 0.030555555555555555
0 0.5770833333333333 0.1 0.013541666666666667 0.018518518518518517
0 0.08463541666666667 0.8245370370370371 0.012239583333333333 0.021296296296296296
0 0.09895833333333333 0.8282407407407407 0.02109375 0.02546296296296296
0 0.11979166666666667 0.8361111111111111 0.012760416666666666 0.02546296296296296
0 0.12942708333333333 0.9 0.012239583333333333 0.024074074074074074
0 0.13854166666666667 0.9092592592592592 0.01171875 0.02361111111111111
0 0.15052083333333333 0.9064814814814814 0.016927083333333332 0.02546296296296296
0 0.14609375 0.9356481481481481 0.017447916666666667 0.03333333333333333
