0 0.6385416666666667 0.20555555555555555 0.0375 0.033796296296296297
0 0.646875 0.20694444444444443 0.015885416666666666 0.028703703703703703
0 0.6111979166666667 0.18333333333333332 0.017708333333333333 0.03194444444444444
0 0.6059895833333333 0.02546296296296296 0.035416666666666666 0.052314814814814814
0 0.6166666666666667 0.017592592592592594 0.012239583333333333 0.016666666666666666
0 0.54296875 0.1597222222222222 0.025260416666666667 0.06342592592592593
0 0.5486979166666667 0.1476851851851852 0.011197916666666667 0.026851851851851852
0 0.3645833333333333 0.06342592592592593 0.04739583333333333 0.034722222222222224
0 0.36744791666666665 0.05555555555555555 0.023177083333333334 0.01712962962962963
0 0.42578125 0.45555555555555555 0.01953125 0.05277777777777778
0 0.42864583333333334 0.45185185185185184 0.011197916666666667 0.03194444444444444
0 0.5611979166666666 0.2851851851851852 0.020052083333333335 0.03935185185185185
0 0.6794270833333333 0.36018518518518516 0.015625 0.028703703703703703
0 0.5989583333333334 0.38935185185185184 0.014583333333333334 0.03425925925925926
0 0.5375 0.3472222222222222 0.012760416666666666 0.034722222222222224
0 0.51796875 0.4550925925925926 0.018229166666666668 0.03009259259259259
0 0.4947916666666667 0.45231481481481484 0.02265625 0.04351851851851852
0 0.48333333333333334 0.5078703703703704 0.0140625 0.02962962962962963
0 0.4986979166666667 0.4986111111111111 0.015885416666666666 0.03009259259259259
0 0.5401041666666667 0.4675925925925926 0.0265625 0.03796296296296296
0 0.5760416666666667 0.487962962962963 0.021354166666666667 0.03009259259259259
0 0.6169270833333333 0.4671296296296296 0.01484375 0.01898148148148148
0 0.6471354166666666 0.40185185185185185 0.023958333333333335 0.041666666666666664
0 0.6161458333333333 0.5328703703703703 0.01640625 0.029166666666666667
0 0.5924479166666666 0.5819444444444445 0.021354166666666667 0.04259259259259259
0 0.60078125 0.6398148148148148 0.015625 0.024074074074074074
0 0.6927083333333334 0.4212962962962963 0.022135416666666668 0.07962962962962963
0 0.6950520833333333 0.43148148148148147 0.01796875 0.025925925925925925
0 0.6924479166666667 0.399537037037037 0.0171875 0.02638888888888889
0 0.5026041666666666 0.6611111111111111 0.028385416666666666 0.03148148148148148
0 0.6880208333333333 0.6129629629629629 0.03333333333333333 0.04212962962962963
0 0.5260416666666666 0.4125 0.020833333333333332 0.030555555555555555
0 0.5986979166666667 0.014351851851851852 0.01015625 0.019444444444444445
0 0.5380208333333333 0.15462962962962962 0.013541666666666667 0.018518518518518517
0 0.04635416666666667 0.8847222222222222 0.010677083333333334 0.019444444444444445
0 0.058854166666666666 0.8902777777777777 0.01484375 0.01990740740740741
0 0.08098958333333334 0.9 0.011197916666666667 0.024074074074074074
0 0.11041666666666666 0.9717592592592592 0.012760416666666666 0.022685185185185187
0 0.08697916666666666 0.9712962962962963 0.015885416666666666 0.019444444444444445
0 0.096875 0.9828703703703704 0.012760416666666666 0.018518518518518517
