0 0.6669270833333333 0.1486111111111111 0.03958333333333333 0.03518518518518519
0 0.6755208333333333 0.15416666666666667 0.017447916666666667 0.02175925925925926
0 0.6393229166666666 0.1361111111111111 0.01953125 0.03518518518518519
0 0.578125 0.09953703703703703 0.025260416666666667 0.06342592592592593
0 0.5841145833333333 0.08472222222222223 0.01171875 0.02824074074074074
0 0.38671875 0.012962962962962963 0.0421875 0.026851851851851852
0 0.39036458333333335 0.001388888888888889 0.024479166666666666 0.018055555555555554
0 0.4596354166666667 0.40555555555555556 0.01953125 0.05277777777777778
0 0.46432291666666664 0.4046296296296296 0.013020833333333334 0.037037037037037035
0 0.5942708333333333 0.22361111111111112 0.015104166666666667 0.027777777777777776
0 0.7119791666666667 0.30324074074074076 0.01484375 0.027314814814814816
0 0.6333333333333333 0.33194444444444443 0.014583333333333334 0.03425925925925926
0 0.5700520833333333 0.29768518518518516 0.012239583333333333 0.03287037037037037
0 0.5330729166666667 0.4337962962962963 0.020052083333333335 0.03333333333333333
0 0.52734375 0.39444444444444443 0.02265625 0.04351851851851852
0 0.5127604166666667 0.45416666666666666 0.0140625 0.02962962962962963
0 0.55 0.4050925925925926 0.016666666666666666 0.03148148148148148
0 0.5708333333333333 0.41898148148148145 0.027864583333333335 0.03981481481481482
0 0.6067708333333334 0.4300925925925926 0.021354166666666667 0.03009259259259259
0 0.6510416666666666 0.42083333333333334 0.01484375 0.01898148148148148
0 0.6776041666666667 0.3416666666666667 0.026302083333333334 0.04583333333333333
0 0.628125 0.5236111111111111 0.01640625 0.029166666666666667
0 0.64765625 0.47314814814814815 0.021354166666666667 0.04259259259259259
0 0.6348958333333333 0.5837962962962963 0.0171875 0.02638888888888889
0 0.7244791666666667 0.36203703703703705 0.022135416666666668 0.07962962962962963
0 0.7278645833333334 0.37037037037037035 0.01875 0.027314814814814816
0 0.7244791666666667 0.3421296296296296 0.019791666666666666 0.030555555555555555
0 0.5361979166666667 0.6092592592592593 0.027083333333333334 0.03009259259259259
0 0.7205729166666667 0.5592592592592592 0.03046875 0.038425925925925926
0 0.5578125 0.3537037037037037 0.021875 0.03194444444444444
0 0.5682291666666667 0.11296296296296296 0.013541666666666667 0.018518518518518517
0 0.07994791666666666 0.8356481481481481 0.01328125 0.02962962962962963
0 0.0921875 0.8379629629629629 0.01484375 0.022222222222222223
0 0.11276041666666667 0.8449074074074074 0.01328125 0.028703703703703703
0 0.12213541666666666 0.9101851851851852 0.01328125 0.027314814814814816
0 0.13203125 0.924074074074074 0.012239583333333333 0.026851851851851852
0 0.14505208333333333 0.913425925925926 0.017447916666666667 0.03148148148148148
0 0.13802083333333334 0.9495370370370371 0.016927083333333332 0.03518518518518519
