0 0.65078125 0.17916666666666667 0.0375 0.033796296296296297
0 0.6588541666666666 0.18055555555555555 0.016666666666666666 0.03009259259259259
0 0.621875 0.16712962962962963 0.018489583333333334 0.03333333333333333
0 0.6223958333333334 -0.009259259259259259 0.042708333333333334 0.04212962962962963
0 0.5575520833333333 0.1337962962962963 0.025260416666666667 0.06342592592592593
0 0.5536458333333333 0.14074074074074075 0.01171875 0.02824074074074074
0 0.37421875 0.0375 0.04739583333333333 0.034722222222222224
0 0.37604166666666666 0.031018518518518518 0.024479166666666666 0.018055555555555554
0 0.44088541666666664 0.4324074074074074 0.01953125 0.05277777777777778
0 0.44453125 0.4310185185185185 0.012239583333333333 0.03518518518518519
0 0.5752604166666667 0.25462962962962965 0.019010416666666665 0.0375
0 0.6934895833333333 0.33287037037037037 0.015625 0.028703703703703703
0 0.615625 0.362962962962963 0.014583333333333334 0.03425925925925926
0 0.5513020833333333 0.32314814814814813 0.012760416666666666 0.034722222222222224
0 0.5153645833333333 0.4625 0.018229166666666668 0.03009259259259259
0 0.5096354166666667 0.425462962962963 0.02265625 0.04351851851851852
0 0.49661458333333336 0.4824074074074074 0.0140625 0.02962962962962963
0 0.5338541666666666 0.42314814814814816 0.015885416666666666 0.03009259259259259
0 0.5528645833333333 0.4439814814814815 0.027864583333333335 0.03981481481481482
0 0.5903645833333333 0.4615740740740741 0.022395833333333334 0.03148148148148148
0 0.6307291666666667 0.44166666666666665 0.01484375 0.01898148148148148
0 0.6609375 0.37453703703703706 0.025 0.04351851851851852
0 0.6328125 0.5 0.0171875 0.030555555555555555
0 0.6078125 0.5578703703703703 0.021354166666666667 0.04259259259259259
0 0.6091145833333333 0.6333333333333333 0.01640625 0.02546296296296296
0 0.7072916666666667 0.39351851851851855 0.022135416666666668 0.07962962962962963
0 0.71015625 0.4013888888888889 0.01796875 0.025925925925925925
0 0.70703125 0.3726851851851852 0.01796875 0.027777777777777776
0 0.5182291666666666 0.6393518518518518 0.027083333333333334 0.03009259259259259
0 0.7026041666666667 0.5875 0.03333333333333333 0.04212962962962963
0 0.5395833333333333 0.3861111111111111 0.021875 0.03194444444444444
0 0.55 0.1398148148148148 0.013541666666666667 0.018518518518518517
0 0.06145833333333333 0.8601851851851852 0.01484375 0.02546296296296296
0 0.0734375 0.8694444444444445 0.01484375 0.02962962962962963
0 0.09505208333333333 0.875462962962963 0.01015625 0.023148148148148147
0 0.12604166666666666 0.9453703703703704 0.01484375 0.027314814814814816
0 0.12083333333333333 0.9787037037037037 0.01796875 0.03148148148148148
0 0.11302083333333333 0.9569444444444445 0.010677083333333334 0.024537037037037038
0 0.10494791666666667 0.9458333333333333 0.011197916666666667 0.02638888888888889
