0 0.69296875 0.10601851851851851 0.03958333333333333 0.03518518518518519
0 0.6919270833333333 0.11898148148148148 0.016666666666666666 0.020833333333333332
0 0.6677083333333333 0.0912037037037037 0.01953125 0.03518518518518519
0 0.60390625 0.0587962962962963 0.0265625 0.06666666666666667
0 0.59453125 0.07222222222222222 0.013020833333333334 0.031018518518518518
0 0.48828125 0.3675925925925926 0.01953125 0.05277777777777778
0 0.49322916666666666 0.3675925925925926 0.013020833333333334 0.037037037037037035
0 0.6203125 0.18009259259259258 0.015885416666666666 0.029166666666666667
0 0.7403645833333333 0.26157407407407407 0.015625 0.028703703703703703
0 0.6606770833333333 0.2912037037037037 0.023958333333333335 0.03611111111111111
0 0.5947916666666667 0.2439814814814815 0.012760416666666666 0.034722222222222224
0 0.5614583333333333 0.39351851851851855 0.02109375 0.03518518518518519
0 0.5520833333333334 0.3472222222222222 0.01796875 0.03333333333333333
0 0.5403645833333334 0.41203703703703703 0.01328125 0.02824074074074074
0 0.5763020833333333 0.35462962962962963 0.017447916666666667 0.03287037037037037
0 0.5888020833333333 0.36712962962962964 0.014583333333333334 0.023148148148148147
0 0.63359375 0.38981481481481484 0.024739583333333332 0.034722222222222224
0 0.67734375 0.3662037037037037 0.020572916666666666 0.033796296296296297
0 0.7036458333333333 0.29212962962962963 0.023697916666666666 0.04259259259259259
0 0.6572916666666667 0.4773148148148148 0.01640625 0.029166666666666667
0 0.6765625 0.4300925925925926 0.021354166666666667 0.04259259259259259
0 0.6541666666666667 0.5615740740740741 0.0171875 0.02638888888888889
0 0.75078125 0.31527777777777777 0.023177083333333334 0.0837962962962963
0 0.7513020833333334 0.29768518518518516 0.020833333333333332 0.03194444444444444
0 0.5645833333333333 0.5680555555555555 0.028385416666666666 0.03148148148148148
0 0.7528645833333333 0.5125 0.019270833333333334 0.038425925925925926
0 0.5872395833333334 0.30185185185185187 0.020833333333333332 0.030555555555555555
0 0.60546875 0.05462962962962963 0.014322916666666666 0.019444444444444445
0 0.10598958333333333 0.8023148148148148 0.012760416666666666 0.022222222222222223
0 0.11822916666666666 0.799537037037037 0.022135416666666668 0.026851851851851852
0 0.13958333333333334 0.8023148148148148 0.01328125 0.026851851851851852
0 0.14557291666666666 0.8717592592592592 0.012239583333333333 0.024074074074074074
0 0.1625 0.875462962962963 0.011458333333333333 0.023148148148148147
0 0.17630208333333333 0.8722222222222222 0.016927083333333332 0.02546296296296296
0 0.16510416666666666 0.9037037037037037 0.018229166666666668 0.03518518518518519
0 0.7544270833333333 0.32685185185185184 0.011197916666666667 0.02175925925925926
