0 0.7052083333333333 0.08148148148148149 0.037760416666666664 0.03333333333333333
0 0.7119791666666667 0.0875 0.016666666666666666 0.020833333333333332
0 0.6838541666666667 0.07268518518518519 0.020572916666666666 0.037037037037037035
0 0.6200520833333333 0.03148148148148148 0.025260416666666667 0.06342592592592593
0 0.51171875 0.3476851851851852 0.022916666666666665 0.05648148148148148
0 0.5127604166666667 0.35462962962962963 0.0203125 0.03148148148148148
0 0.6375 0.14537037037037037 0.018489583333333334 0.033796296296296297
0 0.75625 0.23287037037037037 0.0171875 0.03148148148148148
0 0.6768229166666667 0.2662037037037037 0.022916666666666665 0.03425925925925926
0 0.61171875 0.21296296296296297 0.011458333333333333 0.03148148148148148
0 0.59765625 0.33101851851851855 0.013541666666666667 0.037037037037037035
0 0.5666666666666667 0.3189814814814815 0.020833333333333332 0.03888888888888889
0 0.5541666666666667 0.38935185185185184 0.01328125 0.02824074074074074
0 0.5747395833333333 0.36342592592592593 0.016666666666666666 0.03148148148148148
0 0.6083333333333333 0.3314814814814815 0.012239583333333333 0.03611111111111111
0 0.6463541666666667 0.35833333333333334 0.026041666666666668 0.03657407407407407
0 0.6947916666666667 0.33935185185185185 0.021614583333333333 0.03564814814814815
0 0.71171875 0.25601851851851853 0.026302083333333334 0.04722222222222222
0 0.6776041666666667 0.45092592592592595 0.01796875 0.03194444444444444
0 0.6940104166666666 0.4064814814814815 0.018489583333333334 0.03657407407407407
0 0.6794270833333333 0.5226851851851851 0.01796875 0.027777777777777776
0 0.7692708333333333 0.27870370370370373 0.02109375 0.07592592592592592
0 0.7677083333333333 0.2662037037037037 0.020833333333333332 0.03194444444444444
0 0.584375 0.5435185185185185 0.028385416666666666 0.03148148148148148
0 0.7736979166666667 0.49583333333333335 0.018229166666666668 0.03657407407407407
0 0.6018229166666667 0.262037037037037 0.020833333333333332 0.030555555555555555
0 0.62421875 0.022222222222222223 0.01484375 0.018518518518518517
0 0.12526041666666668 0.7865740740740741 0.012760416666666666 0.022222222222222223
0 0.13541666666666666 0.7837962962962963 0.022135416666666668 0.026851851851851852
0 0.15546875 0.7800925925925926 0.0140625 0.02824074074074074
0 0.1625 0.8523148148148149 0.012760416666666666 0.02546296296296296
0 0.17734375 0.8518518518518519 0.011979166666666667 0.024074074074074074
0 0.19296875 0.8462962962962963 0.016145833333333335 0.024074074074074074
0 0.18229166666666666 0.8740740740740741 0.018229166666666668 0.03518518518518519
0 0.7638020833333333 0.3 0.01328125 0.02824074074074074
0 0.7799479166666666 0.28564814814814815 0.012760416666666666 0.019444444444444445
0 0.61484375 0.0375 0.010677083333333334 0.019444444444444445
