0 0.7033854166666667 0.08194444444444444 0.037760416666666664 0.03333333333333333
0 0.7088541666666667 0.08888888888888889 0.016666666666666666 0.020833333333333332
0 0.684375 0.07268518518518519 0.01953125 0.03518518518518519
0 0.6208333333333333 0.03287037037037037 0.0265625 0.06666666666666667
0 0.5125 0.35509259259259257 0.023958333333333335 0.05925925925925926
0 0.5138020833333333 0.3587962962962963 0.021354166666666667 0.03287037037037037
0 0.6377604166666667 0.14675925925925926 0.018489583333333334 0.033796296296296297
0 0.7557291666666667 0.23148148148148148 0.0171875 0.03148148148148148
0 0.678125 0.2657407407407407 0.022916666666666665 0.03425925925925926
0 0.61015625 0.21388888888888888 0.011458333333333333 0.03148148148148148
0 0.5955729166666667 0.3314814814814815 0.013541666666666667 0.037037037037037035
0 0.5666666666666667 0.31527777777777777 0.020833333333333332 0.03888888888888889
0 0.553125 0.38935185185185184 0.0140625 0.02962962962962963
0 0.57265625 0.362962962962963 0.017447916666666667 0.03287037037037037
0 0.60859375 0.32916666666666666 0.01171875 0.03425925925925926
0 0.6458333333333334 0.3587962962962963 0.026041666666666668 0.03657407407407407
0 0.6947916666666667 0.3402777777777778 0.021614583333333333 0.03564814814814815
0 0.7098958333333333 0.25092592592592594 0.025 0.04490740740740741
0 0.6776041666666667 0.4546296296296296 0.01796875 0.03194444444444444
0 0.6927083333333334 0.40879629629629627 0.017447916666666667 0.03518518518518519
0 0.6794270833333333 0.5203703703703704 0.01875 0.029166666666666667
0 0.76953125 0.27870370370370373 0.02109375 0.07592592592592592
0 0.7671875 0.2657407407407407 0.020833333333333332 0.03194444444444444
0 0.5841145833333333 0.5435185185185185 0.029947916666666668 0.03333333333333333
0 0.7723958333333333 0.5 0.019270833333333334 0.038425925925925926
0 0.5997395833333333 0.2550925925925926 0.021875 0.03194444444444444
0 0.6247395833333333 0.02175925925925926 0.01484375 0.018518518518518517
0 0.12604166666666666 0.7907407407407407 0.012760416666666666 0.022222222222222223
0 0.13776041666666666 0.7851851851851852 0.02109375 0.02546296296296296
0 0.1546875 0.7800925925925926 0.0140625 0.02824074074074074
0 0.16171875 0.8550925925925926 0.012760416666666666 0.02546296296296296
0 0.17682291666666666 0.8532407407407407 0.011979166666666667 0.024074074074074074
0 0.19244791666666666 0.8472222222222222 0.016145833333333335 0.024074074074074074
0 0.18177083333333333 0.875 0.018229166666666668 0.03518518518518519
0 0.7635416666666667 0.29768518518518516 0.0140625 0.02962962962962963
0 0.7796875 0.2833333333333333 0.012760416666666666 0.019444444444444445
0 0.61640625 0.032407407407407406 0.010677083333333334 0.019444444444444445
