0 0.7026041666666667 0.0824074074074074 0.037760416666666664 0.03333333333333333
0 0.7080729166666667 0.0875 0.016666666666666666 0.020833333333333332
0 0.68359375 0.07453703703703704 0.01953125 0.03518518518518519
0 0.6200520833333333 0.03333333333333333 0.0265625 0.06666666666666667
0 0.5135416666666667 0.35462962962962963 0.025260416666666667 0.0625
0 0.6375 0.14629629629629629 0.018489583333333334 0.033796296296296297
0 0.7546875 0.23287037037037037 0.0171875 0.03148148148148148
0 0.6768229166666667 0.26805555555555555 0.022916666666666665 0.03425925925925926
0 0.6104166666666667 0.21296296296296297 0.0109375 0.03009259259259259
0 0.59453125 0.3333333333333333 0.014322916666666666 0.03888888888888889
0 0.565625 0.31666666666666665 0.020833333333333332 0.03888888888888889
0 0.5528645833333333 0.3912037037037037 0.0140625 0.02962962962962963
0 0.5716145833333334 0.36018518518518516 0.017447916666666667 0.03287037037037037
0 0.6083333333333333 0.33194444444444443 0.01171875 0.03425925925925926
0 0.6458333333333334 0.3592592592592593 0.026041666666666668 0.03657407407407407
0 0.6932291666666667 0.34305555555555556 0.021614583333333333 0.03564814814814815
0 0.7080729166666667 0.25 0.025 0.04490740740740741
0 0.6776041666666667 0.45601851851851855 0.0171875 0.030555555555555555
0 0.69375 0.41064814814814815 0.018489583333333334 0.03657407407407407
0 0.6794270833333333 0.5208333333333334 0.01875 0.029166666666666667
0 0.7697916666666667 0.2777777777777778 0.020052083333333335 0.07222222222222222
0 0.7666666666666667 0.2652777777777778 0.020833333333333332 0.03194444444444444
0 0.5838541666666667 0.5444444444444444 0.029947916666666668 0.03333333333333333
0 0.771875 0.5032407407407408 0.019270833333333334 0.038425925925925926
0 0.6 0.25972222222222224 0.021875 0.03194444444444444
0 0.6244791666666667 0.022685185185185187 0.01484375 0.018518518518518517
0 0.1265625 0.7935185185185185 0.012239583333333333 0.021296296296296296
0 0.13880208333333333 0.7865740740740741 0.02109375 0.02546296296296296
0 0.15442708333333333 0.7814814814814814 0.01328125 0.026851851851851852
0 0.16145833333333334 0.8555555555555555 0.012760416666666666 0.02546296296296296
0 0.17604166666666668 0.8537037037037037 0.012760416666666666 0.02546296296296296
0 0.19166666666666668 0.8472222222222222 0.016145833333333335 0.024074074074074074
0 0.18203125 0.875462962962963 0.018229166666666668 0.03518518518518519
0 0.7622395833333333 0.2962962962962963 0.01484375 0.031018518518518518
0 0.7796875 0.2824074074074074 0.012760416666666666 0.019444444444444445
0 0.5138020833333333 0.36342592592592593 0.012760416666666666 0.017592592592592594
0 0.6140625 0.03287037037037037 0.012239583333333333 0.016203703703703703
