0 0.7059895833333333 0.08564814814814815 0.037760416666666664 0.03333333333333333
0 0.7130208333333333 0.09166666666666666 0.016666666666666666 0.020833333333333332
0 0.6830729166666667 0.07592592592592592 0.020572916666666666 0.037037037037037035
0 0.62109375 0.033796296296296297 0.0265625 0.06666666666666667
0 0.625 0.015277777777777777 0.013020833333333334 0.03148148148148148
0 0.5072916666666667 0.3509259259259259 0.01953125 0.05277777777777778
0 0.5119791666666667 0.3509259259259259 0.013541666666666667 0.03888888888888889
0 0.6364583333333333 0.15555555555555556 0.017447916666666667 0.03194444444444444
0 0.7552083333333334 0.23564814814814813 0.01640625 0.03009259259259259
0 0.6755208333333333 0.26990740740740743 0.022916666666666665 0.03425925925925926
0 0.6114583333333333 0.22083333333333333 0.012760416666666666 0.034722222222222224
0 0.5958333333333333 0.33564814814814814 0.014322916666666666 0.03888888888888889
0 0.5669270833333333 0.32314814814814813 0.019791666666666666 0.037037037037037035
0 0.5544270833333333 0.39166666666666666 0.01328125 0.02824074074074074
0 0.5763020833333333 0.36898148148148147 0.016666666666666666 0.03148148148148148
0 0.6088541666666667 0.3333333333333333 0.01171875 0.03425925925925926
0 0.64765625 0.36435185185185187 0.024739583333333332 0.034722222222222224
0 0.6932291666666667 0.3439814814814815 0.021614583333333333 0.03564814814814815
0 0.71640625 0.2652777777777778 0.023697916666666666 0.04259259259259259
0 0.67421875 0.45694444444444443 0.01796875 0.03194444444444444
0 0.6916666666666667 0.4074074074074074 0.0203125 0.040740740740740744
0 0.6783854166666666 0.5259259259259259 0.01796875 0.027777777777777776
0 0.76875 0.2865740740740741 0.02421875 0.08796296296296297
0 0.7669270833333334 0.2722222222222222 0.020833333333333332 0.03194444444444444
0 0.58203125 0.5462962962962963 0.029947916666666668 0.03333333333333333
0 0.7713541666666667 0.4930555555555556 0.018229166666666668 0.03657407407407407
0 0.60234375 0.275 0.020833333333333332 0.030555555555555555
0 0.6192708333333333 0.03194444444444444 0.013541666666666667 0.018518518518518517
0 0.1234375 0.7847222222222222 0.012760416666666666 0.022222222222222223
0 0.13671875 0.7810185185185186 0.022135416666666668 0.026851851851851852
0 0.15416666666666667 0.7833333333333333 0.0140625 0.02824074074074074
0 0.16223958333333333 0.8527777777777777 0.012760416666666666 0.02546296296296296
0 0.17682291666666666 0.8550925925925926 0.011979166666666667 0.024074074074074074
0 0.19088541666666667 0.85 0.016927083333333332 0.02546296296296296
0 0.18177083333333333 0.8796296296296297 0.018229166666666668 0.03518518518518519
0 0.7625 0.3060185185185185 0.012760416666666666 0.026851851851851852
0 0.7776041666666667 0.2949074074074074 0.012760416666666666 0.019444444444444445
0 0.6171875 0.04027777777777778 0.01328125 0.02175925925925926
