0 0.7065104166666667 0.08287037037037037 0.037760416666666664 0.03333333333333333
0 0.7130208333333333 0.08981481481481482 0.016666666666666666 0.020833333333333332
0 0.68359375 0.075 0.020572916666666666 0.037037037037037035
0 0.62109375 0.031018518518518518 0.025260416666666667 0.06342592592592593
0 0.5088541666666667 0.3509259259259259 0.01953125 0.05277777777777778
0 0.5140625 0.3509259259259259 0.013541666666666667 0.03888888888888889
0 0.6372395833333333 0.1527777777777778 0.018489583333333334 0.033796296296296297
0 0.7552083333333334 0.23472222222222222 0.0171875 0.03148148148148148
0 0.6765625 0.26851851851851855 0.022916666666666665 0.03425925925925926
0 0.6114583333333333 0.21805555555555556 0.012239583333333333 0.03287037037037037
0 0.5963541666666666 0.3333333333333333 0.014322916666666666 0.03888888888888889
0 0.5669270833333333 0.32407407407407407 0.019791666666666666 0.037037037037037035
0 0.5541666666666667 0.3912037037037037 0.01328125 0.02824074074074074
0 0.5755208333333334 0.36435185185185187 0.016666666666666666 0.03148148148148148
0 0.6083333333333333 0.3296296296296296 0.012239583333333333 0.03611111111111111
0 0.6481770833333333 0.36157407407407405 0.024739583333333332 0.034722222222222224
0 0.6940104166666666 0.3425925925925926 0.021614583333333333 0.03564814814814815
0 0.7166666666666667 0.26157407407407407 0.025 0.04490740740740741
0 0.67578125 0.4537037037037037 0.01796875 0.03194444444444444
0 0.6921875 0.40694444444444444 0.019270833333333334 0.038425925925925926
0 0.67890625 0.5231481481481481 0.01796875 0.027777777777777776
0 0.7690104166666667 0.28425925925925927 0.023177083333333334 0.0837962962962963
0 0.7677083333333333 0.2689814814814815 0.020833333333333332 0.03194444444444444
0 0.5825520833333333 0.5444444444444444 0.029947916666666668 0.03333333333333333
0 0.771875 0.49212962962962964 0.018229166666666668 0.03657407407407407
0 0.60234375 0.2726851851851852 0.019791666666666666 0.029166666666666667
0 0.62421875 0.024074074074074074 0.01484375 0.018518518518518517
0 0.12395833333333334 0.7851851851851852 0.012760416666666666 0.022222222222222223
0 0.1359375 0.7814814814814814 0.022135416666666668 0.026851851851851852
0 0.15520833333333334 0.7819444444444444 0.0140625 0.02824074074074074
0 0.16276041666666666 0.8518518518518519 0.012760416666666666 0.02546296296296296
0 0.17734375 0.8532407407407407 0.011979166666666667 0.024074074074074074
0 0.19192708333333333 0.8486111111111111 0.016927083333333332 0.02546296296296296
0 0.18203125 0.8768518518518519 0.018229166666666668 0.03518518518518519
0 0.7630208333333334 0.30462962962962964 0.012760416666666666 0.026851851851851852
0 0.7786458333333334 0.2898148148148148 0.012760416666666666 0.019444444444444445
0 0.6190104166666667 0.03796296296296296 0.009635416666666667 0.018518518518518517
