0 0.6953125 0.08888888888888889 0.03958333333333333 0.03518518518518519
0 0.7013020833333333 0.09444444444444444 0.017447916666666667 0.02175925925925926
0 0.678125 0.0824074074074074 0.017708333333333333 0.03194444444444444
0 0.6197916666666666 0.031018518518518518 0.025260416666666667 0.06342592592592593
0 0.5169270833333334 0.34953703703703703 0.023958333333333335 0.05925925925925926
0 0.6359375 0.1449074074074074 0.018489583333333334 0.033796296296296297
0 0.7528645833333333 0.23287037037037037 0.014322916666666666 0.028703703703703703
0 0.6770833333333334 0.2726851851851852 0.021614583333333333 0.03287037037037037
0 0.609375 0.2074074074074074 0.012239583333333333 0.03287037037037037
0 0.5927083333333333 0.33287037037037037 0.011979166666666667 0.03009259259259259
0 0.5643229166666667 0.31805555555555554 0.01796875 0.03333333333333333
0 0.54921875 0.39490740740740743 0.0140625 0.02962962962962963
0 0.5661458333333333 0.3587962962962963 0.0203125 0.03796296296296296
0 0.59921875 0.33287037037037037 0.0109375 0.026851851851851852
0 0.6455729166666667 0.36018518518518516 0.02734375 0.038425925925925926
0 0.69140625 0.3416666666666667 0.021614583333333333 0.03564814814814815
0 0.7033854166666667 0.23703703703703705 0.023697916666666666 0.04259259259259259
0 0.6783854166666666 0.4597222222222222 0.015625 0.027777777777777776
0 0.696875 0.41064814814814815 0.018489583333333334 0.03657407407407407
0 0.6796875 0.5231481481481481 0.019791666666666666 0.030555555555555555
0 0.7697916666666667 0.2759259259259259 0.03203125 0.06898148148148148
0 0.76640625 0.26342592592592595 0.020833333333333332 0.03194444444444444
0 0.5854166666666667 0.5509259259259259 0.028385416666666666 0.03148148148148148
0 0.7669270833333334 0.5115740740740741 0.019270833333333334 0.038425925925925926
0 0.5979166666666667 0.24953703703703703 0.022916666666666665 0.033796296296296297
0 0.6244791666666667 0.023148148148148147 0.015625 0.019444444444444445
0 0.12682291666666667 0.8069444444444445 0.012239583333333333 0.021296296296296296
0 0.1421875 0.7986111111111112 0.019010416666666665 0.023148148148148147
0 0.15390625 0.7787037037037037 0.01328125 0.026851851851851852
0 0.15807291666666667 0.8564814814814815 0.012760416666666666 0.02546296296296296
0 0.17578125 0.8606481481481482 0.012760416666666666 0.021296296296296296
0 0.18854166666666666 0.850925925925926 0.016145833333333335 0.024074074074074074
0 0.17942708333333332 0.8782407407407408 0.018229166666666668 0.03518518518518519
0 0.7622395833333333 0.29212962962962963 0.01640625 0.03425925925925926
0 0.78046875 0.2763888888888889 0.01328125 0.020370370370370372
0 0.5127604166666667 0.3611111111111111 0.012760416666666666 0.022222222222222223
0 0.6143229166666667 0.03611111111111111 0.012760416666666666 0.016666666666666666
