0 0.68671875 0.09259259259259259 0.037760416666666664 0.03333333333333333
0 0.69375 0.1 0.016666666666666666 0.020833333333333332
0 0.6677083333333333 0.08657407407407407 0.016927083333333332 0.030555555555555555
0 0.6153645833333333 0.03148148148148148 0.025260416666666667 0.06342592592592593
0 0.509375 0.3449074074074074 0.025260416666666667 0.05092592592592592
0 0.63046875 0.14305555555555555 0.018489583333333334 0.033796296296296297
0 0.74609375 0.2351851851851852 0.014322916666666666 0.028703703703703703
0 0.66875 0.27361111111111114 0.022916666666666665 0.03425925925925926
0 0.6018229166666667 0.20694444444444443 0.012239583333333333 0.03287037037037037
0 0.5859375 0.33194444444444443 0.011458333333333333 0.028703703703703703
0 0.5588541666666667 0.3199074074074074 0.0171875 0.03194444444444444
0 0.54140625 0.3976851851851852 0.0140625 0.02962962962962963
0 0.5575520833333333 0.3560185185185185 0.02109375 0.03981481481481482
0 0.5947916666666667 0.34444444444444444 0.0109375 0.026851851851851852
0 0.63125 0.3592592592592593 0.02734375 0.038425925925925926
0 0.6861979166666666 0.3486111111111111 0.02265625 0.037037037037037035
0 0.6963541666666667 0.22916666666666666 0.025 0.04490740740740741
0 0.671875 0.46111111111111114 0.01640625 0.029166666666666667
0 0.69140625 0.41203703703703703 0.018489583333333334 0.03657407407407407
0 0.6744791666666666 0.5305555555555556 0.019791666666666666 0.030555555555555555
0 0.7630208333333334 0.2689814814814815 0.03203125 0.053703703703703705
0 0.7609375 0.2638888888888889 0.020833333333333332 0.03194444444444444
0 0.5794270833333334 0.5583333333333333 0.028385416666666666 0.03148148148148148
0 0.7567708333333333 0.5148148148148148 0.019270833333333334 0.038425925925925926
0 0.5895833333333333 0.24675925925925926 0.023958333333333335 0.03564814814814815
0 0.6182291666666667 0.02546296296296296 0.015625 0.019444444444444445
0 0.12317708333333334 0.8152777777777778 0.012239583333333333 0.021296296296296296
0 0.13828125 0.8069444444444445 0.019010416666666665 0.023148148148148147
0 0.146875 0.7810185185185186 0.01328125 0.026851851851851852
0 0.15338541666666666 0.8592592592592593 0.012760416666666666 0.02546296296296296
0 0.16927083333333334 0.8634259259259259 0.012760416666666666 0.021296296296296296
0 0.18151041666666667 0.8546296296296296 0.015364583333333333 0.023148148148148147
0 0.17213541666666668 0.8810185185185185 0.017447916666666667 0.03333333333333333
0 0.7736979166666667 0.274537037037037 0.01328125 0.020370370370370372
0 0.5096354166666667 0.36712962962962964 0.012760416666666666 0.022222222222222223
