0 0.69453125 0.08935185185185185 0.03958333333333333 0.03518518518518519
0 0.7013020833333333 0.0962962962962963 0.017447916666666667 0.02175925925925926
0 0.6763020833333333 0.08425925925925926 0.016927083333333332 0.030555555555555555
0 0.6205729166666667 0.031018518518518518 0.025260416666666667 0.06342592592592593
0 0.5169270833333334 0.35 0.023958333333333335 0.05925925925925926
0 0.6369791666666667 0.14444444444444443 0.019270833333333334 0.03564814814814815
0 0.7528645833333333 0.23333333333333334 0.014322916666666666 0.028703703703703703
0 0.6763020833333333 0.2726851851851852 0.022916666666666665 0.03425925925925926
0 0.6088541666666667 0.20833333333333334 0.012239583333333333 0.03287037037037037
0 0.5927083333333333 0.3333333333333333 0.011979166666666667 0.03009259259259259
0 0.5653645833333333 0.31851851851851853 0.0171875 0.03194444444444444
0 0.5494791666666666 0.39444444444444443 0.0140625 0.02962962962962963
0 0.565625 0.3597222222222222 0.0203125 0.03796296296296296
0 0.5997395833333333 0.3300925925925926 0.0109375 0.026851851851851852
0 0.6447916666666667 0.36157407407407405 0.02734375 0.038425925925925926
0 0.6916666666666667 0.3425925925925926 0.021614583333333333 0.03564814814814815
0 0.7028645833333333 0.2324074074074074 0.023697916666666666 0.04259259259259259
0 0.6783854166666666 0.4587962962962963 0.01640625 0.029166666666666667
0 0.6979166666666666 0.4050925925925926 0.018489583333333334 0.03657407407407407
0 0.6809895833333334 0.5259259259259259 0.019791666666666666 0.030555555555555555
0 0.7703125 0.2759259259259259 0.03203125 0.06898148148148148
0 0.76640625 0.2625 0.020833333333333332 0.03194444444444444
0 0.5856770833333333 0.5532407407407407 0.027083333333333334 0.03009259259259259
0 0.7658854166666667 0.5111111111111111 0.0203125 0.04027777777777778
0 0.5971354166666667 0.24814814814814815 0.023958333333333335 0.03564814814814815
0 0.6247395833333333 0.02361111111111111 0.015625 0.019444444444444445
0 0.12838541666666667 0.8078703703703703 0.012239583333333333 0.021296296296296296
0 0.1421875 0.8013888888888889 0.019010416666666665 0.023148148148148147
0 0.15364583333333334 0.7796296296296297 0.01328125 0.026851851851851852
0 0.15885416666666666 0.8560185185185185 0.012760416666666666 0.02546296296296296
0 0.17604166666666668 0.8606481481481482 0.012760416666666666 0.021296296296296296
0 0.18828125 0.8523148148148149 0.016145833333333335 0.024074074074074074
0 0.17942708333333332 0.8796296296296297 0.017447916666666667 0.03333333333333333
0 0.76484375 0.28564814814814815 0.013541666666666667 0.02546296296296296
0 0.7807291666666667 0.2740740740740741 0.01328125 0.020370370370370372
0 0.5151041666666667 0.362962962962963 0.012760416666666666 0.022222222222222223
