0 0.6802083333333333 0.09675925925925925 0.03958333333333333 0.03518518518518519
0 0.68671875 0.1037037037037037 0.016666666666666666 0.020833333333333332
0 0.6572916666666667 0.08888888888888889 0.026302083333333334 0.03194444444444444
0 0.6096354166666667 0.03333333333333333 0.025260416666666667 0.06342592592592593
0 0.5026041666666666 0.350462962962963 0.025260416666666667 0.05092592592592592
0 0.6244791666666667 0.14722222222222223 0.018489583333333334 0.033796296296296297
0 0.740625 0.23796296296296296 0.014322916666666666 0.028703703703703703
0 0.66328125 0.27824074074074073 0.022916666666666665 0.03425925925925926
0 0.5953125 0.20972222222222223 0.012760416666666666 0.034722222222222224
0 0.5916666666666667 0.32175925925925924 0.011979166666666667 0.03009259259259259
0 0.5528645833333333 0.3236111111111111 0.01640625 0.030555555555555555
0 0.53515625 0.4 0.0140625 0.02962962962962963
0 0.5513020833333333 0.3587962962962963 0.022395833333333334 0.04212962962962963
0 0.5895833333333333 0.3476851851851852 0.0109375 0.026851851851851852
0 0.628125 0.3638888888888889 0.02734375 0.038425925925925926
0 0.68125 0.35138888888888886 0.021614583333333333 0.03564814814814815
0 0.6893229166666667 0.23055555555555557 0.025 0.04490740740740741
0 0.6669270833333333 0.46111111111111114 0.0171875 0.030555555555555555
0 0.6854166666666667 0.41388888888888886 0.018489583333333334 0.03657407407407407
0 0.66875 0.5351851851851852 0.019791666666666666 0.030555555555555555
0 0.7565104166666666 0.274537037037037 0.03203125 0.053703703703703705
0 0.7557291666666667 0.2689814814814815 0.020833333333333332 0.03194444444444444
0 0.5736979166666667 0.562037037037037 0.028385416666666666 0.03148148148148148
0 0.7497395833333333 0.5180555555555556 0.019270833333333334 0.038425925925925926
0 0.5833333333333334 0.24768518518518517 0.025260416666666667 0.037037037037037035
0 0.6127604166666667 0.027777777777777776 0.015625 0.019444444444444445
0 0.11744791666666667 0.8208333333333333 0.012239583333333333 0.021296296296296296
0 0.13359375 0.8115740740740741 0.019010416666666665 0.023148148148148147
0 0.140625 0.7847222222222222 0.0140625 0.02824074074074074
0 0.14765625 0.8638888888888889 0.012760416666666666 0.02546296296296296
0 0.16354166666666667 0.8657407407407407 0.012760416666666666 0.021296296296296296
0 0.17552083333333332 0.8583333333333333 0.015364583333333333 0.023148148148148147
0 0.16770833333333332 0.8833333333333333 0.017447916666666667 0.03333333333333333
0 0.7669270833333334 0.27685185185185185 0.01328125 0.020370370370370372
0 0.5026041666666666 0.36944444444444446 0.012760416666666666 0.022222222222222223
