0 0.6932291666666667 0.08935185185185185 0.037760416666666664 0.03333333333333333
0 0.7 0.09675925925925925 0.017447916666666667 0.02175925925925926
0 0.6755208333333333 0.0824074074074074 0.016927083333333332 0.030555555555555555
0 0.6203125 0.031018518518518518 0.025260416666666667 0.06342592592592593
0 0.51640625 0.3490740740740741 0.025260416666666667 0.0625
0 0.6356770833333333 0.14305555555555555 0.018489583333333334 0.033796296296296297
0 0.7528645833333333 0.23194444444444445 0.014322916666666666 0.028703703703703703
0 0.6752604166666667 0.2708333333333333 0.023958333333333335 0.03611111111111111
0 0.6083333333333333 0.20787037037037037 0.012760416666666666 0.034722222222222224
0 0.5919270833333333 0.33240740740740743 0.011979166666666667 0.03009259259259259
0 0.5640625 0.31805555555555554 0.0171875 0.03194444444444444
0 0.5486979166666667 0.39490740740740743 0.0140625 0.02962962962962963
0 0.5638020833333334 0.35833333333333334 0.0203125 0.03796296296296296
0 0.5953125 0.3384259259259259 0.0109375 0.026851851851851852
0 0.6440104166666667 0.36203703703703705 0.02734375 0.038425925925925926
0 0.6908854166666667 0.3425925925925926 0.021614583333333333 0.03564814814814815
0 0.703125 0.2300925925925926 0.025 0.04490740740740741
0 0.678125 0.4583333333333333 0.01640625 0.029166666666666667
0 0.6973958333333333 0.4074074074074074 0.018489583333333334 0.03657407407407407
0 0.6802083333333333 0.5273148148148148 0.019791666666666666 0.030555555555555555
0 0.76953125 0.27361111111111114 0.03203125 0.06898148148148148
0 0.765625 0.262037037037037 0.020833333333333332 0.03194444444444444
0 0.58515625 0.5532407407407407 0.027083333333333334 0.03009259259259259
0 0.7651041666666667 0.5120370370370371 0.0203125 0.04027777777777778
0 0.5981770833333333 0.2462962962962963 0.023958333333333335 0.03564814814814815
0 0.62421875 0.022685185185185187 0.015625 0.019444444444444445
0 0.12838541666666667 0.8087962962962963 0.012239583333333333 0.021296296296296296
0 0.14244791666666667 0.8023148148148148 0.019010416666666665 0.023148148148148147
0 0.153125 0.7787037037037037 0.01328125 0.026851851851851852
0 0.15911458333333334 0.8546296296296296 0.012760416666666666 0.02546296296296296
0 0.17552083333333332 0.8601851851851852 0.012760416666666666 0.021296296296296296
0 0.18723958333333332 0.8523148148148149 0.016145833333333335 0.024074074074074074
0 0.17864583333333334 0.8782407407407408 0.017447916666666667 0.03333333333333333
0 0.7651041666666667 0.287962962962963 0.013802083333333333 0.03611111111111111
0 0.7802083333333333 0.27361111111111114 0.01328125 0.020370370370370372
0 0.5158854166666667 0.362962962962963 0.012760416666666666 0.022222222222222223
0 0.615625 0.03888888888888889 0.011197916666666667 0.024537037037037038
