0 0.6997395833333333 0.0837962962962963 0.03958333333333333 0.03518518518518519
0 0.70546875 0.08935185185185185 0.016666666666666666 0.020833333333333332
0 0.6825520833333333 0.07546296296296297 0.01953125 0.03518518518518519
0 0.6200520833333333 0.03287037037037037 0.0265625 0.06666666666666667
0 0.5151041666666667 0.3523148148148148 0.023958333333333335 0.05925925925925926
0 0.6361979166666667 0.14722222222222223 0.018489583333333334 0.033796296296296297
0 0.75390625 0.2310185185185185 0.014322916666666666 0.028703703703703703
0 0.6770833333333334 0.2708333333333333 0.022916666666666665 0.03425925925925926
0 0.6109375 0.2152777777777778 0.011458333333333333 0.03148148148148148
0 0.5924479166666666 0.33055555555555555 0.011979166666666667 0.03009259259259259
0 0.565625 0.31666666666666665 0.019010416666666665 0.03518518518518519
0 0.5505208333333333 0.3925925925925926 0.0140625 0.02962962962962963
0 0.5700520833333333 0.3597222222222222 0.018229166666666668 0.034722222222222224
0 0.6059895833333333 0.3333333333333333 0.010416666666666666 0.02546296296296296
0 0.6463541666666667 0.36018518518518516 0.026041666666666668 0.03657407407407407
0 0.6919270833333333 0.34120370370370373 0.021614583333333333 0.03564814814814815
0 0.7059895833333333 0.24675925925925926 0.025 0.04490740740740741
0 0.6778645833333333 0.45694444444444443 0.0171875 0.030555555555555555
0 0.6932291666666667 0.4111111111111111 0.017447916666666667 0.03518518518518519
0 0.6802083333333333 0.5222222222222223 0.01875 0.029166666666666667
0 0.7708333333333334 0.27824074074074073 0.03203125 0.06898148148148148
0 0.7661458333333333 0.26342592592592595 0.020833333333333332 0.03194444444444444
0 0.5846354166666666 0.549074074074074 0.028385416666666666 0.03148148148148148
0 0.7703125 0.5060185185185185 0.019270833333333334 0.038425925925925926
0 0.5986979166666667 0.2518518518518518 0.021875 0.03194444444444444
0 0.6236979166666666 0.022685185185185187 0.01484375 0.018518518518518517
0 0.12708333333333333 0.7972222222222223 0.012239583333333333 0.021296296296296296
0 0.14010416666666667 0.7916666666666666 0.020052083333333335 0.024074074074074074
0 0.15442708333333333 0.7805555555555556 0.01328125 0.026851851851851852
0 0.16015625 0.8569444444444444 0.012760416666666666 0.02546296296296296
0 0.1765625 0.8587962962962963 0.012760416666666666 0.021296296296296296
0 0.18880208333333334 0.850462962962963 0.016145833333333335 0.024074074074074074
0 0.18072916666666666 0.8768518518518519 0.018229166666666668 0.03518518518518519
0 0.76171875 0.29444444444444445 0.01640625 0.03425925925925926
0 0.7802083333333333 0.2800925925925926 0.012760416666666666 0.019444444444444445
0 0.5114583333333333 0.3625 0.014322916666666666 0.02361111111111111
0 0.6127604166666667 0.0375 0.01171875 0.017592592592592594
