0 0.69765625 0.08657407407407407 0.03958333333333333 0.03518518518518519
0 0.703125 0.09166666666666666 0.016666666666666666 0.020833333333333332
0 0.6794270833333333 0.08148148148148149 0.018489583333333334 0.03333333333333333
0 0.6208333333333333 0.03333333333333333 0.0265625 0.06666666666666667
0 0.515625 0.3509259259259259 0.023958333333333335 0.05925925925925926
0 0.6348958333333333 0.1449074074074074 0.018489583333333334 0.033796296296296297
0 0.7533854166666667 0.23287037037037037 0.014322916666666666 0.028703703703703703
0 0.6783854166666666 0.2726851851851852 0.022916666666666665 0.03425925925925926
0 0.6106770833333334 0.20972222222222223 0.011458333333333333 0.03148148148148148
0 0.5916666666666667 0.33287037037037037 0.011979166666666667 0.03009259259259259
0 0.5640625 0.31666666666666665 0.01796875 0.03333333333333333
0 0.55078125 0.39351851851851855 0.0140625 0.02962962962962963
0 0.56796875 0.36203703703703705 0.019270833333333334 0.03611111111111111
0 0.6044270833333333 0.33611111111111114 0.0109375 0.026851851851851852
0 0.6463541666666667 0.3587962962962963 0.026041666666666668 0.03657407407407407
0 0.6927083333333334 0.3416666666666667 0.021614583333333333 0.03564814814814815
0 0.7044270833333334 0.2412037037037037 0.023697916666666666 0.04259259259259259
0 0.6776041666666667 0.4587962962962963 0.0171875 0.030555555555555555
0 0.6942708333333333 0.4101851851851852 0.018489583333333334 0.03657407407407407
0 0.6796875 0.524074074074074 0.019791666666666666 0.030555555555555555
0 0.7703125 0.27685185185185185 0.03203125 0.06898148148148148
0 0.7661458333333333 0.26296296296296295 0.020833333333333332 0.03194444444444444
0 0.5848958333333333 0.5513888888888889 0.028385416666666666 0.03148148148148148
0 0.7697916666666667 0.5087962962962963 0.019270833333333334 0.038425925925925926
0 0.5973958333333333 0.25277777777777777 0.021875 0.03194444444444444
0 0.6244791666666667 0.022222222222222223 0.015625 0.019444444444444445
0 0.12682291666666667 0.8023148148148148 0.012239583333333333 0.021296296296296296
0 0.14166666666666666 0.7949074074074074 0.019010416666666665 0.023148148148148147
0 0.15416666666666667 0.7800925925925926 0.01328125 0.026851851851851852
0 0.15833333333333333 0.8574074074074074 0.012760416666666666 0.02546296296296296
0 0.17630208333333333 0.8597222222222223 0.012760416666666666 0.021296296296296296
0 0.18776041666666668 0.8513888888888889 0.016145833333333335 0.024074074074074074
0 0.1796875 0.8782407407407408 0.018229166666666668 0.03518518518518519
0 0.7622395833333333 0.29444444444444445 0.01640625 0.03425925925925926
0 0.7807291666666667 0.27870370370370373 0.01328125 0.020370370370370372
0 0.5114583333333333 0.35694444444444445 0.012239583333333333 0.020370370370370372
0 0.6161458333333333 0.03518518518518519 0.01328125 0.020370370370370372
