0 0.6989583333333333 0.08472222222222223 0.03958333333333333 0.03518518518518519
0 0.7041666666666667 0.09074074074074075 0.015885416666666666 0.01990740740740741
0 0.68203125 0.07824074074074074 0.018489583333333334 0.03333333333333333
0 0.6203125 0.03333333333333333 0.0265625 0.06666666666666667
0 0.51484375 0.350462962962963 0.025260416666666667 0.0625
0 0.6356770833333333 0.1449074074074074 0.018489583333333334 0.033796296296296297
0 0.753125 0.23287037037037037 0.014322916666666666 0.028703703703703703
0 0.6763020833333333 0.2712962962962963 0.022916666666666665 0.03425925925925926
0 0.6106770833333334 0.20972222222222223 0.011458333333333333 0.03148148148148148
0 0.5916666666666667 0.33194444444444443 0.0125 0.03148148148148148
0 0.5645833333333333 0.31666666666666665 0.019010416666666665 0.03518518518518519
0 0.5505208333333333 0.39351851851851855 0.0140625 0.02962962962962963
0 0.5692708333333333 0.36064814814814816 0.018229166666666668 0.034722222222222224
0 0.6041666666666666 0.3347222222222222 0.0109375 0.026851851851851852
0 0.64609375 0.36018518518518516 0.02734375 0.038425925925925926
0 0.6916666666666667 0.34074074074074073 0.021614583333333333 0.03564814814814815
0 0.70546875 0.24444444444444444 0.025 0.04490740740740741
0 0.6778645833333333 0.45787037037037037 0.0171875 0.030555555555555555
0 0.6932291666666667 0.41203703703703703 0.017447916666666667 0.03518518518518519
0 0.6802083333333333 0.5226851851851851 0.01875 0.029166666666666667
0 0.7703125 0.2777777777777778 0.03203125 0.06898148148148148
0 0.76640625 0.26296296296296295 0.020833333333333332 0.03194444444444444
0 0.58515625 0.5504629629629629 0.028385416666666666 0.03148148148148148
0 0.7703125 0.5069444444444444 0.019270833333333334 0.038425925925925926
0 0.5986979166666667 0.2518518518518518 0.021875 0.03194444444444444
0 0.6239583333333333 0.023148148148148147 0.01484375 0.018518518518518517
0 0.12604166666666666 0.8 0.012239583333333333 0.021296296296296296
0 0.14140625 0.7930555555555555 0.019010416666666665 0.023148148148148147
0 0.15416666666666667 0.7805555555555556 0.01328125 0.026851851851851852
0 0.15963541666666667 0.8578703703703704 0.012760416666666666 0.02546296296296296
0 0.1765625 0.8592592592592593 0.012760416666666666 0.021296296296296296
0 0.18828125 0.85 0.016145833333333335 0.024074074074074074
0 0.18020833333333333 0.8773148148148148 0.018229166666666668 0.03518518518518519
0 0.7614583333333333 0.29259259259259257 0.01640625 0.03425925925925926
0 0.7802083333333333 0.27870370370370373 0.012760416666666666 0.019444444444444445
0 0.5114583333333333 0.362962962962963 0.01328125 0.018518518518518517
0 0.6153645833333333 0.03796296296296296 0.013802083333333333 0.020370370370370372
