0 0.6197916666666666 0.14074074074074075 0.041666666666666664 0.037037037037037035
0 0.6221354166666667 0.14814814814814814 0.0203125 0.02546296296296296
0 0.6020833333333333 0.13240740740740742 0.027604166666666666 0.03333333333333333
0 0.5549479166666667 0.07546296296296297 0.03229166666666667 0.04861111111111111
0 0.4466145833333333 0.39305555555555555 0.025260416666666667 0.05092592592592592
0 0.5700520833333333 0.1865740740740741 0.019270833333333334 0.03564814814814815
0 0.6890625 0.27037037037037037 0.013020833333333334 0.025925925925925925
0 0.6052083333333333 0.32546296296296295 0.025260416666666667 0.03796296296296296
0 0.5416666666666666 0.24305555555555555 0.011458333333333333 0.03148148148148148
0 0.5375 0.4046296296296296 0.0125 0.03148148148148148
0 0.49114583333333334 0.40324074074074073 0.0171875 0.03194444444444444
0 0.47708333333333336 0.44027777777777777 0.015625 0.03287037037037037
0 0.5010416666666667 0.3638888888888889 0.022135416666666668 0.041666666666666664
0 0.5419270833333333 0.37407407407407406 0.010416666666666666 0.02546296296296296
0 0.56953125 0.4050925925925926 0.02421875 0.030555555555555555
0 0.6302083333333334 0.39537037037037037 0.021614583333333333 0.03564814814814815
0 0.6302083333333334 0.2564814814814815 0.02890625 0.05185185185185185
0 0.6130208333333333 0.49074074074074076 0.0171875 0.030555555555555555
0 0.6315104166666666 0.4550925925925926 0.018229166666666668 0.037037037037037035
0 0.615625 0.5810185185185185 0.019791666666666666 0.030555555555555555
0 0.6997395833333333 0.3189814814814815 0.03802083333333333 0.04814814814814815
0 0.6971354166666667 0.3148148148148148 0.013802083333333333 0.028703703703703703
0 0.5205729166666667 0.6055555555555555 0.028385416666666666 0.03148148148148148
0 0.6888020833333334 0.5606481481481481 0.01953125 0.032407407407407406
0 0.5268229166666667 0.2773148148148148 0.023958333333333335 0.03564814814814815
0 0.5567708333333333 0.06805555555555555 0.01796875 0.022685185185185187
0 0.0640625 0.8717592592592592 0.01328125 0.02962962962962963
0 0.07864583333333333 0.8601851851851852 0.019270833333333334 0.025
0 0.08359375 0.8282407407407407 0.014583333333333334 0.02962962962962963
0 0.0953125 0.9092592592592592 0.01484375 0.026851851851851852
0 0.11302083333333333 0.899074074074074 0.015364583333333333 0.020833333333333332
0 0.11510416666666666 0.9027777777777778 0.016927083333333332 0.02546296296296296
0 0.11197916666666667 0.924074074074074 0.017708333333333333 0.024537037037037038
0 0.7119791666666667 0.3175925925925926 0.012760416666666666 0.019444444444444445
0 0.44947916666666665 0.4152777777777778 0.01328125 0.023148148148148147
0 0.30130208333333336 0.006481481481481481 0.04140625 0.013425925925925926
