0 0.6721354166666667 0.10138888888888889 0.03958333333333333 0.03518518518518519
0 0.6796875 0.10787037037037037 0.016666666666666666 0.020833333333333332
0 0.6528645833333333 0.09444444444444444 0.026302083333333334 0.03194444444444444
0 0.6036458333333333 0.034722222222222224 0.0265625 0.06666666666666667
0 0.49557291666666664 0.3541666666666667 0.025260416666666667 0.05092592592592592
0 0.6177083333333333 0.15 0.018489583333333334 0.033796296296296297
0 0.7333333333333333 0.24583333333333332 0.014322916666666666 0.028703703703703703
0 0.6552083333333333 0.2828703703703704 0.022916666666666665 0.03425925925925926
0 0.5890625 0.21203703703703702 0.012760416666666666 0.034722222222222224
0 0.5888020833333333 0.33101851851851855 0.011458333333333333 0.028703703703703703
0 0.5458333333333333 0.3263888888888889 0.01640625 0.030555555555555555
0 0.5315104166666667 0.40555555555555556 0.0140625 0.02962962962962963
0 0.5424479166666667 0.3625 0.0234375 0.04398148148148148
0 0.5833333333333334 0.3527777777777778 0.010416666666666666 0.02546296296296296
0 0.6200520833333333 0.3675925925925926 0.02734375 0.038425925925925926
0 0.675 0.35462962962962963 0.020572916666666666 0.033796296296296297
0 0.6809895833333334 0.23055555555555557 0.025 0.04490740740740741
0 0.6596354166666667 0.4675925925925926 0.0171875 0.030555555555555555
0 0.6783854166666666 0.41944444444444445 0.018489583333333334 0.03657407407407407
0 0.6625 0.538425925925926 0.019791666666666666 0.030555555555555555
0 0.7489583333333333 0.2791666666666667 0.03203125 0.053703703703703705
0 0.7486979166666666 0.2740740740740741 0.019791666666666666 0.030555555555555555
0 0.5671875 0.5671296296296297 0.028385416666666666 0.03148148148148148
0 0.7416666666666667 0.5217592592592593 0.019270833333333334 0.038425925925925926
0 0.5763020833333333 0.24953703703703703 0.023958333333333335 0.03564814814814815
0 0.6049479166666667 0.03148148148148148 0.015625 0.019444444444444445
0 0.11041666666666666 0.8263888888888888 0.012760416666666666 0.022222222222222223
0 0.12760416666666666 0.8166666666666667 0.019010416666666665 0.023148148148148147
0 0.13333333333333333 0.788425925925926 0.0140625 0.02824074074074074
0 0.14010416666666667 0.8648148148148148 0.012760416666666666 0.03148148148148148
0 0.15625 0.8694444444444445 0.012760416666666666 0.021296296296296296
0 0.16796875 0.8625 0.015364583333333333 0.023148148148148147
0 0.15989583333333332 0.887962962962963 0.017447916666666667 0.03333333333333333
0 0.7596354166666667 0.28055555555555556 0.01328125 0.020370370370370372
0 0.49557291666666664 0.3731481481481482 0.012760416666666666 0.022222222222222223
