0 0.5916666666666667 0.18888888888888888 0.041666666666666664 0.037037037037037035
0 0.59921875 0.19490740740740742 0.013020833333333334 0.018518518518518517
0 0.5638020833333334 0.17546296296296296 0.03046875 0.037037037037037035
0 0.5276041666666667 0.125 0.03229166666666667 0.04861111111111111
0 0.41770833333333335 0.4388888888888889 0.027083333333333334 0.047685185185185185
0 0.5421875 0.23055555555555557 0.011197916666666667 0.03935185185185185
0 0.65703125 0.32546296296296295 0.01796875 0.03194444444444444
0 0.5760416666666667 0.37824074074074077 0.025260416666666667 0.03796296296296296
0 0.5143229166666666 0.28888888888888886 0.010416666666666666 0.028703703703703703
0 0.5052083333333334 0.45740740740740743 0.016927083333333332 0.038425925925925926
0 0.4471354166666667 0.5023148148148148 0.01875 0.03518518518518519
0 0.46041666666666664 0.449537037037037 0.015625 0.03287037037037037
0 0.46536458333333336 0.4152777777777778 0.015104166666666667 0.03518518518518519
0 0.49557291666666664 0.425 0.010416666666666666 0.02546296296296296
0 0.5390625 0.45694444444444443 0.02421875 0.030555555555555555
0 0.6026041666666667 0.4444444444444444 0.02265625 0.037037037037037035
0 0.6005208333333333 0.29814814814814816 0.022916666666666665 0.04583333333333333
0 0.5854166666666667 0.5444444444444444 0.015104166666666667 0.02546296296296296
0 0.6036458333333333 0.5032407407407408 0.018229166666666668 0.03333333333333333
0 0.5911458333333334 0.6314814814814815 0.019791666666666666 0.05092592592592592
0 0.67109375 0.37222222222222223 0.03984375 0.050462962962962966
0 0.68203125 0.35462962962962963 0.013802083333333333 0.028703703703703703
0 0.4895833333333333 0.6518518518518519 0.023958333333333335 0.03148148148148148
0 0.659375 0.6125 0.021614583333333333 0.03564814814814815
0 0.49921875 0.31805555555555554 0.022395833333333334 0.034722222222222224
0 0.5333333333333333 0.11574074074074074 0.01796875 0.022685185185185187
0 0.04010416666666667 0.9236111111111112 0.015625 0.031018518518518518
0 0.05546875 0.875462962962963 0.0203125 0.02638888888888889
0 0.052083333333333336 0.9194444444444444 0.016927083333333332 0.034722222222222224
0 0.06666666666666667 0.961574074074074 0.015364583333333333 0.02824074074074074
0 0.08203125 0.9777777777777777 0.015885416666666666 0.026851851851851852
0 0.08854166666666667 0.950462962962963 0.013541666666666667 0.02175925925925926
0 0.665625 0.3638888888888889 0.011458333333333333 0.017592592592592594
0 0.4276041666666667 0.449537037037037 0.01328125 0.023148148148148147
0 0.2734375 0.046296296296296294 0.051041666666666666 0.0375
0 0.5197916666666667 0.12824074074074074 0.013802083333333333 0.022222222222222223
0 0.27317708333333335 0.04490740740740741 0.015364583333333333 0.02824074074074074
0 0.5997395833333333 0.013425925925925926 0.04088541666666667 0.027314814814814816
0 0.60703125 0.006944444444444444 0.009635416666666667 0.014351851851851852
