0 0.6322916666666667 0.12731481481481483 0.041666666666666664 0.037037037037037035
0 0.63671875 0.13518518518518519 0.019270833333333334 0.024074074074074074
0 0.6122395833333333 0.11851851851851852 0.027604166666666666 0.03333333333333333
0 0.5661458333333333 0.06296296296296296 0.03229166666666667 0.04861111111111111
0 0.4578125 0.37962962962962965 0.025260416666666667 0.05092592592592592
0 0.5791666666666667 0.17407407407407408 0.019270833333333334 0.03564814814814815
0 0.6973958333333333 0.25787037037037036 0.013020833333333334 0.025925925925925925
0 0.615625 0.3125 0.023958333333333335 0.03611111111111111
0 0.5513020833333333 0.22407407407407406 0.011458333333333333 0.03148148148148148
0 0.5466145833333333 0.39305555555555555 0.0125 0.03148148148148148
0 0.50234375 0.3912037037037037 0.0171875 0.03194444444444444
0 0.48828125 0.4310185185185185 0.015625 0.03287037037037037
0 0.5098958333333333 0.3537037037037037 0.022135416666666668 0.041666666666666664
0 0.5484375 0.36342592592592593 0.009895833333333333 0.024074074074074074
0 0.5776041666666667 0.3921296296296296 0.02421875 0.030555555555555555
0 0.6395833333333333 0.38287037037037036 0.020572916666666666 0.033796296296296297
0 0.64453125 0.24768518518518517 0.027604166666666666 0.04953703703703704
0 0.6234375 0.49027777777777776 0.0171875 0.030555555555555555
0 0.6450520833333333 0.4412037037037037 0.017447916666666667 0.03518518518518519
0 0.6260416666666667 0.5689814814814815 0.01875 0.029166666666666667
0 0.7111979166666667 0.3050925925925926 0.03802083333333333 0.04814814814814815
0 0.7057291666666666 0.3023148148148148 0.013802083333333333 0.028703703703703703
0 0.5315104166666667 0.5930555555555556 0.027083333333333334 0.03009259259259259
0 0.6986979166666667 0.5486111111111112 0.01953125 0.032407407407407406
0 0.5372395833333333 0.2671296296296296 0.023958333333333335 0.03564814814814815
0 0.07421875 0.8592592592592593 0.012760416666666666 0.022222222222222223
0 0.0875 0.8486111111111111 0.018229166666666668 0.026851851851851852
0 0.0921875 0.8138888888888889 0.014583333333333334 0.02962962962962963
0 0.10390625 0.899537037037037 0.014322916666666666 0.026851851851851852
0 0.11953125 0.8870370370370371 0.015364583333333333 0.020833333333333332
0 0.1265625 0.8898148148148148 0.016927083333333332 0.02546296296296296
0 0.12161458333333333 0.9106481481481481 0.017708333333333333 0.024537037037037038
0 0.7234375 0.3013888888888889 0.012760416666666666 0.019444444444444445
0 0.45859375 0.40046296296296297 0.01328125 0.023148148148148147
0 0.5567708333333333 0.06527777777777778 0.008072916666666667 0.02361111111111111
0 0.5666666666666667 0.0625 0.011197916666666667 0.02546296296296296
