0 0.6552083333333333 0.11157407407407408 0.041666666666666664 0.037037037037037035
0 0.6606770833333333 0.1175925925925926 0.017447916666666667 0.02175925925925926
0 0.634375 0.1037037037037037 0.026302083333333334 0.03194444444444444
0 0.5903645833333333 0.046296296296296294 0.030729166666666665 0.046296296296296294
0 0.4791666666666667 0.36435185185185187 0.025260416666666667 0.05092592592592592
0 0.6005208333333333 0.15648148148148147 0.018489583333333334 0.033796296296296297
0 0.7190104166666667 0.24444444444444444 0.013541666666666667 0.027314814814814816
0 0.6401041666666667 0.29212962962962963 0.022916666666666665 0.03425925925925926
0 0.5739583333333333 0.21712962962962962 0.012239583333333333 0.03287037037037037
0 0.5669270833333333 0.36898148148148147 0.011458333333333333 0.028703703703703703
0 0.5263020833333333 0.37175925925925923 0.0171875 0.03194444444444444
0 0.5106770833333333 0.4148148148148148 0.0140625 0.02962962962962963
0 0.5299479166666666 0.337037037037037 0.02109375 0.03981481481481482
0 0.5533854166666666 0.3490740740740741 0.010416666666666666 0.02546296296296296
0 0.603125 0.3773148148148148 0.028645833333333332 0.04027777777777778
0 0.659375 0.36666666666666664 0.020572916666666666 0.033796296296296297
0 0.6645833333333333 0.2388888888888889 0.027604166666666666 0.04953703703703704
0 0.64375 0.47129629629629627 0.019010416666666665 0.033796296296296297
0 0.6619791666666667 0.4287037037037037 0.018489583333333334 0.03657407407407407
0 0.64609375 0.5509259259259259 0.019791666666666666 0.030555555555555555
0 0.7315104166666667 0.2898148148148148 0.03203125 0.053703703703703705
0 0.7307291666666667 0.28194444444444444 0.020833333333333332 0.03194444444444444
0 0.5515625 0.5791666666666667 0.028385416666666666 0.03148148148148148
0 0.7268229166666667 0.5314814814814814 0.0203125 0.04027777777777778
0 0.5580729166666667 0.2564814814814815 0.023958333333333335 0.03564814814814815
0 0.5885416666666666 0.0412037037037037 0.01640625 0.020370370370370372
0 0.09322916666666667 0.8402777777777778 0.012760416666666666 0.022222222222222223
0 0.11067708333333333 0.8291666666666667 0.020052083333333335 0.024074074074074074
0 0.11640625 0.799537037037037 0.014583333333333334 0.02962962962962963
0 0.12421875 0.8805555555555555 0.013541666666666667 0.02638888888888889
0 0.14348958333333334 0.8726851851851852 0.012760416666666666 0.021296296296296296
0 0.15104166666666666 0.8717592592592592 0.015364583333333333 0.023148148148148147
0 0.14270833333333333 0.8972222222222223 0.017447916666666667 0.03333333333333333
0 0.7424479166666667 0.2898148148148148 0.01328125 0.020370370370370372
0 0.48020833333333335 0.38472222222222224 0.012760416666666666 0.022222222222222223
