0 0.6018229166666667 0.16944444444444445 0.041666666666666664 0.037037037037037035
0 0.6020833333333333 0.17731481481481481 0.0203125 0.02546296296296296
0 0.5731770833333333 0.1550925925925926 0.03046875 0.037037037037037035
0 0.5369791666666667 0.10555555555555556 0.03229166666666667 0.04861111111111111
0 0.42942708333333335 0.41898148148148145 0.02578125 0.04537037037037037
0 0.5513020833333333 0.2152777777777778 0.0203125 0.0375
0 0.66796875 0.3055555555555556 0.013541666666666667 0.027314814814814816
0 0.5872395833333334 0.35648148148148145 0.025260416666666667 0.03796296296296296
0 0.5234375 0.26990740740740743 0.0109375 0.03009259259259259
0 0.515625 0.43703703703703706 0.011979166666666667 0.03009259259259259
0 0.4588541666666667 0.48009259259259257 0.01796875 0.03333333333333333
0 0.4747395833333333 0.4273148148148148 0.015625 0.03287037037037037
0 0.47239583333333335 0.3907407407407407 0.015104166666666667 0.03518518518518519
0 0.5005208333333333 0.4111111111111111 0.010416666666666666 0.02546296296296296
0 0.5489583333333333 0.4361111111111111 0.02421875 0.030555555555555555
0 0.61171875 0.425462962962963 0.02265625 0.037037037037037035
0 0.6083333333333333 0.2777777777777778 0.021875 0.04351851851851852
0 0.5903645833333333 0.5268518518518519 0.0171875 0.030555555555555555
0 0.6125 0.48333333333333334 0.018229166666666668 0.037037037037037035
0 0.5981770833333333 0.611574074074074 0.019791666666666666 0.030555555555555555
0 0.6807291666666667 0.3509259259259259 0.03984375 0.050462962962962966
0 0.6783854166666666 0.3458333333333333 0.013802083333333333 0.028703703703703703
0 0.5010416666666667 0.6356481481481482 0.028385416666666666 0.03148148148148148
0 0.6697916666666667 0.5907407407407408 0.020572916666666666 0.03425925925925926
0 0.5067708333333333 0.3 0.021354166666666667 0.03287037037037037
0 0.5419270833333333 0.0962962962962963 0.01796875 0.022685185185185187
0 0.048177083333333336 0.9064814814814814 0.0140625 0.031018518518518518
0 0.06458333333333334 0.8574074074074074 0.0203125 0.02638888888888889
0 0.06015625 0.8976851851851851 0.016145833333333335 0.03287037037037037
0 0.07760416666666667 0.9472222222222222 0.011458333333333333 0.026851851851851852
0 0.09791666666666667 0.9333333333333333 0.015885416666666666 0.026851851851851852
0 0.09322916666666667 0.9550925925925926 0.016927083333333332 0.023148148148148147
0 0.6950520833333333 0.34305555555555556 0.012239583333333333 0.018518518518518517
0 0.42682291666666666 0.4476851851851852 0.01328125 0.023148148148148147
0 0.2838541666666667 0.024074074074074074 0.051041666666666666 0.0375
0 0.5309895833333333 0.1111111111111111 0.013802083333333333 0.022222222222222223
0 0.28515625 0.022685185185185187 0.015364583333333333 0.02824074074074074
