0 0.5747395833333333 0.23425925925925925 0.03463541666666667 0.037037037037037035
0 0.5786458333333333 0.24675925925925926 0.013020833333333334 0.018518518518518517
0 0.5390625 0.22314814814814815 0.02265625 0.03657407407407407
0 0.5080729166666667 0.17592592592592593 0.033854166666666664 0.05092592592592592
0 0.39869791666666665 0.4875 0.027083333333333334 0.047685185185185185
0 0.5216145833333333 0.2777777777777778 0.01015625 0.03564814814814815
0 0.6346354166666667 0.3800925925925926 0.01875 0.03333333333333333
0 0.5565104166666667 0.4305555555555556 0.025260416666666667 0.03796296296296296
0 0.49453125 0.3384259259259259 0.011458333333333333 0.027314814814814816
0 0.48802083333333335 0.5092592592592593 0.01875 0.04259259259259259
0 0.428125 0.5467592592592593 0.01875 0.03518518518518519
0 0.4432291666666667 0.49675925925925923 0.015625 0.03287037037037037
0 0.44817708333333334 0.45 0.015104166666666667 0.03518518518518519
0 0.4752604166666667 0.4726851851851852 0.010416666666666666 0.02546296296296296
0 0.5205729166666667 0.5050925925925925 0.025520833333333333 0.03194444444444444
0 0.58359375 0.4949074074074074 0.015625 0.031018518518518518
0 0.57734375 0.3402777777777778 0.017708333333333333 0.03796296296296296
0 0.56328125 0.5944444444444444 0.014322916666666666 0.024074074074074074
0 0.58359375 0.5537037037037037 0.020052083333333335 0.03657407407407407
0 0.5708333333333333 0.6791666666666667 0.020833333333333332 0.05324074074074074
0 0.6515625 0.4212962962962963 0.03984375 0.050462962962962966
0 0.66328125 0.4162037037037037 0.013802083333333333 0.028703703703703703
0 0.4703125 0.7 0.022916666666666665 0.03009259259259259
0 0.6440104166666667 0.6550925925925926 0.021614583333333333 0.03564814814814815
0 0.47604166666666664 0.36157407407407405 0.0203125 0.03148148148148148
0 0.51875 0.15833333333333333 0.01875 0.02361111111111111
0 0.019270833333333334 0.9740740740740741 0.0171875 0.03425925925925926
0 0.03723958333333333 0.9263888888888889 0.0203125 0.02638888888888889
0 0.0375 0.9680555555555556 0.016927083333333332 0.034722222222222224
0 0.06432291666666666 1.0 0.015364583333333333 0.02824074074074074
0 0.6526041666666667 0.42268518518518516 0.011458333333333333 0.017592592592592594
0 0.39947916666666666 0.5162037037037037 0.01328125 0.023148148148148147
0 0.2526041666666667 0.0962962962962963 0.05364583333333333 0.03935185185185185
0 0.5067708333333333 0.16666666666666666 0.0125 0.020370370370370372
0 0.2520833333333333 0.0962962962962963 0.014583333333333334 0.026851851851851852
0 0.5770833333333333 0.0625 0.04296875 0.028703703703703703
0 0.5877604166666667 0.053703703703703705 0.008854166666666666 0.018518518518518517
