0 0.5223958333333333 0.4449074074074074 0.03984375 0.03009259259259259
0 0.52421875 0.4527777777777778 0.013020833333333334 0.018518518518518517
0 0.4869791666666667 0.4462962962962963 0.022395833333333334 0.04212962962962963
0 0.46015625 0.3861111111111111 0.035416666666666666 0.05324074074074074
0 0.34713541666666664 0.7013888888888888 0.029947916666666668 0.052314814814814814
0 0.47578125 0.4935185185185185 0.009635416666666667 0.02824074074074074
0 0.58515625 0.600462962962963 0.021875 0.03888888888888889
0 0.5052083333333334 0.6425925925925926 0.022916666666666665 0.03981481481481482
0 0.44453125 0.5583333333333333 0.0109375 0.025925925925925925
0 0.44140625 0.7226851851851852 0.0234375 0.03009259259259259
0 0.3796875 0.7560185185185185 0.0171875 0.03194444444444444
0 0.39114583333333336 0.7138888888888889 0.01328125 0.029166666666666667
0 0.39817708333333335 0.6731481481481482 0.016666666666666666 0.02824074074074074
0 0.4239583333333333 0.6972222222222222 0.019791666666666666 0.03287037037037037
0 0.46640625 0.7287037037037037 0.022916666666666665 0.033796296296296297
0 0.534375 0.712037037037037 0.01875 0.03148148148148148
0 0.5223958333333333 0.537962962962963 0.018489583333333334 0.03981481481481482
0 0.51328125 0.8097222222222222 0.015104166666666667 0.025
0 0.5346354166666667 0.775 0.020052083333333335 0.03657407407407407
0 0.52265625 0.8972222222222223 0.022916666666666665 0.05138888888888889
0 0.60078125 0.6388888888888888 0.04192708333333333 0.05324074074074074
0 0.6015625 0.6375 0.01171875 0.02546296296296296
0 0.4270833333333333 0.9236111111111112 0.021875 0.05138888888888889
0 0.5796875 0.8787037037037037 0.020572916666666666 0.033796296296296297
0 0.42916666666666664 0.5550925925925926 0.0125 0.028703703703703703
0 0.46536458333333336 0.3773148148148148 0.019791666666666666 0.02361111111111111
0 0.6130208333333333 0.6314814814814815 0.011979166666666667 0.018518518518518517
0 0.35234375 0.7379629629629629 0.016145833333333335 0.020833333333333332
0 0.19270833333333334 0.31527777777777777 0.03984375 0.0375
0 0.4546875 0.38842592592592595 0.015364583333333333 0.021296296296296296
0 0.19401041666666666 0.31527777777777777 0.012239583333333333 0.022222222222222223
0 0.5333333333333333 0.2847222222222222 0.03697916666666667 0.04027777777777778
0 0.5432291666666667 0.27685185185185185 0.013541666666666667 0.026851851851851852
0 0.5239583333333333 0.26296296296296295 0.01796875 0.02361111111111111
0 0.5346354166666667 0.24351851851851852 0.015885416666666666 0.02962962962962963
