0 0.5403645833333334 0.34305555555555556 0.03984375 0.03009259259259259
0 0.5442708333333334 0.35648148148148145 0.0125 0.017592592592592594
0 0.5041666666666667 0.3425925925925926 0.0203125 0.038425925925925926
0 0.4786458333333333 0.2851851851851852 0.033854166666666664 0.05092592592592592
0 0.36692708333333335 0.6050925925925926 0.028385416666666666 0.05
0 0.49244791666666665 0.3990740740740741 0.01015625 0.02962962962962963
0 0.6026041666666667 0.500462962962963 0.020833333333333332 0.037037037037037035
0 0.5247395833333334 0.5435185185185185 0.022916666666666665 0.03981481481481482
0 0.4630208333333333 0.46111111111111114 0.0109375 0.025925925925925925
0 0.4557291666666667 0.6212962962962963 0.021354166666666667 0.027314814814814816
0 0.39375 0.6671296296296296 0.020833333333333332 0.03888888888888889
0 0.4109375 0.6175925925925926 0.0140625 0.03009259259259259
0 0.4122395833333333 0.5731481481481482 0.013020833333333334 0.031018518518518518
0 0.44244791666666666 0.5967592592592592 0.012760416666666666 0.02546296296296296
0 0.48489583333333336 0.6217592592592592 0.022916666666666665 0.033796296296296297
0 0.55234375 0.6157407407407407 0.015625 0.031018518518518518
0 0.54296875 0.4476851851851852 0.017708333333333333 0.03796296296296296
0 0.5322916666666667 0.7078703703703704 0.015104166666666667 0.02546296296296296
0 0.5518229166666667 0.6736111111111112 0.020052083333333335 0.03657407407407407
0 0.540625 0.8013888888888889 0.020833333333333332 0.04675925925925926
0 0.6190104166666667 0.5398148148148149 0.03984375 0.050462962962962966
0 0.6127604166666667 0.5333333333333333 0.014583333333333334 0.03009259259259259
0 0.44453125 0.8222222222222222 0.021875 0.028703703703703703
0 0.6010416666666667 0.7833333333333333 0.020572916666666666 0.033796296296296297
0 0.4484375 0.46296296296296297 0.013802083333333333 0.03148148148148148
0 0.47369791666666666 0.2916666666666667 0.019791666666666666 0.02361111111111111
0 0.63046875 0.5361111111111111 0.0125 0.019444444444444445
0 0.3692708333333333 0.6393518518518518 0.013802083333333333 0.020833333333333332
0 0.21640625 0.2162037037037037 0.04192708333333333 0.03935185185185185
0 0.48671875 0.2712962962962963 0.015364583333333333 0.021296296296296296
0 0.21458333333333332 0.2199074074074074 0.01328125 0.024537037037037038
0 0.5494791666666666 0.18287037037037038 0.04114583333333333 0.04027777777777778
0 0.5609375 0.17546296296296296 0.013802083333333333 0.026851851851851852
0 0.53671875 0.1648148148148148 0.020052083333333335 0.020370370370370372
