0 0.5088541666666667 0.5226851851851851 0.034375 0.03148148148148148
0 0.51171875 0.5300925925925926 0.013020833333333334 0.018518518518518517
0 0.47578125 0.5236111111111111 0.017447916666666667 0.03796296296296296
0 0.45026041666666666 0.4597222222222222 0.03723958333333333 0.056018518518518516
0 0.3372395833333333 0.774074074074074 0.031510416666666666 0.055092592592592596
0 0.4669270833333333 0.5708333333333333 0.009114583333333334 0.026851851851851852
0 0.5744791666666667 0.6759259259259259 0.021875 0.03888888888888889
0 0.4953125 0.7078703703703704 0.016927083333333332 0.030555555555555555
0 0.43645833333333334 0.6337962962962963 0.012760416666666666 0.023148148148148147
0 0.4546875 0.8 0.021354166666666667 0.027314814814814816
0 0.36796875 0.825462962962963 0.01640625 0.030555555555555555
0 0.38203125 0.7842592592592592 0.0140625 0.030555555555555555
0 0.38776041666666666 0.7467592592592592 0.016666666666666666 0.02824074074074074
0 0.42942708333333335 0.7930555555555555 0.019791666666666666 0.03287037037037037
0 0.4122395833333333 0.7675925925925926 0.01796875 0.033796296296296297
0 0.52421875 0.788425925925926 0.01796875 0.03009259259259259
0 0.5088541666666667 0.6060185185185185 0.017708333333333333 0.03796296296296296
0 0.5049479166666667 0.8800925925925925 0.014322916666666666 0.02361111111111111
0 0.5294270833333333 0.8708333333333333 0.019010416666666665 0.034722222222222224
0 0.5119791666666667 0.9708333333333333 0.025260416666666667 0.05694444444444444
0 0.58984375 0.712037037037037 0.03984375 0.050462962962962966
0 0.6005208333333333 0.7101851851851851 0.012239583333333333 0.026851851851851852
0 0.41744791666666664 0.9949074074074075 0.022916666666666665 0.05416666666666667
0 0.57109375 0.950462962962963 0.01953125 0.032407407407407406
0 0.42161458333333335 0.6287037037037037 0.011979166666666667 0.027314814814814816
0 0.45416666666666666 0.4532407407407407 0.01875 0.022685185185185187
0 0.5856770833333333 0.7111111111111111 0.011979166666666667 0.018518518518518517
0 0.33880208333333334 0.8046296296296296 0.017708333333333333 0.022685185185185187
0 0.18359375 0.3875 0.03984375 0.0375
0 0.4434895833333333 0.4625 0.016145833333333335 0.022222222222222223
0 0.17760416666666667 0.38842592592592595 0.012239583333333333 0.022222222222222223
0 0.5231770833333333 0.36064814814814816 0.03697916666666667 0.04027777777777778
0 0.5307291666666667 0.35648148148148145 0.014322916666666666 0.02824074074074074
0 0.5127604166666667 0.34305555555555556 0.01796875 0.02361111111111111
0 0.521875 0.31851851851851853 0.015104166666666667 0.02824074074074074
