0 0.5127604166666667 0.48055555555555557 0.034375 0.03148148148148148
0 0.5169270833333334 0.4861111111111111 0.013020833333333334 0.018518518518518517
0 0.4817708333333333 0.48333333333333334 0.017447916666666667 0.03796296296296296
0 0.4544270833333333 0.41435185185185186 0.03723958333333333 0.056018518518518516
0 0.3424479166666667 0.7375 0.029947916666666668 0.052314814814814814
0 0.4708333333333333 0.5342592592592592 0.009635416666666667 0.02824074074074074
0 0.5791666666666667 0.638425925925926 0.021875 0.03888888888888889
0 0.5002604166666667 0.674074074074074 0.016927083333333332 0.030555555555555555
0 0.44088541666666664 0.5976851851851852 0.010416666666666666 0.024537037037037038
0 0.45729166666666665 0.7620370370370371 0.022395833333333334 0.028703703703703703
0 0.3731770833333333 0.7912037037037037 0.01640625 0.030555555555555555
0 0.3885416666666667 0.7523148148148148 0.01328125 0.029166666666666667
0 0.3927083333333333 0.7101851851851851 0.016666666666666666 0.02824074074074074
0 0.42265625 0.7263888888888889 0.019791666666666666 0.03287037037037037
0 0.43411458333333336 0.7597222222222222 0.023958333333333335 0.03564814814814815
0 0.528125 0.7458333333333333 0.01875 0.03148148148148148
0 0.51640625 0.5717592592592593 0.017708333333333333 0.03796296296296296
0 0.5072916666666667 0.8407407407407408 0.014322916666666666 0.02361111111111111
0 0.5330729166666667 0.812037037037037 0.019010416666666665 0.034722222222222224
0 0.5166666666666667 0.9351851851851852 0.023958333333333335 0.05416666666666667
0 0.5953125 0.6754629629629629 0.04192708333333333 0.05324074074074074
0 0.6052083333333333 0.6574074074074074 0.012239583333333333 0.026851851851851852
0 0.421875 0.9625 0.021875 0.05138888888888889
0 0.5763020833333333 0.9194444444444444 0.01953125 0.032407407407407406
0 0.4236979166666667 0.5907407407407408 0.0125 0.028703703703703703
0 0.4479166666666667 0.425462962962963 0.01875 0.02824074074074074
0 0.5911458333333334 0.6708333333333333 0.011979166666666667 0.018518518518518517
0 0.34791666666666665 0.7666666666666667 0.016927083333333332 0.02175925925925926
0 0.18828125 0.3509259259259259 0.03984375 0.0375
0 0.4583333333333333 0.4166666666666667 0.016145833333333335 0.022222222222222223
0 0.1875 0.34953703703703703 0.012239583333333333 0.022222222222222223
0 0.5263020833333333 0.3194444444444444 0.03697916666666667 0.04027777777777778
0 0.53828125 0.3162037037037037 0.014322916666666666 0.02824074074074074
0 0.5192708333333333 0.3050925925925926 0.01796875 0.02361111111111111
0 0.528125 0.2796296296296296 0.015885416666666666 0.02962962962962963
