0 0.565625 0.2574074074074074 0.036458333333333336 0.03888888888888889
0 0.5705729166666667 0.26666666666666666 0.0125 0.017592592592592594
0 0.5328125 0.24675925925925926 0.023697916666666666 0.038425925925925926
0 0.5020833333333333 0.19027777777777777 0.033854166666666664 0.05092592592592592
0 0.39140625 0.5097222222222222 0.027083333333333334 0.047685185185185185
0 0.515625 0.3023148148148148 0.010677083333333334 0.031018518518518518
0 0.62734375 0.40370370370370373 0.01875 0.03333333333333333
0 0.55 0.45046296296296295 0.025260416666666667 0.03796296296296296
0 0.48723958333333334 0.3680555555555556 0.0109375 0.025925925925925925
0 0.48151041666666666 0.5300925925925926 0.017708333333333333 0.04027777777777778
0 0.41953125 0.5685185185185185 0.01875 0.03518518518518519
0 0.43385416666666665 0.5231481481481481 0.01484375 0.03148148148148148
0 0.43671875 0.4791666666666667 0.014322916666666666 0.03333333333333333
0 0.46979166666666666 0.4986111111111111 0.0109375 0.026851851851851852
0 0.5125 0.5273148148148148 0.026822916666666665 0.033796296296296297
0 0.5765625 0.5111111111111111 0.01484375 0.02962962962962963
0 0.57109375 0.36203703703703705 0.018489583333333334 0.03981481481481482
0 0.5565104166666667 0.6189814814814815 0.015104166666666667 0.02546296296296296
0 0.5765625 0.5768518518518518 0.019270833333333334 0.03518518518518519
0 0.5640625 0.700462962962963 0.019791666666666666 0.05092592592592592
0 0.6440104166666667 0.4444444444444444 0.03802083333333333 0.04814814814814815
0 0.65546875 0.4393518518518518 0.014583333333333334 0.03009259259259259
0 0.46770833333333334 0.7310185185185185 0.021875 0.028703703703703703
0 0.6283854166666667 0.6856481481481481 0.021614583333333333 0.03564814814814815
0 0.46953125 0.38333333333333336 0.0203125 0.03148148148148148
0 0.50546875 0.19027777777777777 0.01875 0.02361111111111111
0 0.012760416666666666 0.9958333333333333 0.01796875 0.03611111111111111
0 0.03203125 0.9490740740740741 0.0203125 0.02638888888888889
0 0.03125 0.9898148148148148 0.017708333333333333 0.03657407407407407
0 0.6559895833333333 0.43657407407407406 0.011458333333333333 0.017592592592592594
0 0.3997395833333333 0.5277777777777778 0.012760416666666666 0.022222222222222223
0 0.24401041666666667 0.11898148148148148 0.05364583333333333 0.03935185185185185
0 0.4940104166666667 0.19907407407407407 0.013020833333333334 0.021296296296296296
0 0.24427083333333333 0.11898148148148148 0.014583333333333334 0.026851851851851852
0 0.5747395833333333 0.08194444444444444 0.04296875 0.028703703703703703
0 0.58125 0.08194444444444444 0.013802083333333333 0.026851851851851852
