0 0.5559895833333334 0.28703703703703703 0.03828125 0.040740740740740744
0 0.5583333333333333 0.29398148148148145 0.0125 0.017592592592592594
0 0.5229166666666667 0.27870370370370373 0.025 0.04027777777777778
0 0.49453125 0.2199074074074074 0.033854166666666664 0.05092592592592592
0 0.3828125 0.5398148148148149 0.027083333333333334 0.047685185185185185
0 0.5075520833333333 0.33240740740740743 0.010677083333333334 0.031018518518518518
0 0.61796875 0.4337962962962963 0.01875 0.03333333333333333
0 0.5421875 0.47638888888888886 0.025260416666666667 0.03796296296296296
0 0.4778645833333333 0.39861111111111114 0.0109375 0.025925925925925925
0 0.4744791666666667 0.5578703703703703 0.017708333333333333 0.04027777777777778
0 0.4122395833333333 0.600462962962963 0.01875 0.03518518518518519
0 0.42213541666666665 0.5523148148148148 0.01484375 0.03148148148148148
0 0.42916666666666664 0.5050925925925925 0.014583333333333334 0.033796296296296297
0 0.45755208333333336 0.5305555555555556 0.01328125 0.026851851851851852
0 0.5033854166666667 0.5587962962962963 0.022916666666666665 0.033796296296296297
0 0.56953125 0.5504629629629629 0.015625 0.031018518518518518
0 0.5622395833333333 0.38101851851851853 0.017708333333333333 0.03796296296296296
0 0.5463541666666667 0.6486111111111111 0.015104166666666667 0.02546296296296296
0 0.5684895833333333 0.6069444444444444 0.020052083333333335 0.03657407407407407
0 0.5559895833333334 0.7310185185185185 0.019791666666666666 0.05092592592592592
0 0.6348958333333333 0.47453703703703703 0.03802083333333333 0.04814814814814815
0 0.628125 0.4699074074074074 0.014583333333333334 0.03009259259259259
0 0.459375 0.7564814814814815 0.022916666666666665 0.03009259259259259
0 0.6231770833333333 0.7069444444444445 0.021614583333333333 0.03564814814814815
0 0.4588541666666667 0.4101851851851852 0.0203125 0.03148148148148148
0 0.5044270833333333 0.2013888888888889 0.01875 0.02361111111111111
0 0.023697916666666666 0.9736111111111111 0.017708333333333333 0.025925925925925925
0 0.6455729166666667 0.46944444444444444 0.011979166666666667 0.018518518518518517
0 0.38385416666666666 0.5675925925925925 0.011979166666666667 0.020833333333333332
0 0.23411458333333332 0.14907407407407408 0.04192708333333333 0.03935185185185185
0 0.49192708333333335 0.2199074074074074 0.013020833333333334 0.021296296296296296
0 0.23046875 0.14629629629629629 0.014583333333333334 0.026851851851851852
0 0.5666666666666667 0.1175925925925926 0.0390625 0.038425925925925926
0 0.5731770833333333 0.12222222222222222 0.013802083333333333 0.026851851851851852
0 0.5638020833333334 0.060648148148148145 0.019010416666666665 0.019444444444444445
