0 0.5361979166666667 0.3787037037037037 0.04192708333333333 0.03148148148148148
0 0.53828125 0.3907407407407407 0.013020833333333334 0.018518518518518517
0 0.49921875 0.37916666666666665 0.021354166666666667 0.04027777777777778
0 0.47213541666666664 0.3199074074074074 0.033854166666666664 0.05092592592592592
0 0.36015625 0.6388888888888888 0.029947916666666668 0.052314814814814814
0 0.48411458333333335 0.4310185185185185 0.009635416666666667 0.02824074074074074
0 0.5953125 0.5365740740740741 0.021875 0.03888888888888889
0 0.5158854166666667 0.5787037037037037 0.021875 0.03796296296296296
0 0.45703125 0.49537037037037035 0.0109375 0.025925925925925925
0 0.4510416666666667 0.6560185185185186 0.022395833333333334 0.028703703703703703
0 0.3875 0.7013888888888888 0.020833333333333332 0.03888888888888889
0 0.403125 0.6546296296296297 0.0140625 0.03009259259259259
0 0.40677083333333336 0.6148148148148148 0.0125 0.02962962962962963
0 0.43802083333333336 0.625 0.012760416666666666 0.02546296296296296
0 0.47760416666666666 0.6523148148148148 0.022916666666666665 0.033796296296296297
0 0.5450520833333333 0.6398148148148148 0.01484375 0.02962962962962963
0 0.5356770833333333 0.4787037037037037 0.017708333333333333 0.03796296296296296
0 0.5239583333333333 0.7430555555555556 0.014322916666666666 0.02361111111111111
0 0.546875 0.7074074074074074 0.019010416666666665 0.034722222222222224
0 0.5338541666666666 0.8356481481481481 0.021875 0.049074074074074076
0 0.6119791666666666 0.5745370370370371 0.04192708333333333 0.05324074074074074
0 0.6096354166666667 0.5722222222222222 0.015364583333333333 0.03148148148148148
0 0.43802083333333336 0.8601851851851852 0.021875 0.028703703703703703
0 0.59296875 0.8175925925925925 0.020572916666666666 0.033796296296296297
0 0.440625 0.5013888888888889 0.013802083333333333 0.03148148148148148
0 0.47265625 0.3143518518518518 0.019791666666666666 0.02361111111111111
0 0.6229166666666667 0.5689814814814815 0.0125 0.019444444444444445
0 0.36276041666666664 0.6685185185185185 0.013802083333333333 0.020833333333333332
0 0.20729166666666668 0.25092592592592594 0.04192708333333333 0.03935185185185185
0 0.4627604166666667 0.3277777777777778 0.015364583333333333 0.021296296296296296
0 0.20677083333333332 0.2513888888888889 0.012760416666666666 0.023148148148148147
0 0.5458333333333333 0.2175925925925926 0.03697916666666667 0.04027777777777778
0 0.5528645833333333 0.21481481481481482 0.013020833333333334 0.02546296296296296
0 0.5346354166666667 0.2023148148148148 0.0171875 0.022685185185185187
