0 0.546875 0.31805555555555554 0.04010416666666667 0.043055555555555555
0 0.5533854166666666 0.3236111111111111 0.0125 0.017592592592592594
0 0.5138020833333333 0.31157407407407406 0.025 0.04027777777777778
0 0.4859375 0.2518518518518518 0.033854166666666664 0.05092592592592592
0 0.37447916666666664 0.5726851851851852 0.028385416666666666 0.05
0 0.4986979166666667 0.36574074074074076 0.01015625 0.02962962962962963
0 0.6098958333333333 0.4671296296296296 0.019791666666666666 0.03518518518518519
0 0.5307291666666667 0.5111111111111111 0.021875 0.03796296296296296
0 0.47213541666666664 0.425462962962963 0.0109375 0.025925925925925925
0 0.4635416666666667 0.5856481481481481 0.021354166666666667 0.027314814814814816
0 0.403125 0.6337962962962963 0.019791666666666666 0.037037037037037035
0 0.4192708333333333 0.5828703703703704 0.0140625 0.03009259259259259
0 0.42109375 0.5476851851851852 0.013802083333333333 0.032407407407407406
0 0.44947916666666665 0.5643518518518519 0.01328125 0.026851851851851852
0 0.49557291666666664 0.5879629629629629 0.022916666666666665 0.033796296296296297
0 0.5596354166666667 0.5837962962962963 0.01640625 0.032407407407407406
0 0.5520833333333334 0.41574074074074074 0.017708333333333333 0.03796296296296296
0 0.5393229166666667 0.6763888888888889 0.015104166666666667 0.02546296296296296
0 0.5598958333333334 0.6402777777777777 0.020052083333333335 0.03657407407407407
0 0.5486979166666667 0.7675925925925926 0.019791666666666666 0.044444444444444446
0 0.6270833333333333 0.5064814814814815 0.03984375 0.050462962962962966
0 0.6221354166666667 0.5037037037037037 0.014583333333333334 0.03009259259259259
0 0.4518229166666667 0.7902777777777777 0.022916666666666665 0.03009259259259259
0 0.6106770833333334 0.7458333333333333 0.021614583333333333 0.03564814814814815
0 0.45364583333333336 0.43472222222222223 0.013802083333333333 0.03148148148148148
0 0.48046875 0.262037037037037 0.01796875 0.022685185185185187
0 0.6390625 0.5018518518518519 0.011979166666666667 0.018518518518518517
0 0.375 0.600462962962963 0.013802083333333333 0.020833333333333332
0 0.22552083333333334 0.18194444444444444 0.04192708333333333 0.03935185185185185
0 0.49635416666666665 0.2361111111111111 0.013541666666666667 0.022222222222222223
0 0.228125 0.1648148148148148 0.013802083333333333 0.02546296296296296
0 0.5604166666666667 0.1412037037037037 0.0390625 0.038425925925925926
0 0.5669270833333333 0.14537037037037037 0.013802083333333333 0.026851851851851852
0 0.5497395833333333 0.12962962962962962 0.019010416666666665 0.019444444444444445
