0 0.5270833333333333 0.4083333333333333 0.04192708333333333 0.03148148148148148
0 0.5307291666666667 0.41759259259259257 0.013020833333333334 0.018518518518518517
0 0.4934895833333333 0.40879629629629627 0.022395833333333334 0.04212962962962963
0 0.4666666666666667 0.34814814814814815 0.035416666666666666 0.05324074074074074
0 0.35520833333333335 0.6611111111111111 0.029947916666666668 0.052314814814814814
0 0.47994791666666664 0.45 0.009635416666666667 0.02824074074074074
0 0.590625 0.5643518518518519 0.021875 0.03888888888888889
0 0.5127604166666667 0.6032407407407407 0.022916666666666665 0.03981481481481482
0 0.44921875 0.5254629629629629 0.010416666666666666 0.024537037037037038
0 0.44921875 0.6833333333333333 0.0234375 0.03009259259259259
0 0.3859375 0.7226851851851852 0.01640625 0.030555555555555555
0 0.39791666666666664 0.6782407407407407 0.01328125 0.029166666666666667
0 0.40130208333333334 0.6342592592592593 0.017447916666666667 0.02962962962962963
0 0.4322916666666667 0.6532407407407408 0.019791666666666666 0.03287037037037037
0 0.47265625 0.6824074074074075 0.022916666666666665 0.033796296296296297
0 0.5403645833333334 0.6717592592592593 0.0140625 0.02824074074074074
0 0.5291666666666667 0.5046296296296297 0.018489583333333334 0.03981481481481482
0 0.5197916666666667 0.7699074074074074 0.014322916666666666 0.02361111111111111
0 0.54453125 0.7300925925925926 0.019010416666666665 0.034722222222222224
0 0.52890625 0.8625 0.021875 0.049074074074074076
0 0.6072916666666667 0.6032407407407407 0.04192708333333333 0.05324074074074074
0 0.6052083333333333 0.600925925925926 0.016145833333333335 0.03287037037037037
0 0.434375 0.8898148148148148 0.021875 0.028703703703703703
0 0.5861979166666667 0.8449074074074074 0.020572916666666666 0.033796296296296297
0 0.43671875 0.5203703703703704 0.013020833333333334 0.03009259259259259
0 0.47604166666666664 0.3277777777777778 0.019791666666666666 0.02361111111111111
0 0.6166666666666667 0.5976851851851852 0.0125 0.019444444444444445
0 0.35859375 0.6930555555555555 0.016145833333333335 0.020833333333333332
0 0.20026041666666666 0.2791666666666667 0.03984375 0.0375
0 0.46041666666666664 0.35324074074074074 0.015364583333333333 0.021296296296296296
0 0.20572916666666666 0.26944444444444443 0.012760416666666666 0.023148148148148147
0 0.53984375 0.24768518518518517 0.03697916666666667 0.04027777777777778
0 0.5484375 0.24305555555555555 0.013541666666666667 0.026851851851851852
0 0.5302083333333333 0.23333333333333334 0.0171875 0.022685185185185187
