0 0.50078125 0.5518518518518518 0.03619791666666667 0.03287037037037037
0 0.5065104166666666 0.5583333333333333 0.013020833333333334 0.018518518518518517
0 0.46953125 0.5550925925925926 0.018229166666666668 0.03981481481481482
0 0.44635416666666666 0.48935185185185187 0.0390625 0.0587962962962963
0 0.33359375 0.8037037037037037 0.031510416666666666 0.055092592592592596
0 0.4625 0.6023148148148149 0.009114583333333334 0.026851851851851852
0 0.5713541666666667 0.7041666666666667 0.021875 0.03888888888888889
0 0.49296875 0.7449074074074075 0.016145833333333335 0.029166666666666667
0 0.43411458333333336 0.6615740740740741 0.01328125 0.024074074074074074
0 0.44921875 0.8347222222222223 0.0203125 0.025925925925925925
0 0.36666666666666664 0.8629629629629629 0.01640625 0.030555555555555555
0 0.37604166666666666 0.8134259259259259 0.0140625 0.030555555555555555
0 0.38177083333333334 0.7791666666666667 0.016666666666666666 0.02824074074074074
0 0.4265625 0.825 0.019791666666666666 0.03287037037037037
0 0.4119791666666667 0.7972222222222223 0.01875 0.03564814814814815
0 0.5216145833333333 0.8143518518518519 0.01796875 0.03009259259259259
0 0.5041666666666667 0.6356481481481482 0.018489583333333334 0.03981481481481482
0 0.49635416666666665 0.9115740740740741 0.013541666666666667 0.022685185185185187
0 0.5216145833333333 0.8787037037037037 0.019010416666666665 0.034722222222222224
0 0.5098958333333333 1.0027777777777778 0.025260416666666667 0.05694444444444444
0 0.5861979166666667 0.7421296296296296 0.03984375 0.050462962962962966
0 0.59765625 0.736574074074074 0.012239583333333333 0.026851851851851852
0 0.56796875 0.9828703703703704 0.018489583333333334 0.031018518518518518
0 0.4153645833333333 0.6583333333333333 0.011979166666666667 0.027314814814814816
0 0.44973958333333336 0.4810185185185185 0.015625 0.020370370370370372
0 0.57890625 0.7393518518518518 0.011979166666666667 0.018518518518518517
0 0.33619791666666665 0.8375 0.017708333333333333 0.022685185185185187
0 0.17942708333333332 0.41759259259259257 0.03984375 0.0375
0 0.44296875 0.4935185185185185 0.016145833333333335 0.022222222222222223
0 0.17838541666666666 0.42268518518518516 0.012239583333333333 0.022222222222222223
0 0.5177083333333333 0.3912037037037037 0.03697916666666667 0.04027777777777778
0 0.5278645833333333 0.3837962962962963 0.015104166666666667 0.02962962962962963
0 0.5057291666666667 0.35694444444444445 0.01796875 0.02361111111111111
0 0.5263020833333333 0.34120370370370373 0.015104166666666667 0.02824074074074074
