0 0.47734375 0.7583333333333333 0.04192708333333333 0.03287037037037037
0 0.4786458333333333 0.7662037037037037 0.011979166666666667 0.016666666666666666
0 0.4440104166666667 0.7717592592592593 0.01328125 0.028703703703703703
0 0.425 0.6981481481481482 0.0375 0.047685185185185185
0 0.30807291666666664 1.0166666666666666 0.013020833333333334 0.047685185185185185
0 0.44244791666666666 0.8231481481481482 0.010677083333333334 0.031018518518518518
0 0.5497395833333333 0.9185185185185185 0.020833333333333332 0.037037037037037035
0 0.4674479166666667 0.9564814814814815 0.014583333333333334 0.03333333333333333
0 0.41041666666666665 0.8768518518518519 0.01328125 0.024074074074074074
0 0.35885416666666664 0.9912037037037037 0.01328125 0.029166666666666667
0 0.3921875 1.0013888888888889 0.01875 0.022222222222222223
0 0.478125 0.8324074074074074 0.01953125 0.02824074074074074
0 0.56484375 0.9490740740740741 0.04401041666666667 0.040740740740740744
0 0.5731770833333333 0.9481481481481482 0.0109375 0.026851851851851852
0 0.39765625 0.8592592592592593 0.011979166666666667 0.027314814814814816
0 0.4153645833333333 0.7097222222222223 0.016145833333333335 0.03009259259259259
0 0.5580729166666667 0.9527777777777777 0.0125 0.019444444444444445
0 0.14739583333333334 0.6337962962962963 0.04192708333333333 0.03888888888888889
0 0.42994791666666665 0.6995370370370371 0.016145833333333335 0.022222222222222223
0 0.15130208333333334 0.637962962962963 0.011197916666666667 0.020370370370370372
0 0.49973958333333335 0.6060185185185185 0.038802083333333334 0.04212962962962963
0 0.5046875 0.6018518518518519 0.015104166666666667 0.02962962962962963
0 0.48359375 0.5837962962962963 0.0171875 0.038425925925925926
0 0.49322916666666666 0.6027777777777777 0.00859375 0.016666666666666666
0 0.5059895833333333 0.5782407407407407 0.01171875 0.026851851851851852
