0 0.4979166666666667 0.5847222222222223 0.03619791666666667 0.03287037037037037
0 0.50234375 0.5967592592592592 0.0125 0.017592592592592594
0 0.4622395833333333 0.5893518518518519 0.018229166666666668 0.03981481481481482
0 0.4421875 0.5273148148148148 0.0390625 0.0587962962962963
0 0.32916666666666666 0.8421296296296297 0.031510416666666666 0.055092592592592596
0 0.46067708333333335 0.6356481481481482 0.009114583333333334 0.026851851851851852
0 0.5666666666666667 0.7435185185185185 0.021875 0.03888888888888889
0 0.4861979166666667 0.7847222222222222 0.016145833333333335 0.029166666666666667
0 0.42864583333333334 0.7032407407407407 0.0140625 0.02546296296296296
0 0.4453125 0.8777777777777778 0.019270833333333334 0.024537037037037038
0 0.3609375 0.8953703703703704 0.01640625 0.030555555555555555
0 0.37395833333333334 0.8541666666666666 0.0140625 0.030555555555555555
0 0.3770833333333333 0.8208333333333333 0.017447916666666667 0.02962962962962963
0 0.42109375 0.8601851851851852 0.01875 0.03148148148148148
0 0.40677083333333336 0.8342592592592593 0.01875 0.03564814814814815
0 0.4979166666666667 0.6685185185185185 0.01953125 0.041666666666666664
0 0.49375 0.9495370370370371 0.013541666666666667 0.022685185185185187
0 0.5158854166666667 0.8550925925925926 0.018229166666666668 0.03287037037037037
0 0.5200520833333333 0.9203703703703704 0.013802083333333333 0.041666666666666664
0 0.58203125 0.7805555555555556 0.03984375 0.050462962962962966
0 0.5924479166666666 0.7782407407407408 0.012239583333333333 0.026851851851851852
0 0.41380208333333335 0.6875 0.011979166666666667 0.027314814814814816
0 0.44557291666666665 0.5180555555555556 0.01640625 0.022685185185185187
0 0.5776041666666667 0.7800925925925926 0.011979166666666667 0.018518518518518517
0 0.33255208333333336 0.8731481481481481 0.017708333333333333 0.022685185185185187
0 0.17604166666666668 0.4546296296296296 0.03984375 0.0375
0 0.43697916666666664 0.5291666666666667 0.015364583333333333 0.021296296296296296
0 0.17239583333333333 0.4564814814814815 0.012239583333333333 0.022222222222222223
0 0.5151041666666667 0.4287037037037037 0.03697916666666667 0.04027777777777778
0 0.5221354166666666 0.4212962962962963 0.015104166666666667 0.02962962962962963
0 0.5036458333333333 0.4115740740740741 0.01796875 0.02361111111111111
0 0.5229166666666667 0.38055555555555554 0.015104166666666667 0.02824074074074074
