0 0.4783854166666667 0.7240740740740741 0.04192708333333333 0.038425925925925926
0 0.48385416666666664 0.7310185185185185 0.0125 0.017592592592592594
0 0.4484375 0.7328703703703704 0.018229166666666668 0.03981481481481482
0 0.42864583333333334 0.6620370370370371 0.0375 0.047685185185185185
0 0.31744791666666666 0.9819444444444444 0.025260416666666667 0.053703703703703705
0 0.44557291666666665 0.7814814814814814 0.01015625 0.02962962962962963
0 0.5515625 0.8810185185185185 0.020833333333333332 0.037037037037037035
0 0.471875 0.9273148148148148 0.015364583333333333 0.03518518518518519
0 0.41354166666666664 0.8453703703703703 0.01328125 0.024074074074074074
0 0.35963541666666665 0.9921296296296296 0.012760416666666666 0.027777777777777776
0 0.36432291666666666 0.9597222222222223 0.018229166666666668 0.031018518518518518
0 0.40703125 0.9990740740740741 0.019791666666666666 0.023148148148148147
0 0.38776041666666666 0.9777777777777777 0.016927083333333332 0.032407407407407406
0 0.48151041666666666 0.7949074074074074 0.01953125 0.02824074074074074
0 0.5010416666666667 0.9893518518518518 0.0203125 0.03657407407407407
0 0.5682291666666667 0.9143518518518519 0.04401041666666667 0.040740740740740744
0 0.5768229166666666 0.9157407407407407 0.0109375 0.026851851851851852
0 0.40338541666666666 0.8212962962962963 0.0125 0.028703703703703703
0 0.4270833333333333 0.6712962962962963 0.016145833333333335 0.03009259259259259
0 0.5609375 0.9194444444444444 0.0125 0.019444444444444445
0 0.15130208333333334 0.5990740740740741 0.04192708333333333 0.03888888888888889
0 0.41848958333333336 0.674537037037037 0.016145833333333335 0.022222222222222223
0 0.15208333333333332 0.6023148148148149 0.01171875 0.021296296296296296
0 0.49895833333333334 0.5745370370370371 0.040625 0.044444444444444446
0 0.50703125 0.5634259259259259 0.015104166666666667 0.02962962962962963
0 0.48385416666666664 0.5449074074074074 0.01640625 0.03657407407407407
0 0.5067708333333333 0.5361111111111111 0.012760416666666666 0.03009259259259259
0 0.5002604166666667 0.5430555555555555 0.01171875 0.026851851851851852
