0 0.48411458333333335 0.6930555555555555 0.03984375 0.03657407407407407
0 0.4875 0.7055555555555556 0.011979166666666667 0.016666666666666666
0 0.4513020833333333 0.7027777777777777 0.018229166666666668 0.03981481481481482
0 0.4309895833333333 0.6337962962962963 0.0375 0.047685185185185185
0 0.31692708333333336 0.9532407407407407 0.03333333333333333 0.05787037037037037
0 0.44895833333333335 0.7532407407407408 0.01015625 0.02962962962962963
0 0.5546875 0.8513888888888889 0.020833333333333332 0.037037037037037035
0 0.47213541666666664 0.8981481481481481 0.015364583333333333 0.03518518518518519
0 0.4166666666666667 0.8138888888888889 0.01328125 0.024074074074074074
0 0.4283854166666667 0.9837962962962963 0.0203125 0.025925925925925925
0 0.36015625 0.9629629629629629 0.012760416666666666 0.027777777777777776
0 0.36614583333333334 0.9310185185185185 0.017447916666666667 0.02962962962962963
0 0.409375 0.9689814814814814 0.019791666666666666 0.03287037037037037
0 0.39609375 0.9347222222222222 0.01796875 0.033796296296296297
0 0.48515625 0.763425925925926 0.020572916666666666 0.04351851851851852
0 0.503125 0.9634259259259259 0.019270833333333334 0.034722222222222224
0 0.56953125 0.8851851851851852 0.04192708333333333 0.03888888888888889
0 0.5807291666666666 0.8842592592592593 0.0109375 0.026851851851851852
0 0.4049479166666667 0.7986111111111112 0.0125 0.028703703703703703
0 0.43255208333333334 0.638425925925926 0.015364583333333333 0.028703703703703703
0 0.5645833333333333 0.8916666666666667 0.0125 0.019444444444444445
0 0.15520833333333334 0.5712962962962963 0.04192708333333333 0.03935185185185185
0 0.42239583333333336 0.6476851851851851 0.016927083333333332 0.023148148148148147
0 0.15572916666666667 0.5722222222222222 0.012239583333333333 0.022222222222222223
0 0.5044270833333333 0.5439814814814815 0.038802083333333334 0.04212962962962963
0 0.5122395833333333 0.5361111111111111 0.015104166666666667 0.02962962962962963
0 0.4861979166666667 0.5222222222222223 0.0171875 0.022685185185185187
0 0.5138020833333333 0.5069444444444444 0.014322916666666666 0.026851851851851852
0 0.5049479166666667 0.5115740740740741 0.012760416666666666 0.03009259259259259
0 0.49635416666666665 0.524074074074074 0.01171875 0.026851851851851852
0 0.3182291666666667 0.9824074074074074 0.01171875 0.013425925925925926
