0 0.4903645833333333 0.6574074074074074 0.03802083333333333 0.034722222222222224
0 0.49114583333333334 0.6694444444444444 0.011979166666666667 0.016666666666666666
0 0.45755208333333336 0.6754629629629629 0.018229166666666668 0.03981481481481482
0 0.43255208333333334 0.5976851851851852 0.03567708333333333 0.04537037037037037
0 0.32057291666666665 0.9171296296296296 0.03307291666666667 0.05787037037037037
0 0.4515625 0.7185185185185186 0.01015625 0.02962962962962963
0 0.5611979166666666 0.8148148148148148 0.020833333333333332 0.037037037037037035
0 0.47942708333333334 0.8532407407407407 0.015364583333333333 0.03518518518518519
0 0.42135416666666664 0.7805555555555556 0.01328125 0.024074074074074074
0 0.43307291666666664 0.9476851851851852 0.019270833333333334 0.024537037037037038
0 0.35260416666666666 0.9662037037037037 0.01640625 0.030555555555555555
0 0.365625 0.9287037037037037 0.012760416666666666 0.027777777777777776
0 0.3658854166666667 0.9 0.017447916666666667 0.02962962962962963
0 0.4127604166666667 0.9333333333333333 0.019791666666666666 0.03287037037037037
0 0.39140625 0.912962962962963 0.01875 0.03564814814814815
0 0.4901041666666667 0.7421296296296296 0.020572916666666666 0.04351851851851852
0 0.5067708333333333 0.9259259259259259 0.018229166666666668 0.03287037037037037
0 0.509375 0.9962962962962963 0.013802083333333333 0.041666666666666664
0 0.5736979166666667 0.8569444444444444 0.04192708333333333 0.05324074074074074
0 0.5825520833333333 0.8513888888888889 0.012239583333333333 0.026851851851851852
0 0.40859375 0.7625 0.011979166666666667 0.027314814814814816
0 0.4361979166666667 0.5995370370370371 0.015364583333333333 0.028703703703703703
0 0.5705729166666667 0.8555555555555555 0.013020833333333334 0.020370370370370372
0 0.3234375 0.9412037037037037 0.017708333333333333 0.022685185185185187
0 0.15989583333333332 0.5347222222222222 0.03984375 0.0375
0 0.4278645833333333 0.6087962962962963 0.016927083333333332 0.023148148148148147
0 0.16041666666666668 0.5407407407407407 0.012239583333333333 0.022222222222222223
0 0.5065104166666666 0.5037037037037037 0.038802083333333334 0.04212962962962963
0 0.5166666666666667 0.5018518518518519 0.015104166666666667 0.02962962962962963
0 0.4890625 0.4837962962962963 0.0171875 0.022685185185185187
0 0.5177083333333333 0.47175925925925927 0.014322916666666666 0.026851851851851852
0 0.5059895833333333 0.48009259259259257 0.01328125 0.025
0 0.5 0.4898148148148148 0.007552083333333333 0.026851851851851852
