0 0.5346354166666667 0.5634259259259259 0.03567708333333333 0.0412037037037037
0 0.5333333333333333 0.5611111111111111 0.00859375 0.016666666666666666
0 0.5393229166666667 0.5657407407407408 0.005989583333333334 0.014351851851851852
0 0.5236979166666667 0.5550925925925926 0.007552083333333333 0.0125
0 0.6106770833333334 0.5976851851851852 0.022135416666666668 0.04953703703703704
0 0.60546875 0.5925925925925926 0.007552083333333333 0.021296296296296296
0 0.6166666666666667 0.6060185185185185 0.0067708333333333336 0.019444444444444445
0 0.640625 0.5851851851851851 0.024739583333333332 0.05185185185185185
0 0.6510416666666666 0.5569444444444445 0.012239583333333333 0.016666666666666666
0 0.6638020833333333 0.5703703703703704 0.008333333333333333 0.018518518518518517
0 0.6627604166666666 0.5921296296296297 0.012760416666666666 0.020370370370370372
0 0.64921875 0.45231481481481484 0.012239583333333333 0.019444444444444445
0 0.68359375 0.4976851851851852 0.010677083333333334 0.022685185185185187
0 0.7666666666666667 0.4736111111111111 0.010677083333333334 0.02175925925925926
0 0.8072916666666666 0.4976851851851852 0.024739583333333332 0.04027777777777778
0 0.8080729166666667 0.4310185185185185 0.01328125 0.021296296296296296
0 0.82265625 0.42592592592592593 0.012239583333333333 0.018518518518518517
0 0.75859375 0.4027777777777778 0.01015625 0.02361111111111111
0 0.76328125 0.33425925925925926 0.01328125 0.020370370370370372
0 0.7643229166666666 0.3013888888888889 0.015625 0.023148148148148147
0 0.6828125 0.35694444444444445 0.011197916666666667 0.021296296296296296
0 0.6817708333333333 0.27870370370370373 0.02265625 0.032407407407407406
0 0.6114583333333333 0.26481481481481484 0.03411458333333333 0.03657407407407407
0 0.60390625 0.2574074074074074 0.010416666666666666 0.014351851851851852
0 0.62578125 0.2601851851851852 0.009635416666666667 0.017592592592592594
0 0.6013020833333333 0.2962962962962963 0.00859375 0.019444444444444445
0 0.6994791666666667 0.2023148148148148 0.01171875 0.01898148148148148
0 0.7171875 0.19907407407407407 0.01015625 0.013425925925925926
0 0.7575520833333333 0.12175925925925926 0.018229166666666668 0.024074074074074074
0 0.83046875 0.20277777777777778 0.01875 0.04583333333333333
0 0.8083333333333333 0.987037037037037 0.04140625 0.0412037037037037
0 0.6393229166666666 0.5643518518518519 0.007552083333333333 0.013425925925925926
0 0.8046875 0.4925925925925926 0.00703125 0.013888888888888888
0 0.7171875 0.11342592592592593 0.01328125 0.03148148148148148
