0 0.5440104166666667 0.5541666666666667 0.03567708333333333 0.03935185185185185
0 0.5354166666666667 0.5444444444444444 0.008072916666666667 0.01574074074074074
0 0.546875 0.5587962962962963 0.005989583333333334 0.014351851851851852
0 0.5533854166666666 0.562962962962963 0.007552083333333333 0.0125
0 0.6205729166666667 0.5884259259259259 0.022135416666666668 0.04953703703703704
0 0.61328125 0.5768518518518518 0.004427083333333333 0.020370370370370372
0 0.6192708333333333 0.5833333333333334 0.00390625 0.019444444444444445
0 0.6263020833333334 0.5967592592592592 0.009635416666666667 0.024537037037037038
0 0.65 0.5745370370370371 0.024739583333333332 0.05185185185185185
0 0.6510416666666666 0.5532407407407407 0.005989583333333334 0.011574074074074073
0 0.6622395833333333 0.5439814814814815 0.012760416666666666 0.016666666666666666
0 0.6752604166666667 0.562037037037037 0.010677083333333334 0.018518518518518517
0 0.6731770833333334 0.5819444444444445 0.012760416666666666 0.020370370370370372
0 0.659375 0.44537037037037036 0.012239583333333333 0.019444444444444445
0 0.6966145833333334 0.4898148148148148 0.010677083333333334 0.022685185185185187
0 0.7763020833333333 0.4652777777777778 0.010677083333333334 0.02175925925925926
0 0.8203125 0.4888888888888889 0.024739583333333332 0.04027777777777778
0 0.8182291666666667 0.48148148148148145 0.009114583333333334 0.01574074074074074
0 0.81953125 0.42314814814814816 0.012760416666666666 0.020370370370370372
0 0.83359375 0.41759259259259257 0.01171875 0.017592592592592594
0 0.7705729166666667 0.3976851851851852 0.009635416666666667 0.022685185185185187
0 0.77421875 0.3263888888888889 0.012760416666666666 0.019444444444444445
0 0.77578125 0.29305555555555557 0.01484375 0.022222222222222223
0 0.6953125 0.3486111111111111 0.011197916666666667 0.021296296296296296
0 0.6942708333333333 0.26990740740740743 0.02265625 0.032407407407407406
0 0.6203125 0.25462962962962965 0.03411458333333333 0.03657407407407407
0 0.6122395833333333 0.24675925925925926 0.00859375 0.014351851851851852
0 0.6208333333333333 0.2518518518518518 0.00703125 0.016203703703703703
0 0.62890625 0.26157407407407407 0.009635416666666667 0.017592592592592594
0 0.6135416666666667 0.2865740740740741 0.01015625 0.019444444444444445
0 0.7104166666666667 0.1935185185185185 0.011197916666666667 0.018055555555555554
0 0.7270833333333333 0.18935185185185185 0.01015625 0.013425925925925926
0 0.7713541666666667 0.11018518518518519 0.011197916666666667 0.02546296296296296
0 0.8424479166666666 0.19444444444444445 0.01796875 0.04351851851851852
0 0.8192708333333333 0.9791666666666666 0.04140625 0.0412037037037037
0 0.72890625 0.10138888888888889 0.012760416666666666 0.027314814814814816
