0 0.51953125 0.5745370370370371 0.04088541666666667 0.0412037037037037
0 0.5221354166666666 0.5814814814814815 0.00859375 0.016666666666666666
0 0.5236979166666667 0.5800925925925926 0.005729166666666666 0.013888888888888888
0 0.5059895833333333 0.5694444444444444 0.0078125 0.012962962962962963
0 0.5927083333333333 0.6087962962962963 0.022135416666666668 0.04953703703703704
0 0.5861979166666667 0.5953703703703703 0.007552083333333333 0.021296296296296296
0 0.6239583333333333 0.6037037037037037 0.0234375 0.04953703703703704
0 0.6364583333333333 0.5787037037037037 0.01171875 0.01574074074074074
0 0.6479166666666667 0.5856481481481481 0.0078125 0.017592592592592594
0 0.646875 0.6134259259259259 0.01328125 0.021296296296296296
0 0.63125 0.4634259259259259 0.012760416666666666 0.020370370370370372
0 0.6661458333333333 0.512962962962963 0.01171875 0.025
0 0.7463541666666667 0.4847222222222222 0.010677083333333334 0.02175925925925926
0 0.7893229166666667 0.5111111111111111 0.024739583333333332 0.04027777777777778
0 0.7885416666666667 0.44074074074074077 0.01328125 0.021296296296296296
0 0.8026041666666667 0.43657407407407406 0.012239583333333333 0.018518518518518517
0 0.7401041666666667 0.41435185185185186 0.01015625 0.02361111111111111
0 0.7434895833333334 0.3476851851851852 0.01328125 0.020370370370370372
0 0.7427083333333333 0.3175925925925926 0.015625 0.023148148148148147
0 0.6635416666666667 0.37083333333333335 0.012239583333333333 0.02361111111111111
0 0.6611979166666667 0.29305555555555557 0.023697916666666666 0.03425925925925926
0 0.5934895833333333 0.2791666666666667 0.032552083333333336 0.034722222222222224
0 0.58046875 0.26990740740740743 0.010416666666666666 0.014351851851851852
0 0.5825520833333333 0.3101851851851852 0.009114583333333334 0.020370370370370372
0 0.6796875 0.21898148148148147 0.012239583333333333 0.01990740740740741
0 0.6986979166666667 0.21435185185185185 0.013020833333333334 0.024074074074074074
0 0.7385416666666667 0.1337962962962963 0.019270833333333334 0.02546296296296296
0 0.81015625 0.21481481481481482 0.01796875 0.04351851851851852
0 0.78984375 0.9986111111111111 0.04140625 0.0412037037037037
0 0.6231770833333333 0.5879629629629629 0.008072916666666667 0.014351851851851852
0 0.7838541666666666 0.5060185185185185 0.01484375 0.018055555555555554
0 0.6036458333333333 0.6162037037037037 0.0078125 0.025925925925925925
0 0.5955729166666667 0.6189814814814815 0.00546875 0.020370370370370372
0 0.6966145833333334 0.12361111111111112 0.01171875 0.027777777777777776
