0 0.5151041666666667 0.5726851851851852 0.04088541666666667 0.0412037037037037
0 0.515625 0.5810185185185185 0.0109375 0.016666666666666666
0 0.5143229166666666 0.5763888888888888 0.005989583333333334 0.014351851851851852
0 0.5033854166666667 0.5694444444444444 0.008333333333333333 0.013888888888888888
0 0.5872395833333334 0.6060185185185185 0.023177083333333334 0.05185185185185185
0 0.6263020833333334 0.6152777777777778 0.0234375 0.04953703703703704
0 0.640625 0.6018518518518519 0.01171875 0.01574074074074074
0 0.646875 0.5819444444444445 0.007552083333333333 0.016666666666666666
0 0.6473958333333333 0.6259259259259259 0.01328125 0.021296296296296296
0 0.625 0.46064814814814814 0.012760416666666666 0.020370370370370372
0 0.6622395833333333 0.5148148148148148 0.011197916666666667 0.02361111111111111
0 0.7453125 0.48009259259259257 0.016666666666666666 0.022685185185185187
0 0.7786458333333334 0.5138888888888888 0.024739583333333332 0.04027777777777778
0 0.7833333333333333 0.44027777777777777 0.01328125 0.021296296296296296
0 0.79375 0.4393518518518518 0.012239583333333333 0.018518518518518517
0 0.734375 0.41574074074074074 0.009635416666666667 0.022685185185185187
0 0.7380208333333333 0.34953703703703703 0.012760416666666666 0.019444444444444445
0 0.7348958333333333 0.3300925925925926 0.015625 0.023148148148148147
0 0.6565104166666667 0.37592592592592594 0.011197916666666667 0.021296296296296296
0 0.6536458333333334 0.29953703703703705 0.021614583333333333 0.031018518518518518
0 0.5893229166666667 0.2847222222222222 0.03411458333333333 0.03657407407407407
0 0.5786458333333333 0.275 0.010416666666666666 0.014351851851851852
0 0.5770833333333333 0.31203703703703706 0.00859375 0.019444444444444445
0 0.6736979166666667 0.22777777777777777 0.012239583333333333 0.01990740740740741
0 0.6895833333333333 0.2337962962962963 0.013020833333333334 0.024074074074074074
0 0.73359375 0.13148148148148148 0.0203125 0.026851851851851852
0 0.8033854166666666 0.21388888888888888 0.01796875 0.04351851851851852
0 0.7833333333333333 1.0 0.04140625 0.0412037037037037
0 0.625 0.5995370370370371 0.008072916666666667 0.014351851851851852
0 0.77734375 0.5148148148148148 0.0140625 0.01712962962962963
0 0.60234375 0.6162037037037037 0.008072916666666667 0.027314814814814816
0 0.5864583333333333 0.6152777777777778 0.009114583333333334 0.019444444444444445
0 0.6927083333333334 0.12916666666666668 0.01171875 0.027777777777777776
0 0.5739583333333333 0.5986111111111111 0.00703125 0.017592592592592594
