0 0.515625 0.5722222222222222 0.04088541666666667 0.0412037037037037
0 0.5106770833333333 0.5791666666666667 0.0109375 0.016666666666666666
0 0.5138020833333333 0.5763888888888888 0.005729166666666666 0.013888888888888888
0 0.50234375 0.5657407407407408 0.008333333333333333 0.013888888888888888
0 0.58828125 0.6055555555555555 0.024479166666666666 0.05462962962962963
0 0.62734375 0.6166666666666667 0.0234375 0.04953703703703704
0 0.64140625 0.6060185185185185 0.01171875 0.01574074074074074
0 0.6473958333333333 0.5810185185185185 0.0078125 0.017592592592592594
0 0.6481770833333333 0.6273148148148148 0.01328125 0.021296296296296296
0 0.625 0.4601851851851852 0.012760416666666666 0.020370370370370372
0 0.6625 0.5138888888888888 0.011197916666666667 0.02361111111111111
0 0.7455729166666667 0.4787037037037037 0.016666666666666666 0.022685185185185187
0 0.7783854166666667 0.5143518518518518 0.024739583333333332 0.04027777777777778
0 0.7825520833333334 0.4393518518518518 0.01328125 0.021296296296296296
0 0.7940104166666667 0.4388888888888889 0.012239583333333333 0.018518518518518517
0 0.7354166666666667 0.4185185185185185 0.009635416666666667 0.022685185185185187
0 0.7375 0.34953703703703703 0.012239583333333333 0.018518518518518517
0 0.7348958333333333 0.3314814814814815 0.015625 0.023148148148148147
0 0.6567708333333333 0.3763888888888889 0.011197916666666667 0.021296296296296296
0 0.6536458333333334 0.29953703703703705 0.021614583333333333 0.031018518518518518
0 0.5901041666666667 0.28379629629629627 0.03411458333333333 0.03657407407407407
0 0.5794270833333334 0.274537037037037 0.010416666666666666 0.014351851851851852
0 0.5776041666666667 0.31203703703703706 0.008072916666666667 0.018518518518518517
0 0.6744791666666666 0.2273148148148148 0.012239583333333333 0.01990740740740741
0 0.68671875 0.23657407407407408 0.013541666666666667 0.02546296296296296
0 0.7341145833333333 0.1300925925925926 0.0203125 0.026851851851851852
0 0.8041666666666667 0.21296296296296297 0.01796875 0.04351851851851852
0 0.7833333333333333 0.999537037037037 0.04140625 0.0412037037037037
0 0.6263020833333334 0.600925925925926 0.008072916666666667 0.014351851851851852
0 0.77734375 0.5157407407407407 0.0140625 0.01712962962962963
0 0.6020833333333333 0.6148148148148148 0.008072916666666667 0.027314814814814816
0 0.5856770833333333 0.6143518518518518 0.009114583333333334 0.019444444444444445
0 0.69375 0.1287037037037037 0.01171875 0.027777777777777776
0 0.5744791666666667 0.5976851851851852 0.008072916666666667 0.014351851851851852
