0 0.5151041666666667 0.5712962962962963 0.04088541666666667 0.0412037037037037
0 0.5109375 0.5787037037037037 0.0109375 0.016666666666666666
0 0.5138020833333333 0.5763888888888888 0.00546875 0.012962962962962963
0 0.5020833333333333 0.5648148148148148 0.008333333333333333 0.013888888888888888
0 0.5890625 0.6055555555555555 0.024479166666666666 0.05462962962962963
0 0.6278645833333333 0.6180555555555556 0.0234375 0.04953703703703704
0 0.6421875 0.6092592592592593 0.01171875 0.01574074074074074
0 0.6484375 0.5814814814814815 0.0078125 0.017592592592592594
0 0.6484375 0.6277777777777778 0.01328125 0.021296296296296296
0 0.62578125 0.4587962962962963 0.012760416666666666 0.020370370370370372
0 0.6627604166666666 0.5148148148148148 0.010677083333333334 0.022685185185185187
0 0.74609375 0.4777777777777778 0.016666666666666666 0.022685185185185187
0 0.7778645833333333 0.5148148148148148 0.024739583333333332 0.04027777777777778
0 0.7817708333333333 0.4388888888888889 0.01328125 0.021296296296296296
0 0.7942708333333334 0.43842592592592594 0.012239583333333333 0.018518518518518517
0 0.7361979166666667 0.41898148148148145 0.01015625 0.02361111111111111
0 0.7372395833333333 0.34953703703703703 0.012239583333333333 0.018518518518518517
0 0.73515625 0.33240740740740743 0.015625 0.023148148148148147
0 0.65625 0.3768518518518518 0.011197916666666667 0.021296296296296296
0 0.6533854166666667 0.2986111111111111 0.021614583333333333 0.031018518518518518
0 0.5903645833333333 0.28379629629629627 0.03411458333333333 0.03657407407407407
0 0.5799479166666667 0.275 0.010416666666666666 0.014351851851851852
0 0.578125 0.31203703703703706 0.008072916666666667 0.018518518518518517
0 0.675 0.22777777777777777 0.012239583333333333 0.01990740740740741
0 0.684375 0.23981481481481481 0.013541666666666667 0.02546296296296296
0 0.7333333333333333 0.1300925925925926 0.0203125 0.026851851851851852
0 0.8044270833333333 0.2111111111111111 0.01875 0.04583333333333333
0 0.7833333333333333 0.9990740740740741 0.04140625 0.0412037037037037
0 0.6268229166666667 0.6037037037037037 0.008072916666666667 0.014351851851851852
0 0.7768229166666667 0.5157407407407407 0.01484375 0.018055555555555554
0 0.6020833333333333 0.6148148148148148 0.00859375 0.028703703703703703
0 0.58515625 0.6138888888888889 0.009114583333333334 0.019444444444444445
0 0.6934895833333333 0.1287037037037037 0.01171875 0.027777777777777776
0 0.5739583333333333 0.5995370370370371 0.008072916666666667 0.017592592592592594
