0 0.5153645833333333 0.5736111111111111 0.0390625 0.03935185185185185
0 0.51484375 0.5814814814814815 0.0109375 0.016666666666666666
0 0.5143229166666666 0.5768518518518518 0.005989583333333334 0.014351851851851852
0 0.5026041666666666 0.5712962962962963 0.008333333333333333 0.013888888888888888
0 0.5864583333333333 0.6064814814814815 0.023177083333333334 0.05185185185185185
0 0.625 0.6143518518518518 0.0234375 0.04953703703703704
0 0.640625 0.5986111111111111 0.011197916666666667 0.014814814814814815
0 0.646875 0.5819444444444445 0.0078125 0.017592592592592594
0 0.646875 0.6231481481481481 0.01328125 0.021296296296296296
0 0.6244791666666667 0.462037037037037 0.012760416666666666 0.020370370370370372
0 0.66171875 0.513425925925926 0.011197916666666667 0.02361111111111111
0 0.74453125 0.48194444444444445 0.016666666666666666 0.022685185185185187
0 0.7809895833333333 0.5148148148148148 0.024739583333333332 0.04027777777777778
0 0.78359375 0.44074074074074077 0.01328125 0.021296296296296296
0 0.79375 0.4393518518518518 0.012239583333333333 0.018518518518518517
0 0.7341145833333333 0.41574074074074074 0.01015625 0.02361111111111111
0 0.7375 0.350462962962963 0.012760416666666666 0.019444444444444445
0 0.7356770833333334 0.32916666666666666 0.015625 0.023148148148148147
0 0.6565104166666667 0.37546296296296294 0.011197916666666667 0.021296296296296296
0 0.6541666666666667 0.2986111111111111 0.02265625 0.032407407407407406
0 0.5885416666666666 0.2833333333333333 0.03411458333333333 0.03657407407407407
0 0.5778645833333333 0.274537037037037 0.010416666666666666 0.014351851851851852
0 0.57734375 0.31296296296296294 0.00859375 0.019444444444444445
0 0.6734375 0.22685185185185186 0.012239583333333333 0.01990740740740741
0 0.6888020833333334 0.22916666666666666 0.013020833333333334 0.024074074074074074
0 0.7341145833333333 0.13194444444444445 0.0203125 0.026851851851851852
0 0.8036458333333333 0.21388888888888888 0.01796875 0.04351851851851852
0 0.78359375 1.0004629629629629 0.04140625 0.0412037037037037
0 0.62421875 0.5972222222222222 0.008072916666666667 0.014351851851851852
0 0.7786458333333334 0.5143518518518518 0.0140625 0.01712962962962963
0 0.6028645833333334 0.6166666666666667 0.008072916666666667 0.027314814814814816
0 0.5856770833333333 0.6152777777777778 0.009114583333333334 0.019444444444444445
0 0.69296875 0.1287037037037037 0.01171875 0.027777777777777776
0 0.5747395833333333 0.5995370370370371 0.009635416666666667 0.019444444444444445
