0 0.5151041666666667 0.5740740740740741 0.0390625 0.03935185185185185
0 0.51484375 0.5824074074074074 0.0109375 0.016666666666666666
0 0.5143229166666666 0.5800925925925926 0.005989583333333334 0.014351851851851852
0 0.50234375 0.5722222222222222 0.008333333333333333 0.013888888888888888
0 0.5861979166666667 0.6074074074074074 0.023177083333333334 0.05185185185185185
0 0.5807291666666666 0.5939814814814814 0.0078125 0.022222222222222223
0 0.6244791666666667 0.6138888888888889 0.0234375 0.04953703703703704
0 0.63984375 0.5949074074074074 0.011197916666666667 0.014814814814814815
0 0.646875 0.5837962962962963 0.0078125 0.017592592592592594
0 0.6466145833333333 0.6231481481481481 0.01328125 0.021296296296296296
0 0.6252604166666667 0.4625 0.012239583333333333 0.019444444444444445
0 0.6619791666666667 0.512962962962963 0.011197916666666667 0.02361111111111111
0 0.7440104166666667 0.48333333333333334 0.016666666666666666 0.022685185185185187
0 0.7817708333333333 0.5138888888888888 0.024739583333333332 0.04027777777777778
0 0.7841145833333333 0.44212962962962965 0.01328125 0.021296296296296296
0 0.7947916666666667 0.4398148148148148 0.012239583333333333 0.018518518518518517
0 0.734375 0.4152777777777778 0.01015625 0.02361111111111111
0 0.7375 0.350462962962963 0.012760416666666666 0.019444444444444445
0 0.7361979166666667 0.32731481481481484 0.015625 0.023148148148148147
0 0.6575520833333334 0.37407407407407406 0.01171875 0.022222222222222223
0 0.6546875 0.29814814814814816 0.02265625 0.032407407407407406
0 0.5885416666666666 0.2824074074074074 0.03411458333333333 0.03657407407407407
0 0.5778645833333333 0.27361111111111114 0.010416666666666666 0.014351851851851852
0 0.57734375 0.31203703703703706 0.00859375 0.019444444444444445
0 0.6736979166666667 0.22685185185185186 0.012239583333333333 0.01990740740740741
0 0.6893229166666667 0.22453703703703703 0.013020833333333334 0.024074074074074074
0 0.734375 0.13055555555555556 0.019270833333333334 0.02546296296296296
0 0.8041666666666667 0.2152777777777778 0.01796875 0.04351851851851852
0 0.7841145833333333 1.000925925925926 0.04140625 0.0412037037037037
0 0.6231770833333333 0.5962962962962963 0.008072916666666667 0.014351851851851852
0 0.7807291666666667 0.5143518518518518 0.0140625 0.01712962962962963
0 0.603125 0.6185185185185185 0.0078125 0.025925925925925925
0 0.5856770833333333 0.6171296296296296 0.009114583333333334 0.019444444444444445
0 0.69296875 0.12731481481481483 0.01171875 0.027777777777777776
