0 0.5153645833333333 0.5708333333333333 0.04296875 0.043055555555555555
0 0.5145833333333333 0.5726851851851852 0.00546875 0.012962962962962963
0 0.5036458333333333 0.5648148148148148 0.008333333333333333 0.013888888888888888
0 0.58828125 0.6041666666666666 0.023177083333333334 0.05185185185185185
0 0.62890625 0.6226851851851852 0.0234375 0.04953703703703704
0 0.6458333333333334 0.6129629629629629 0.01171875 0.01574074074074074
0 0.6489583333333333 0.5791666666666667 0.007291666666666667 0.016203703703703703
0 0.6505208333333333 0.6291666666666667 0.0140625 0.022222222222222223
0 0.6260416666666667 0.4564814814814815 0.012760416666666666 0.020370370370370372
0 0.6625 0.5148148148148148 0.010677083333333334 0.022685185185185187
0 0.74765625 0.47453703703703703 0.016666666666666666 0.022685185185185187
0 0.77734375 0.5143518518518518 0.024739583333333332 0.04027777777777778
0 0.778125 0.43472222222222223 0.0140625 0.022685185185185187
0 0.79453125 0.4375 0.012239583333333333 0.018518518518518517
0 0.7377604166666667 0.4212962962962963 0.01015625 0.02361111111111111
0 0.7377604166666667 0.34814814814814815 0.012239583333333333 0.018518518518518517
0 0.7325520833333333 0.33425925925925926 0.01484375 0.022222222222222223
0 0.6559895833333333 0.37777777777777777 0.011197916666666667 0.021296296296296296
0 0.6528645833333333 0.29814814814814816 0.02265625 0.032407407407407406
0 0.59140625 0.28425925925925927 0.03411458333333333 0.03657407407407407
0 0.58046875 0.27361111111111114 0.010416666666666666 0.014351851851851852
0 0.5776041666666667 0.3111111111111111 0.008072916666666667 0.018518518518518517
0 0.675 0.22824074074074074 0.012239583333333333 0.01990740740740741
0 0.68125 0.2449074074074074 0.013541666666666667 0.02546296296296296
0 0.73203125 0.12916666666666668 0.0203125 0.026851851851851852
0 0.8044270833333333 0.2101851851851852 0.019791666666666666 0.04814814814814815
0 0.78359375 0.9990740740740741 0.04140625 0.0412037037037037
0 0.6278645833333333 0.6083333333333333 0.008072916666666667 0.014351851851851852
0 0.7763020833333333 0.5157407407407407 0.01484375 0.018055555555555554
0 0.5877604166666667 0.6152777777777778 0.009114583333333334 0.019444444444444445
0 0.6942708333333333 0.12824074074074074 0.01171875 0.027777777777777776
0 0.5747395833333333 0.5953703703703703 0.009635416666666667 0.011574074074074073
