0 0.5065104166666666 0.5810185185185185 0.04296875 0.043055555555555555
0 0.5059895833333333 0.5833333333333334 0.009114583333333334 0.013888888888888888
0 0.49505208333333334 0.5768518518518518 0.012760416666666666 0.018518518518518517
0 0.575 0.6268518518518519 0.023177083333333334 0.05185185185185185
0 0.6221354166666667 0.6606481481481481 0.024739583333333332 0.05185185185185185
0 0.6481770833333333 0.6462962962962963 0.011197916666666667 0.014814814814814815
0 0.6395833333333333 0.5939814814814814 0.0067708333333333336 0.015277777777777777
0 0.64375 0.6583333333333333 0.0140625 0.022222222222222223
0 0.6153645833333333 0.47638888888888886 0.012760416666666666 0.020370370370370372
0 0.6502604166666667 0.5430555555555555 0.011197916666666667 0.02361111111111111
0 0.7395833333333334 0.4935185185185185 0.015104166666666667 0.020370370370370372
0 0.7640625 0.5421296296296296 0.024739583333333332 0.04027777777777778
0 0.7606770833333333 0.4597222222222222 0.02265625 0.024074074074074074
0 0.7830729166666667 0.4587962962962963 0.013020833333333334 0.019444444444444445
0 0.7296875 0.45 0.009635416666666667 0.022685185185185187
0 0.72734375 0.3731481481481482 0.01328125 0.020370370370370372
0 0.7182291666666667 0.36203703703703705 0.01484375 0.022222222222222223
0 0.6434895833333333 0.4060185185185185 0.01171875 0.022222222222222223
0 0.6401041666666667 0.32175925925925924 0.02265625 0.032407407407407406
0 0.58125 0.31203703703703706 0.0359375 0.04398148148148148
0 0.5703125 0.29814814814814816 0.010416666666666666 0.014351851851851852
0 0.56640625 0.33564814814814814 0.009375 0.021296296296296296
0 0.6635416666666667 0.25462962962962965 0.012239583333333333 0.01990740740740741
0 0.6661458333333333 0.27685185185185185 0.013541666666666667 0.02546296296296296
0 0.71953125 0.15462962962962962 0.0203125 0.026851851851851852
0 0.7927083333333333 0.23055555555555557 0.019791666666666666 0.04814814814814815
0 0.6213541666666667 0.6462962962962963 0.008072916666666667 0.014351851851851852
0 0.7622395833333333 0.5416666666666666 0.01484375 0.018055555555555554
0 0.68515625 0.15462962962962962 0.01171875 0.027777777777777776
0 0.4864583333333333 0.6032407407407407 0.009635416666666667 0.026851851851851852
0 0.5625 0.6222222222222222 0.01015625 0.019444444444444445
0 0.5658854166666667 0.6407407407407407 0.009114583333333334 0.01574074074074074
0 0.57890625 0.6481481481481481 0.00859375 0.018518518518518517
0 0.5869791666666667 0.3189814814814815 0.009114583333333334 0.014814814814814815
