0 0.51640625 0.5671296296296297 0.04505208333333333 0.04537037037037037
0 0.5153645833333333 0.5708333333333333 0.005729166666666666 0.013888888888888888
0 0.5028645833333333 0.5597222222222222 0.008333333333333333 0.013888888888888888
0 0.5875 0.6027777777777777 0.023177083333333334 0.05185185185185185
0 0.6296875 0.6236111111111111 0.0234375 0.04953703703703704
0 0.6471354166666666 0.6134259259259259 0.01171875 0.01574074074074074
0 0.65 0.5777777777777777 0.007291666666666667 0.016203703703703703
0 0.6510416666666666 0.6291666666666667 0.0140625 0.022222222222222223
0 0.62578125 0.45555555555555555 0.012760416666666666 0.020370370370370372
0 0.6625 0.5148148148148148 0.010677083333333334 0.022685185185185187
0 0.7484375 0.4726851851851852 0.015885416666666666 0.02175925925925926
0 0.7768229166666667 0.513425925925926 0.024739583333333332 0.04027777777777778
0 0.77734375 0.43472222222222223 0.0140625 0.022685185185185187
0 0.7940104166666667 0.43703703703703706 0.012239583333333333 0.018518518518518517
0 0.7372395833333333 0.4199074074074074 0.01015625 0.02361111111111111
0 0.73828125 0.3476851851851852 0.012239583333333333 0.018518518518518517
0 0.73203125 0.3337962962962963 0.01484375 0.022222222222222223
0 0.6557291666666667 0.37824074074074077 0.011197916666666667 0.021296296296296296
0 0.65234375 0.29768518518518516 0.02265625 0.032407407407407406
0 0.5911458333333334 0.28379629629629627 0.03411458333333333 0.03657407407407407
0 0.58046875 0.27314814814814814 0.010416666666666666 0.014351851851851852
0 0.5778645833333333 0.3106481481481482 0.008072916666666667 0.018518518518518517
0 0.6747395833333333 0.22824074074074074 0.012239583333333333 0.01990740740740741
0 0.6799479166666667 0.2449074074074074 0.013541666666666667 0.02546296296296296
0 0.7317708333333334 0.1287037037037037 0.0203125 0.026851851851851852
0 0.8041666666666667 0.20879629629629629 0.019791666666666666 0.04814814814814815
0 0.78359375 0.9972222222222222 0.04140625 0.0412037037037037
0 0.6286458333333333 0.6092592592592593 0.008072916666666667 0.014351851851851852
0 0.7760416666666666 0.5148148148148148 0.01484375 0.018055555555555554
0 0.6010416666666667 0.6171296296296296 0.009114583333333334 0.03009259259259259
0 0.69453125 0.12685185185185185 0.011197916666666667 0.02638888888888889
0 0.5864583333333333 0.6037037037037037 0.01015625 0.02638888888888889
0 0.5791666666666667 0.6134259259259259 0.00703125 0.011574074074074073
0 0.57265625 0.5949074074074074 0.007552083333333333 0.0125
0 0.596875 0.29398148148148145 0.00703125 0.016666666666666666
