0 0.49895833333333334 0.5907407407407408 0.04296875 0.043055555555555555
0 0.49921875 0.5935185185185186 0.009635416666666667 0.014351851851851852
0 0.49270833333333336 0.5828703703703704 0.013541666666666667 0.019444444444444445
0 0.5669270833333333 0.6370370370370371 0.023177083333333334 0.05185185185185185
0 0.6153645833333333 0.674537037037037 0.024739583333333332 0.05185185185185185
0 0.6424479166666667 0.6569444444444444 0.010677083333333334 0.014351851851851852
0 0.6346354166666667 0.6046296296296296 0.0067708333333333336 0.015277777777777777
0 0.6372395833333333 0.6699074074074074 0.0140625 0.022222222222222223
0 0.6083333333333333 0.48657407407407405 0.013541666666666667 0.021296296296296296
0 0.6434895833333333 0.5518518518518518 0.011197916666666667 0.02361111111111111
0 0.7322916666666667 0.5046296296296297 0.015104166666666667 0.020370370370370372
0 0.7559895833333333 0.5537037037037037 0.024739583333333332 0.04027777777777778
0 0.7510416666666667 0.4685185185185185 0.022916666666666665 0.03194444444444444
0 0.7752604166666667 0.4708333333333333 0.013541666666666667 0.020370370370370372
0 0.7229166666666667 0.4625 0.009635416666666667 0.022685185185185187
0 0.7223958333333333 0.38472222222222224 0.01328125 0.020370370370370372
0 0.71171875 0.3680555555555556 0.01484375 0.022222222222222223
0 0.6388020833333333 0.4185185185185185 0.01171875 0.022222222222222223
0 0.63203125 0.33240740740740743 0.023697916666666666 0.03425925925925926
0 0.5736979166666667 0.3199074074074074 0.0375 0.04027777777777778
0 0.5598958333333334 0.3449074074074074 0.009375 0.021296296296296296
0 0.6578125 0.2652777777777778 0.01171875 0.01898148148148148
0 0.6575520833333334 0.2902777777777778 0.013541666666666667 0.02546296296296296
0 0.7122395833333334 0.16712962962962963 0.0203125 0.026851851851851852
0 0.78515625 0.24166666666666667 0.019791666666666666 0.04814814814814815
0 0.6161458333333333 0.6587962962962963 0.008072916666666667 0.014351851851851852
0 0.7549479166666667 0.5541666666666667 0.015625 0.01898148148148148
0 0.67734375 0.16574074074074074 0.012239583333333333 0.029166666666666667
0 0.47682291666666665 0.6189814814814815 0.009635416666666667 0.026851851851851852
0 0.5546875 0.6347222222222222 0.010677083333333334 0.020370370370370372
0 0.56640625 0.6402777777777777 0.009114583333333334 0.01574074074074074
0 0.57421875 0.6601851851851852 0.008854166666666666 0.019444444444444445
0 0.578125 0.33101851851851855 0.009114583333333334 0.016666666666666666
0 0.5630208333333333 0.3138888888888889 0.01015625 0.020833333333333332
