0 0.5171875 0.5643518518518519 0.04505208333333333 0.04537037037037037
0 0.5171875 0.5657407407407408 0.009114583333333334 0.013888888888888888
0 0.5052083333333334 0.5587962962962963 0.012760416666666666 0.018518518518518517
0 0.5875 0.6050925925925926 0.023177083333333334 0.05185185185185185
0 0.6309895833333333 0.6300925925925925 0.0234375 0.04953703703703704
0 0.6497395833333334 0.6208333333333333 0.01171875 0.01574074074074074
0 0.6505208333333333 0.5773148148148148 0.007291666666666667 0.016203703703703703
0 0.65234375 0.6324074074074074 0.0140625 0.022222222222222223
0 0.6260416666666667 0.4550925925925926 0.012760416666666666 0.020370370370370372
0 0.6614583333333334 0.5166666666666667 0.010677083333333334 0.022685185185185187
0 0.7494791666666667 0.47175925925925927 0.015885416666666666 0.02175925925925926
0 0.7760416666666666 0.5166666666666667 0.024739583333333332 0.04027777777777778
0 0.7731770833333333 0.43472222222222223 0.01484375 0.02361111111111111
0 0.7940104166666667 0.43657407407407406 0.012239583333333333 0.018518518518518517
0 0.7375 0.42407407407407405 0.009114583333333334 0.021296296296296296
0 0.7385416666666667 0.34953703703703703 0.012239583333333333 0.018518518518518517
0 0.7315104166666667 0.33611111111111114 0.01484375 0.022222222222222223
0 0.6559895833333333 0.3800925925925926 0.011197916666666667 0.021296296296296296
0 0.6515625 0.2967592592592593 0.021614583333333333 0.031018518518518518
0 0.5916666666666667 0.2851851851851852 0.0359375 0.038425925925925926
0 0.5809895833333333 0.2740740740740741 0.010416666666666666 0.014351851851851852
0 0.5776041666666667 0.31157407407407406 0.008072916666666667 0.018518518518518517
0 0.6736979166666667 0.23055555555555557 0.012239583333333333 0.01990740740740741
0 0.67890625 0.25046296296296294 0.013541666666666667 0.02546296296296296
0 0.7309895833333333 0.1287037037037037 0.0203125 0.026851851851851852
0 0.8046875 0.20787037037037037 0.019791666666666666 0.04814814814814815
0 0.7833333333333333 0.9972222222222222 0.04140625 0.0412037037037037
0 0.6294270833333333 0.6143518518518518 0.008072916666666667 0.014351851851851852
0 0.775 0.5180555555555556 0.01484375 0.018055555555555554
0 0.5877604166666667 0.6143518518518518 0.009114583333333334 0.019444444444444445
0 0.6950520833333333 0.12962962962962962 0.011197916666666667 0.02638888888888889
0 0.5770833333333333 0.6180555555555556 0.011197916666666667 0.016666666666666666
0 0.5734375 0.5953703703703703 0.009114583333333334 0.015277777777777777
0 0.5973958333333333 0.29398148148148145 0.01015625 0.018518518518518517
