0 0.5151041666666667 0.5662037037037037 0.04296875 0.043055555555555555
0 0.5158854166666667 0.5685185185185185 0.00859375 0.013425925925925926
0 0.5044270833333333 0.5611111111111111 0.012760416666666666 0.018518518518518517
0 0.5854166666666667 0.6087962962962963 0.023177083333333334 0.05185185185185185
0 0.6299479166666667 0.637962962962963 0.0234375 0.04953703703703704
0 0.6497395833333334 0.6268518518518519 0.011197916666666667 0.014814814814814815
0 0.6481770833333333 0.5819444444444445 0.0067708333333333336 0.015277777777777777
0 0.65078125 0.6398148148148148 0.0140625 0.022222222222222223
0 0.6244791666666667 0.45925925925925926 0.012760416666666666 0.020370370370370372
0 0.6598958333333333 0.5236111111111111 0.010677083333333334 0.022685185185185187
0 0.7486979166666666 0.47638888888888886 0.015885416666666666 0.02175925925925926
0 0.7744791666666667 0.5226851851851851 0.0234375 0.038425925925925926
0 0.7690104166666667 0.44074074074074077 0.015625 0.024537037037037038
0 0.7921875 0.44166666666666665 0.012239583333333333 0.018518518518518517
0 0.73671875 0.4310185185185185 0.009635416666666667 0.022685185185185187
0 0.73671875 0.35462962962962963 0.012760416666666666 0.019444444444444445
0 0.7294270833333333 0.3421296296296296 0.015625 0.023148148148148147
0 0.6536458333333334 0.387037037037037 0.011197916666666667 0.021296296296296296
0 0.65078125 0.30277777777777776 0.021614583333333333 0.031018518518518518
0 0.5895833333333333 0.2902777777777778 0.03411458333333333 0.03657407407407407
0 0.5796875 0.2796296296296296 0.010416666666666666 0.014351851851851852
0 0.57578125 0.31712962962962965 0.00859375 0.019444444444444445
0 0.671875 0.23657407407407408 0.012239583333333333 0.01990740740740741
0 0.6765625 0.2550925925925926 0.013541666666666667 0.02546296296296296
0 0.72890625 0.13472222222222222 0.0203125 0.026851851851851852
0 0.80234375 0.21296296296296297 0.019791666666666666 0.04814814814814815
0 0.7825520833333334 1.0027777777777778 0.04140625 0.0412037037037037
0 0.6286458333333333 0.6217592592592592 0.008072916666666667 0.014351851851851852
0 0.7731770833333333 0.524074074074074 0.01484375 0.018055555555555554
0 0.6934895833333333 0.13472222222222222 0.011197916666666667 0.02638888888888889
0 0.5731770833333333 0.6032407407407407 0.00859375 0.01712962962962963
0 0.5747395833333333 0.624537037037037 0.013802083333333333 0.019444444444444445
0 0.5846354166666666 0.6087962962962963 0.00859375 0.020833333333333332
0 0.59453125 0.3023148148148148 0.01171875 0.013425925925925926
