0 0.5169270833333334 0.5643518518518519 0.04505208333333333 0.04537037037037037
0 0.5190104166666667 0.5666666666666667 0.009114583333333334 0.013888888888888888
0 0.5033854166666667 0.5578703703703703 0.012239583333333333 0.017592592592592594
0 0.5875 0.6027777777777777 0.023177083333333334 0.05185185185185185
0 0.6302083333333334 0.625 0.0234375 0.04953703703703704
0 0.6489583333333333 0.6162037037037037 0.01171875 0.01574074074074074
0 0.65078125 0.575925925925926 0.007291666666666667 0.016203703703703703
0 0.6520833333333333 0.6310185185185185 0.0140625 0.022222222222222223
0 0.6263020833333334 0.4532407407407407 0.012760416666666666 0.020370370370370372
0 0.6622395833333333 0.5143518518518518 0.010677083333333334 0.022685185185185187
0 0.74921875 0.47129629629629627 0.015885416666666666 0.02175925925925926
0 0.7768229166666667 0.513425925925926 0.024739583333333332 0.04027777777777778
0 0.7747395833333334 0.4324074074074074 0.0140625 0.022685185185185187
0 0.7947916666666667 0.4356481481481482 0.012239583333333333 0.018518518518518517
0 0.7380208333333333 0.4203703703703704 0.009635416666666667 0.022685185185185187
0 0.73828125 0.3472222222222222 0.012239583333333333 0.018518518518518517
0 0.7322916666666667 0.33425925925925926 0.01484375 0.022222222222222223
0 0.6559895833333333 0.3787037037037037 0.011197916666666667 0.021296296296296296
0 0.65234375 0.2962962962962963 0.02265625 0.032407407407407406
0 0.59140625 0.2824074074074074 0.0359375 0.038425925925925926
0 0.5809895833333333 0.27175925925925926 0.010416666666666666 0.014351851851851852
0 0.5776041666666667 0.3101851851851852 0.008072916666666667 0.018518518518518517
0 0.6747395833333333 0.22824074074074074 0.012239583333333333 0.01990740740740741
0 0.6796875 0.24722222222222223 0.013541666666666667 0.02546296296296296
0 0.73125 0.12685185185185185 0.0203125 0.026851851851851852
0 0.8052083333333333 0.2064814814814815 0.019791666666666666 0.04814814814814815
0 0.78359375 0.9962962962962963 0.04140625 0.0412037037037037
0 0.6294270833333333 0.6111111111111112 0.008072916666666667 0.014351851851851852
0 0.77578125 0.5143518518518518 0.01484375 0.018055555555555554
0 0.5885416666666666 0.6129629629629629 0.009114583333333334 0.019444444444444445
0 0.6953125 0.12685185185185185 0.011197916666666667 0.02638888888888889
0 0.5783854166666667 0.6148148148148148 0.00859375 0.016203703703703703
0 0.5723958333333333 0.5949074074074074 0.008072916666666667 0.014351851851851852
0 0.5953125 0.2935185185185185 0.009114583333333334 0.019444444444444445
