0 0.46953125 0.6203703703703703 0.04296875 0.043055555555555555
0 0.47161458333333334 0.6208333333333333 0.0125 0.02546296296296296
0 0.45729166666666665 0.6162037037037037 0.01484375 0.021296296296296296
0 0.5361979166666667 0.6685185185185185 0.023177083333333334 0.05416666666666667
0 0.58125 0.7129629629629629 0.022135416666666668 0.05740740740740741
0 0.6171875 0.700462962962963 0.010677083333333334 0.014351851851851852
0 0.6057291666666667 0.6351851851851852 0.0140625 0.020833333333333332
0 0.6098958333333333 0.7069444444444445 0.0140625 0.022222222222222223
0 0.5778645833333333 0.5152777777777777 0.013020833333333334 0.020370370370370372
0 0.6083333333333333 0.5930555555555556 0.011197916666666667 0.02361111111111111
0 0.7174479166666666 0.5055555555555555 0.015885416666666666 0.02175925925925926
0 0.7252604166666666 0.5875 0.03046875 0.02638888888888889
0 0.7015625 0.5356481481481481 0.011197916666666667 0.03194444444444444
0 0.7432291666666667 0.5023148148148148 0.01484375 0.022222222222222223
0 0.6890625 0.49907407407407406 0.01015625 0.02361111111111111
0 0.6880208333333333 0.42083333333333334 0.012239583333333333 0.018518518518518517
0 0.6760416666666667 0.4078703703703704 0.01484375 0.022222222222222223
0 0.6046875 0.45185185185185184 0.01171875 0.022222222222222223
0 0.6028645833333334 0.36527777777777776 0.016666666666666666 0.03564814814814815
0 0.54453125 0.3541666666666667 0.0375 0.03981481481481482
0 0.6328125 0.2962962962962963 0.01328125 0.017592592592592594
0 0.6265625 0.32314814814814813 0.01875 0.03287037037037037
0 0.6815104166666667 0.2023148148148148 0.0203125 0.026851851851851852
0 0.7541666666666667 0.27361111111111114 0.021875 0.05277777777777778
0 0.5880208333333333 0.6921296296296297 0.009895833333333333 0.018518518518518517
0 0.7221354166666667 0.586574074074074 0.015625 0.01898148148148148
0 0.64765625 0.1986111111111111 0.01171875 0.027777777777777776
0 0.4515625 0.6435185185185185 0.0125 0.027314814814814816
0 0.5309895833333333 0.3476851851851852 0.009635416666666667 0.017592592592592594
0 0.528125 0.3773148148148148 0.011197916666666667 0.01990740740740741
0 0.5348958333333333 0.6652777777777777 0.00703125 0.015277777777777777
0 0.5348958333333333 0.6819444444444445 0.011197916666666667 0.014351851851851852
0 0.54765625 0.3625 0.00859375 0.01574074074074074
