0 0.42526041666666664 0.6416666666666667 0.03567708333333333 0.038425925925925926
0 0.4309895833333333 0.6453703703703704 0.013020833333333334 0.026851851851851852
0 0.4234375 0.6453703703703704 0.015625 0.022685185185185187
0 0.4921875 0.700925925925926 0.02421875 0.05694444444444444
0 0.5424479166666667 0.7476851851851852 0.022135416666666668 0.05740740740740741
0 0.56328125 0.6550925925925926 0.01328125 0.01990740740740741
0 0.5442708333333334 0.7277777777777777 0.01015625 0.022222222222222223
0 0.534375 0.5430555555555555 0.0125 0.019444444444444445
0 0.5671875 0.6189814814814815 0.011979166666666667 0.025
0 0.671875 0.5328703703703703 0.016666666666666666 0.022685185185185187
0 0.6791666666666667 0.6157407407407407 0.03046875 0.02638888888888889
0 0.6619791666666667 0.5625 0.012239583333333333 0.03518518518518519
0 0.70234375 0.5300925925925926 0.01640625 0.024537037037037038
0 0.6489583333333333 0.5310185185185186 0.01015625 0.02361111111111111
0 0.6458333333333334 0.4486111111111111 0.012239583333333333 0.018518518518518517
0 0.6330729166666667 0.42916666666666664 0.01640625 0.024537037037037038
0 0.5630208333333333 0.4810185185185185 0.01484375 0.025
0 0.55703125 0.38842592592592595 0.01484375 0.027314814814814816
0 0.5020833333333333 0.38287037037037036 0.03463541666666667 0.041666666666666664
0 0.5828125 0.32546296296296295 0.01328125 0.017592592592592594
0 0.57734375 0.36157407407407405 0.01875 0.03287037037037037
0 0.6403645833333333 0.2324074074074074 0.022395833333333334 0.02962962962962963
0 0.7096354166666666 0.2986111111111111 0.022916666666666665 0.04722222222222222
0 0.5721354166666667 0.7379629629629629 0.010416666666666666 0.019444444444444445
0 0.6765625 0.6157407407407407 0.015625 0.01898148148148148
0 0.6067708333333334 0.2212962962962963 0.01640625 0.029166666666666667
0 0.41041666666666665 0.6662037037037037 0.009375 0.03009259259259259
0 0.49114583333333334 0.3731481481481482 0.009114583333333334 0.016666666666666666
0 0.48411458333333335 0.4074074074074074 0.010677083333333334 0.01898148148148148
0 0.4901041666666667 0.6967592592592593 0.010416666666666666 0.017592592592592594
0 0.4984375 0.7175925925925926 0.013020833333333334 0.022222222222222223
0 0.56328125 0.7379629629629629 0.01015625 0.01990740740740741
0 0.42213541666666665 0.6921296296296297 0.01328125 0.028703703703703703
0 0.50546875 0.39166666666666666 0.00859375 0.022685185185185187
