0 0.4817708333333333 0.6092592592592593 0.04296875 0.043055555555555555
0 0.4822916666666667 0.6111111111111112 0.011979166666666667 0.024074074074074074
0 0.46796875 0.6050925925925926 0.0140625 0.020370370370370372
0 0.5481770833333334 0.6569444444444444 0.023177083333333334 0.05416666666666667
0 0.59765625 0.6990740740740741 0.022135416666666668 0.05740740740740741
0 0.6223958333333334 0.6907407407407408 0.010677083333333334 0.014351851851851852
0 0.615625 0.624537037037037 0.0140625 0.020833333333333332
0 0.6205729166666667 0.6939814814814815 0.0140625 0.022222222222222223
0 0.5890625 0.5050925925925925 0.013541666666666667 0.021296296296296296
0 0.6234375 0.5768518518518518 0.011197916666666667 0.02361111111111111
0 0.71484375 0.525 0.015885416666666666 0.02175925925925926
0 0.7356770833333334 0.5768518518518518 0.03046875 0.02638888888888889
0 0.7328125 0.48935185185185187 0.022916666666666665 0.03194444444444444
0 0.7567708333333333 0.49212962962962964 0.01484375 0.022222222222222223
0 0.7041666666666667 0.4861111111111111 0.01015625 0.02361111111111111
0 0.7018229166666666 0.4078703703703704 0.012760416666666666 0.019444444444444445
0 0.69140625 0.39490740740740743 0.01484375 0.022222222222222223
0 0.6182291666666667 0.4388888888888889 0.01171875 0.022222222222222223
0 0.61484375 0.3537037037037037 0.023697916666666666 0.03425925925925926
0 0.5565104166666667 0.3421296296296296 0.0375 0.04027777777777778
0 0.5424479166666667 0.36574074074074076 0.009375 0.021296296296296296
0 0.6375 0.2847222222222222 0.0140625 0.018518518518518517
0 0.6377604166666667 0.31157407407407406 0.01875 0.03287037037037037
0 0.7010416666666667 0.18796296296296297 0.0203125 0.026851851851851852
0 0.7666666666666667 0.2625 0.020833333333333332 0.050462962962962966
0 0.596875 0.6796296296296296 0.008072916666666667 0.014351851851851852
0 0.7354166666666667 0.575 0.015625 0.01898148148148148
0 0.66015625 0.18935185185185185 0.012239583333333333 0.029166666666666667
0 0.46380208333333334 0.6342592592592593 0.0125 0.027314814814814816
0 0.5557291666666667 0.6763888888888889 0.008854166666666666 0.019444444444444445
0 0.5591145833333333 0.3523148148148148 0.009635416666666667 0.017592592592592594
0 0.546875 0.6574074074074074 0.005989583333333334 0.027314814814814816
0 0.5463541666666667 0.3333333333333333 0.01015625 0.01712962962962963
