0 0.38697916666666665 0.6550925925925926 0.03567708333333333 0.038425925925925926
0 0.38984375 0.6560185185185186 0.013020833333333334 0.026851851851851852
0 0.3763020833333333 0.6574074074074074 0.01484375 0.02175925925925926
0 0.4552083333333333 0.7134259259259259 0.025520833333333333 0.059722222222222225
0 0.50703125 0.7620370370370371 0.02421875 0.06296296296296296
0 0.5265625 0.6708333333333333 0.01328125 0.01990740740740741
0 0.5065104166666666 0.7458333333333333 0.009635416666666667 0.021296296296296296
0 0.49583333333333335 0.5564814814814815 0.013020833333333334 0.020370370370370372
0 0.5276041666666667 0.6324074074074074 0.011979166666666667 0.025
0 0.6322916666666667 0.5430555555555555 0.018229166666666668 0.025
0 0.63828125 0.6305555555555555 0.03046875 0.02638888888888889
0 0.6200520833333333 0.5717592592592593 0.012239583333333333 0.022685185185185187
0 0.6559895833333333 0.5425925925925926 0.01640625 0.024537037037037038
0 0.6091145833333333 0.5472222222222223 0.009635416666666667 0.022685185185185187
0 0.6091145833333333 0.46111111111111114 0.012239583333333333 0.018518518518518517
0 0.5927083333333333 0.4398148148148148 0.015625 0.023148148148148147
0 0.5236979166666667 0.4962962962962963 0.0140625 0.02361111111111111
0 0.51875 0.4060185185185185 0.0140625 0.025925925925925925
0 0.46458333333333335 0.39814814814814814 0.03463541666666667 0.041666666666666664
0 0.5466145833333333 0.3398148148148148 0.01328125 0.017592592592592594
0 0.5354166666666667 0.3773148148148148 0.016927083333333332 0.02962962962962963
0 0.5953125 0.2513888888888889 0.013802083333333333 0.022685185185185187
0 0.6705729166666666 0.30925925925925923 0.022916666666666665 0.04722222222222222
0 0.5322916666666667 0.7578703703703704 0.010416666666666666 0.019444444444444445
0 0.6359375 0.6310185185185185 0.01640625 0.01990740740740741
0 0.5666666666666667 0.24768518518518517 0.01640625 0.029166666666666667
0 0.37578125 0.6777777777777778 0.011458333333333333 0.022222222222222223
0 0.4515625 0.3888888888888889 0.009114583333333334 0.016666666666666666
0 0.4466145833333333 0.4263888888888889 0.010677083333333334 0.01898148148148148
0 0.44869791666666664 0.7138888888888889 0.010416666666666666 0.017592592592592594
0 0.46041666666666664 0.7328703703703704 0.013541666666666667 0.023148148148148147
0 0.5247395833333334 0.7564814814814815 0.009635416666666667 0.01898148148148148
0 0.3885416666666667 0.7083333333333334 0.017708333333333333 0.03148148148148148
0 0.46510416666666665 0.4083333333333333 0.01171875 0.017592592592592594
