0 0.36953125 0.6601851851851852 0.03619791666666667 0.03796296296296296
0 0.37604166666666666 0.6611111111111111 0.013020833333333334 0.026851851851851852
0 0.3609375 0.6606481481481481 0.01484375 0.02175925925925926
0 0.43984375 0.7189814814814814 0.025520833333333333 0.059722222222222225
0 0.4908854166666667 0.7694444444444445 0.021354166666666667 0.06296296296296296
0 0.5135416666666667 0.674537037037037 0.01328125 0.01990740740740741
0 0.49140625 0.7546296296296297 0.009635416666666667 0.021296296296296296
0 0.490625 0.5569444444444445 0.013020833333333334 0.020370370370370372
0 0.5114583333333333 0.6398148148148148 0.011458333333333333 0.02361111111111111
0 0.6161458333333333 0.5476851851851852 0.019270833333333334 0.02638888888888889
0 0.62265625 0.6365740740740741 0.02890625 0.025
0 0.6065104166666667 0.575925925925926 0.012760416666666666 0.02361111111111111
0 0.64296875 0.5481481481481482 0.011197916666666667 0.025925925925925925
0 0.5955729166666667 0.5523148148148148 0.009635416666666667 0.022685185185185187
0 0.5921875 0.4699074074074074 0.01171875 0.017592592592592594
0 0.5786458333333333 0.44351851851851853 0.01640625 0.024074074074074074
0 0.5065104166666666 0.4976851851851852 0.0140625 0.02361111111111111
0 0.5041666666666667 0.4125 0.0140625 0.025925925925925925
0 0.44869791666666664 0.40370370370370373 0.03463541666666667 0.041666666666666664
0 0.5302083333333333 0.3458333333333333 0.012760416666666666 0.024074074074074074
0 0.5169270833333334 0.38333333333333336 0.015364583333333333 0.032407407407407406
0 0.584375 0.25925925925925924 0.014583333333333334 0.02361111111111111
0 0.6541666666666667 0.31666666666666665 0.017447916666666667 0.0412037037037037
0 0.5174479166666667 0.7597222222222222 0.010416666666666666 0.019444444444444445
0 0.6153645833333333 0.6375 0.015625 0.01898148148148148
0 0.5526041666666667 0.2537037037037037 0.0171875 0.030555555555555555
0 0.35859375 0.6787037037037037 0.011458333333333333 0.022222222222222223
0 0.43802083333333336 0.3925925925925926 0.009114583333333334 0.016666666666666666
0 0.4317708333333333 0.43287037037037035 0.010677083333333334 0.01898148148148148
0 0.43333333333333335 0.7226851851851852 0.010416666666666666 0.017592592592592594
0 0.44088541666666664 0.7351851851851852 0.013541666666666667 0.023148148148148147
0 0.509375 0.7638888888888888 0.009635416666666667 0.01898148148148148
0 0.37005208333333334 0.7106481481481481 0.017708333333333333 0.03148148148148148
0 0.4484375 0.412962962962963 0.01171875 0.017592592592592594
