0 0.45416666666666666 0.6263888888888889 0.03958333333333333 0.03657407407407407
0 0.46015625 0.6300925925925925 0.0125 0.02546296296296296
0 0.4513020833333333 0.6296296296296297 0.015625 0.022685185185185187
0 0.52265625 0.6791666666666667 0.023177083333333334 0.05416666666666667
0 0.5703125 0.725925925925926 0.022135416666666668 0.05740740740740741
0 0.5908854166666667 0.6458333333333334 0.0140625 0.020833333333333332
0 0.5981770833333333 0.7157407407407408 0.01015625 0.022222222222222223
0 0.5635416666666667 0.5273148148148148 0.013020833333333334 0.020370370370370372
0 0.5973958333333333 0.6032407407407407 0.011197916666666667 0.02361111111111111
0 0.7036458333333333 0.5148148148148148 0.015885416666666666 0.02175925925925926
0 0.7106770833333333 0.5986111111111111 0.03046875 0.02638888888888889
0 0.6893229166666667 0.5398148148148149 0.01171875 0.03333333333333333
0 0.73046875 0.5143518518518518 0.015625 0.023148148148148147
0 0.6776041666666667 0.5162037037037037 0.01015625 0.02361111111111111
0 0.67578125 0.43148148148148147 0.012239583333333333 0.018518518518518517
0 0.66328125 0.4166666666666667 0.015625 0.023148148148148147
0 0.590625 0.4634259259259259 0.01171875 0.022222222222222223
0 0.58828125 0.3726851851851852 0.016666666666666666 0.03564814814814815
0 0.52890625 0.36527777777777776 0.03307291666666667 0.03981481481481482
0 0.515625 0.3902777777777778 0.009375 0.021296296296296296
0 0.6135416666666667 0.3087962962962963 0.01328125 0.017592592592592594
0 0.6096354166666667 0.3388888888888889 0.01875 0.03287037037037037
0 0.6697916666666667 0.21481481481481482 0.0203125 0.026851851851851852
0 0.73984375 0.28425925925925927 0.021875 0.05277777777777778
0 0.5916666666666667 0.7175925925925926 0.009895833333333333 0.018518518518518517
0 0.7072916666666667 0.5976851851851852 0.015625 0.01898148148148148
0 0.6354166666666666 0.21203703703703702 0.01171875 0.027777777777777776
0 0.4375 0.6541666666666667 0.01484375 0.034722222222222224
0 0.5216145833333333 0.3541666666666667 0.009635416666666667 0.017592592592592594
0 0.52109375 0.6782407407407407 0.00859375 0.014351851851851852
0 0.5265625 0.6930555555555555 0.010677083333333334 0.013888888888888888
0 0.5734375 0.7083333333333334 0.005989583333333334 0.015277777777777777
0 0.534375 0.3736111111111111 0.012239583333333333 0.017592592592592594
