0 0.35234375 0.6671296296296296 0.03619791666666667 0.03796296296296296
0 0.35078125 0.6726851851851852 0.0125 0.02546296296296296
0 0.340625 0.6648148148148149 0.01484375 0.02175925925925926
0 0.41848958333333336 0.7282407407407407 0.026822916666666665 0.06296296296296296
0 0.4703125 0.7800925925925926 0.022395833333333334 0.06620370370370371
0 0.4908854166666667 0.6819444444444445 0.014583333333333334 0.02175925925925926
0 0.47317708333333336 0.7648148148148148 0.01015625 0.022222222222222223
0 0.4609375 0.5685185185185185 0.0125 0.019444444444444445
0 0.4890625 0.6439814814814815 0.0109375 0.022685185185185187
0 0.5921875 0.5574074074074075 0.0140625 0.02638888888888889
0 0.5940104166666667 0.6453703703703704 0.027604166666666666 0.024074074074074074
0 0.5841145833333333 0.5851851851851851 0.012239583333333333 0.022685185185185187
0 0.6213541666666667 0.5560185185185185 0.01171875 0.027314814814814816
0 0.5744791666666667 0.5625 0.01015625 0.02361111111111111
0 0.57109375 0.47962962962962963 0.013541666666666667 0.020833333333333332
0 0.5557291666666667 0.44907407407407407 0.01640625 0.024074074074074074
0 0.48098958333333336 0.5148148148148148 0.0140625 0.02361111111111111
0 0.48098958333333336 0.4185185185185185 0.015625 0.028703703703703703
0 0.4231770833333333 0.4101851851851852 0.029166666666666667 0.04953703703703704
0 0.5098958333333333 0.35462962962962963 0.0140625 0.02638888888888889
0 0.49375 0.39444444444444443 0.016145833333333335 0.03425925925925926
0 0.559375 0.26851851851851855 0.014583333333333334 0.02361111111111111
0 0.6341145833333334 0.3236111111111111 0.017447916666666667 0.0412037037037037
0 0.49635416666666665 0.7712962962962963 0.0109375 0.020370370370370372
0 0.5940104166666667 0.6467592592592593 0.0171875 0.020833333333333332
0 0.53125 0.2611111111111111 0.0171875 0.030555555555555555
0 0.43072916666666666 0.4199074074074074 0.009635416666666667 0.017592592592592594
0 0.4088541666666667 0.44027777777777777 0.010677083333333334 0.01898148148148148
0 0.41484375 0.725925925925926 0.011458333333333333 0.019444444444444445
0 0.4192708333333333 0.7425925925925926 0.013541666666666667 0.023148148148148147
0 0.48880208333333336 0.7736111111111111 0.01015625 0.01990740740740741
0 0.34791666666666665 0.7134259259259259 0.019270833333333334 0.027777777777777776
0 0.42604166666666665 0.42083333333333334 0.012239583333333333 0.018518518518518517
0 0.40208333333333335 0.7189814814814814 0.010677083333333334 0.020370370370370372
