0 0.40338541666666666 0.6486111111111111 0.03567708333333333 0.038425925925925926
0 0.40651041666666665 0.6550925925925926 0.013020833333333334 0.026851851851851852
0 0.39609375 0.6504629629629629 0.015625 0.022685185185185187
0 0.47421875 0.7078703703703704 0.025520833333333333 0.059722222222222225
0 0.5236979166666667 0.7523148148148148 0.023177083333333334 0.06018518518518518
0 0.5453125 0.6648148148148149 0.01328125 0.01990740740740741
0 0.5263020833333333 0.7375 0.01015625 0.022222222222222223
0 0.515625 0.5504629629629629 0.013020833333333334 0.020370370370370372
0 0.5450520833333333 0.6259259259259259 0.011979166666666667 0.025
0 0.6515625 0.5393518518518519 0.017447916666666667 0.02361111111111111
0 0.659375 0.6236111111111111 0.03046875 0.02638888888888889
0 0.6408854166666667 0.5662037037037037 0.012239583333333333 0.022685185185185187
0 0.6799479166666667 0.5412037037037037 0.01640625 0.024537037037037038
0 0.6315104166666666 0.5416666666666666 0.009635416666666667 0.022685185185185187
0 0.625 0.45694444444444443 0.012239583333333333 0.018518518518518517
0 0.6143229166666667 0.43703703703703706 0.015625 0.023148148148148147
0 0.5427083333333333 0.48842592592592593 0.01484375 0.025
0 0.5369791666666667 0.4013888888888889 0.01484375 0.027314814814814816
0 0.48333333333333334 0.3912037037037037 0.03463541666666667 0.041666666666666664
0 0.5822916666666667 0.3236111111111111 0.01328125 0.017592592592592594
0 0.5645833333333333 0.3587962962962963 0.01796875 0.03148148148148148
0 0.6192708333333333 0.24166666666666667 0.013802083333333333 0.022685185185185187
0 0.6911458333333333 0.3050925925925926 0.023958333333333335 0.04953703703703704
0 0.5533854166666666 0.7472222222222222 0.010416666666666666 0.019444444444444445
0 0.65703125 0.6240740740740741 0.01640625 0.01990740740740741
0 0.5872395833333334 0.23657407407407408 0.015625 0.027777777777777776
0 0.3919270833333333 0.6731481481481482 0.009375 0.03009259259259259
0 0.47421875 0.3787037037037037 0.009635416666666667 0.017592592592592594
0 0.46484375 0.41805555555555557 0.010677083333333334 0.01898148148148148
0 0.47317708333333336 0.7050925925925926 0.010416666666666666 0.017592592592592594
0 0.4796875 0.7282407407407407 0.013541666666666667 0.023148148148148147
0 0.5447916666666667 0.7476851851851852 0.01015625 0.01990740740740741
0 0.40651041666666665 0.6995370370370371 0.012760416666666666 0.027314814814814816
0 0.4859375 0.39861111111111114 0.01171875 0.017592592592592594
