0 0.33203125 0.6731481481481482 0.034375 0.03611111111111111
0 0.33307291666666666 0.6768518518518518 0.013020833333333334 0.026851851851851852
0 0.3223958333333333 0.6694444444444444 0.01640625 0.024074074074074074
0 0.39739583333333334 0.7333333333333333 0.026822916666666665 0.06296296296296296
0 0.44973958333333336 0.7921296296296296 0.022395833333333334 0.05648148148148148
0 0.47213541666666664 0.687037037037037 0.015364583333333333 0.023148148148148147
0 0.45598958333333334 0.774537037037037 0.01015625 0.022222222222222223
0 0.440625 0.5731481481481482 0.013802083333333333 0.021296296296296296
0 0.4700520833333333 0.6476851851851851 0.011458333333333333 0.02361111111111111
0 0.5703125 0.5638888888888889 0.014583333333333334 0.027777777777777776
0 0.5716145833333334 0.6513888888888889 0.02890625 0.02546296296296296
0 0.5645833333333333 0.5879629629629629 0.012239583333333333 0.022685185185185187
0 0.5994791666666667 0.5615740740740741 0.01171875 0.027314814814814816
0 0.5572916666666666 0.5689814814814815 0.01015625 0.02361111111111111
0 0.54921875 0.4875 0.014322916666666666 0.02175925925925926
0 0.5315104166666667 0.44675925925925924 0.01640625 0.024074074074074074
0 0.46041666666666664 0.5222222222222223 0.0140625 0.02361111111111111
0 0.4640625 0.41944444444444445 0.01640625 0.03009259259259259
0 0.40572916666666664 0.41805555555555557 0.030729166666666665 0.05185185185185185
0 0.49140625 0.3648148148148148 0.0140625 0.02638888888888889
0 0.47552083333333334 0.39675925925925926 0.016145833333333335 0.03425925925925926
0 0.53828125 0.2791666666666667 0.014583333333333334 0.02361111111111111
0 0.61328125 0.3287037037037037 0.017447916666666667 0.0412037037037037
0 0.4708333333333333 0.7847222222222222 0.0109375 0.020370370370370372
0 0.5682291666666667 0.6532407407407408 0.01796875 0.02175925925925926
0 0.5091145833333334 0.2657407407407407 0.0171875 0.030555555555555555
0 0.40703125 0.42685185185185187 0.01015625 0.018518518518518517
0 0.38984375 0.4449074074074074 0.011197916666666667 0.01990740740740741
0 0.39401041666666664 0.7393518518518518 0.01171875 0.020370370370370372
0 0.39869791666666665 0.7481481481481481 0.013541666666666667 0.023148148148148147
0 0.47994791666666664 0.7768518518518519 0.01015625 0.01990740740740741
0 0.32890625 0.7185185185185186 0.020052083333333335 0.029166666666666667
0 0.3963541666666667 0.4027777777777778 0.013020833333333334 0.019444444444444445
0 0.38255208333333335 0.7236111111111111 0.010677083333333334 0.020370370370370372
