0 0.34010416666666665 0.6722222222222223 0.03619791666666667 0.03796296296296296
0 0.34401041666666665 0.6763888888888889 0.013020833333333334 0.026851851851851852
0 0.3338541666666667 0.6685185185185185 0.015625 0.022685185185185187
0 0.40963541666666664 0.7314814814814815 0.026822916666666665 0.06296296296296296
0 0.4609375 0.787962962962963 0.022395833333333334 0.05648148148148148
0 0.4822916666666667 0.687037037037037 0.015364583333333333 0.023148148148148147
0 0.4640625 0.7708333333333334 0.01015625 0.022222222222222223
0 0.45260416666666664 0.5717592592592593 0.0125 0.019444444444444445
0 0.4817708333333333 0.649074074074074 0.011458333333333333 0.02361111111111111
0 0.5822916666666667 0.5601851851851852 0.0140625 0.02638888888888889
0 0.5877604166666667 0.649537037037037 0.027604166666666666 0.024074074074074074
0 0.57734375 0.5884259259259259 0.012239583333333333 0.022685185185185187
0 0.6127604166666667 0.5587962962962963 0.01171875 0.027314814814814816
0 0.5661458333333333 0.5671296296296297 0.01015625 0.02361111111111111
0 0.5622395833333333 0.4842592592592593 0.013541666666666667 0.020833333333333332
0 0.54453125 0.45 0.01640625 0.024074074074074074
0 0.47369791666666666 0.5199074074074074 0.0140625 0.02361111111111111
0 0.4752604166666667 0.42268518518518516 0.015625 0.028703703703703703
0 0.4171875 0.4162037037037037 0.029166666666666667 0.04953703703703704
0 0.50234375 0.36064814814814816 0.0140625 0.02638888888888889
0 0.4895833333333333 0.39305555555555555 0.016145833333333335 0.03425925925925926
0 0.5513020833333333 0.2740740740740741 0.014583333333333334 0.02361111111111111
0 0.625 0.32685185185185184 0.017447916666666667 0.0412037037037037
0 0.48072916666666665 0.7800925925925926 0.0109375 0.020370370370370372
0 0.5822916666666667 0.6518518518518519 0.0171875 0.020833333333333332
0 0.5213541666666667 0.2652777777777778 0.0171875 0.030555555555555555
0 0.41953125 0.425 0.009635416666666667 0.017592592592592594
0 0.40182291666666664 0.44351851851851853 0.011197916666666667 0.01990740740740741
0 0.40520833333333334 0.7356481481481482 0.011197916666666667 0.019444444444444445
0 0.41119791666666666 0.7462962962962963 0.013541666666666667 0.023148148148148147
0 0.48802083333333335 0.7777777777777778 0.01015625 0.01990740740740741
0 0.34140625 0.7162037037037037 0.020052083333333335 0.029166666666666667
0 0.4078125 0.4013888888888889 0.013020833333333334 0.019444444444444445
0 0.39479166666666665 0.7236111111111111 0.010677083333333334 0.020370370370370372
