0 0.32447916666666665 0.6712962962962963 0.034375 0.03611111111111111
0 0.3255208333333333 0.675 0.013020833333333334 0.026851851851851852
0 0.315625 0.6657407407407407 0.015625 0.022685185185185187
0 0.39010416666666664 0.7319444444444444 0.026822916666666665 0.06296296296296296
0 0.44453125 0.7921296296296296 0.022395833333333334 0.05648148148148148
0 0.4671875 0.6824074074074075 0.015364583333333333 0.023148148148148147
0 0.44947916666666665 0.7768518518518519 0.010677083333333334 0.023148148148148147
0 0.43333333333333335 0.5703703703703704 0.013802083333333333 0.021296296296296296
0 0.4630208333333333 0.6481481481481481 0.011979166666666667 0.025
0 0.5609375 0.5611111111111111 0.015364583333333333 0.029166666666666667
0 0.56015625 0.6518518518518519 0.02890625 0.02546296296296296
0 0.5557291666666667 0.5847222222222223 0.012760416666666666 0.02361111111111111
0 0.5903645833333333 0.5615740740740741 0.01171875 0.027314814814814816
0 0.55078125 0.5703703703703704 0.01015625 0.02361111111111111
0 0.5393229166666667 0.4912037037037037 0.014322916666666666 0.02175925925925926
0 0.5221354166666666 0.44212962962962965 0.01640625 0.024074074074074074
0 0.45260416666666664 0.5226851851851851 0.0140625 0.02361111111111111
0 0.45598958333333334 0.4166666666666667 0.01796875 0.03333333333333333
0 0.39765625 0.41759259259259257 0.030729166666666665 0.05185185185185185
0 0.48489583333333336 0.3662037037037037 0.01484375 0.027777777777777776
0 0.4625 0.40324074074074073 0.016927083333333332 0.03611111111111111
0 0.53046875 0.2833333333333333 0.014583333333333334 0.02361111111111111
0 0.6052083333333333 0.32592592592592595 0.017447916666666667 0.0412037037037037
0 0.46510416666666665 0.7893518518518519 0.0109375 0.020370370370370372
0 0.5614583333333333 0.6537037037037037 0.01796875 0.02175925925925926
0 0.5002604166666667 0.26435185185185184 0.0171875 0.030555555555555555
0 0.39869791666666665 0.42685185185185187 0.01015625 0.018518518518518517
0 0.3828125 0.44722222222222224 0.011197916666666667 0.01990740740740741
0 0.38776041666666666 0.7351851851851852 0.01171875 0.020370370370370372
0 0.390625 0.7467592592592592 0.013541666666666667 0.023148148148148147
0 0.47552083333333334 0.7768518518518519 0.011197916666666667 0.02175925925925926
0 0.3260416666666667 0.7125 0.020052083333333335 0.029166666666666667
0 0.3888020833333333 0.4023148148148148 0.013020833333333334 0.019444444444444445
0 0.375 0.7212962962962963 0.010677083333333334 0.020370370370370372
