0 0.3260416666666667 0.6722222222222223 0.034375 0.03611111111111111
0 0.3268229166666667 0.6759259259259259 0.013020833333333334 0.026851851851851852
0 0.31640625 0.6671296296296296 0.015625 0.022685185185185187
0 0.390625 0.7324074074074074 0.026822916666666665 0.06296296296296296
0 0.44296875 0.7912037037037037 0.022395833333333334 0.05648148148148148
0 0.4674479166666667 0.6842592592592592 0.015364583333333333 0.023148148148148147
0 0.4510416666666667 0.7754629629629629 0.010677083333333334 0.023148148148148147
0 0.4348958333333333 0.5703703703703704 0.014583333333333334 0.022685185185185187
0 0.46380208333333334 0.649537037037037 0.011979166666666667 0.025
0 0.5627604166666667 0.562962962962963 0.014583333333333334 0.027777777777777776
0 0.5627604166666667 0.6518518518518519 0.02890625 0.02546296296296296
0 0.5578125 0.5851851851851851 0.012760416666666666 0.02361111111111111
0 0.5924479166666666 0.5611111111111111 0.01171875 0.027314814814814816
0 0.55078125 0.5703703703703704 0.01015625 0.02361111111111111
0 0.5427083333333333 0.4898148148148148 0.014322916666666666 0.02175925925925926
0 0.5239583333333333 0.44351851851851853 0.01640625 0.024074074074074074
0 0.45416666666666666 0.5222222222222223 0.0140625 0.02361111111111111
0 0.45807291666666666 0.41712962962962963 0.01796875 0.03333333333333333
0 0.3984375 0.4162037037037037 0.030729166666666665 0.05185185185185185
0 0.4859375 0.3662037037037037 0.01484375 0.027777777777777776
0 0.465625 0.40185185185185185 0.016927083333333332 0.03611111111111111
0 0.5315104166666667 0.2814814814814815 0.014583333333333334 0.02361111111111111
0 0.6065104166666667 0.32592592592592595 0.017447916666666667 0.0412037037037037
0 0.46588541666666666 0.788425925925926 0.0109375 0.020370370370370372
0 0.5606770833333333 0.6532407407407408 0.01796875 0.02175925925925926
0 0.5018229166666667 0.26342592592592595 0.0171875 0.030555555555555555
0 0.4002604166666667 0.4263888888888889 0.01015625 0.018518518518518517
0 0.3841145833333333 0.44583333333333336 0.011197916666666667 0.01990740740740741
0 0.3888020833333333 0.7310185185185185 0.01171875 0.020370370370370372
0 0.3927083333333333 0.7490740740740741 0.013541666666666667 0.023148148148148147
0 0.47578125 0.7759259259259259 0.011197916666666667 0.02175925925925926
0 0.3260416666666667 0.7148148148148148 0.020052083333333335 0.029166666666666667
0 0.38984375 0.40185185185185185 0.013020833333333334 0.019444444444444445
0 0.37604166666666666 0.7217592592592592 0.010677083333333334 0.020370370370370372
