0 0.3359375 0.674074074074074 0.03619791666666667 0.03796296296296296
0 0.3380208333333333 0.6773148148148148 0.013020833333333334 0.026851851851851852
0 0.32708333333333334 0.6694444444444444 0.015625 0.022685185185185187
0 0.40234375 0.7347222222222223 0.026822916666666665 0.06296296296296296
0 0.4578125 0.7912037037037037 0.022395833333333334 0.05648148148148148
0 0.47630208333333335 0.6888888888888889 0.015364583333333333 0.023148148148148147
0 0.46067708333333335 0.774074074074074 0.01015625 0.022222222222222223
0 0.4453125 0.5736111111111111 0.013020833333333334 0.020370370370370372
0 0.4752604166666667 0.6486111111111111 0.011458333333333333 0.02361111111111111
0 0.57578125 0.5625 0.0140625 0.02638888888888889
0 0.5794270833333334 0.6518518518518519 0.027604166666666666 0.024074074074074074
0 0.5703125 0.5898148148148148 0.01171875 0.02175925925925926
0 0.6049479166666667 0.5615740740740741 0.01171875 0.027314814814814816
0 0.5609375 0.5694444444444444 0.009635416666666667 0.022685185185185187
0 0.5552083333333333 0.4875 0.014322916666666666 0.02175925925925926
0 0.5364583333333334 0.449537037037037 0.01640625 0.024074074074074074
0 0.46588541666666666 0.5231481481481481 0.0140625 0.02361111111111111
0 0.46901041666666665 0.42314814814814816 0.015625 0.028703703703703703
0 0.41041666666666665 0.41759259259259257 0.029166666666666667 0.04953703703703704
0 0.49583333333333335 0.36342592592592593 0.0140625 0.02638888888888889
0 0.48151041666666666 0.39537037037037037 0.016145833333333335 0.03425925925925926
0 0.5434895833333333 0.2773148148148148 0.014583333333333334 0.02361111111111111
0 0.6177083333333333 0.3287037037037037 0.017447916666666667 0.0412037037037037
0 0.4747395833333333 0.7847222222222222 0.0109375 0.020370370370370372
0 0.5721354166666667 0.6523148148148148 0.01796875 0.02175925925925926
0 0.51484375 0.2662037037037037 0.0171875 0.030555555555555555
0 0.41171875 0.42685185185185187 0.01015625 0.018518518518518517
0 0.39453125 0.44583333333333336 0.011197916666666667 0.01990740740740741
0 0.3984375 0.7402777777777778 0.011197916666666667 0.019444444444444445
0 0.40338541666666666 0.7481481481481481 0.013541666666666667 0.023148148148148147
0 0.48411458333333335 0.7773148148148148 0.009635416666666667 0.01898148148148148
0 0.3338541666666667 0.7180555555555556 0.020052083333333335 0.029166666666666667
0 0.40078125 0.4027777777777778 0.013020833333333334 0.019444444444444445
0 0.3880208333333333 0.7245370370370371 0.010677083333333334 0.020370370370370372
