0 0.32916666666666666 0.6722222222222223 0.034375 0.03611111111111111
0 0.3296875 0.6759259259259259 0.013020833333333334 0.026851851851851852
0 0.3190104166666667 0.6680555555555555 0.015625 0.022685185185185187
0 0.39348958333333334 0.7324074074074074 0.026822916666666665 0.06296296296296296
0 0.44973958333333336 0.7912037037037037 0.022395833333333334 0.05648148148148148
0 0.46953125 0.6861111111111111 0.015364583333333333 0.023148148148148147
0 0.45260416666666664 0.7754629629629629 0.01015625 0.022222222222222223
0 0.4375 0.5722222222222222 0.014583333333333334 0.022685185185185187
0 0.46640625 0.649537037037037 0.011979166666666667 0.025
0 0.5661458333333333 0.5648148148148148 0.014583333333333334 0.027777777777777776
0 0.5669270833333333 0.6513888888888889 0.02890625 0.02546296296296296
0 0.5614583333333333 0.5875 0.012760416666666666 0.02361111111111111
0 0.5953125 0.5611111111111111 0.01171875 0.027314814814814816
0 0.553125 0.5694444444444444 0.01015625 0.02361111111111111
0 0.5463541666666667 0.487962962962963 0.014322916666666666 0.02175925925925926
0 0.5268229166666667 0.44537037037037036 0.01640625 0.024074074074074074
0 0.45703125 0.5222222222222223 0.0140625 0.02361111111111111
0 0.46041666666666664 0.41944444444444445 0.0171875 0.03148148148148148
0 0.40208333333333335 0.41712962962962963 0.030729166666666665 0.05185185185185185
0 0.48880208333333336 0.3662037037037037 0.0140625 0.02638888888888889
0 0.46979166666666666 0.399537037037037 0.016145833333333335 0.03425925925925926
0 0.5346354166666667 0.2796296296296296 0.014583333333333334 0.02361111111111111
0 0.6096354166666667 0.32685185185185184 0.017447916666666667 0.0412037037037037
0 0.4674479166666667 0.7851851851851852 0.0109375 0.020370370370370372
0 0.5658854166666667 0.6532407407407408 0.01796875 0.02175925925925926
0 0.5052083333333334 0.26342592592592595 0.0171875 0.030555555555555555
0 0.403125 0.42685185185185187 0.01015625 0.018518518518518517
0 0.38645833333333335 0.4439814814814815 0.011197916666666667 0.01990740740740741
0 0.39088541666666665 0.7388888888888889 0.01171875 0.020370370370370372
0 0.39479166666666665 0.7472222222222222 0.013541666666666667 0.023148148148148147
0 0.47734375 0.7754629629629629 0.010677083333333334 0.020833333333333332
0 0.3265625 0.7171296296296297 0.020052083333333335 0.029166666666666667
0 0.3924479166666667 0.4027777777777778 0.013020833333333334 0.019444444444444445
0 0.37916666666666665 0.7222222222222222 0.010677083333333334 0.020370370370370372
