0 0.6442708333333333 0.6625 0.012239583333333333 0.021296296296296296
0 0.54140625 0.5435185185185185 0.010677083333333334 0.019444444444444445
0 0.5578125 0.5203703703703704 0.01015625 0.02361111111111111
0 0.5950520833333334 0.5421296296296296 0.011979166666666667 0.02546296296296296
0 0.6338541666666667 0.48703703703703705 0.011197916666666667 0.018518518518518517
0 0.684375 0.4930555555555556 0.011197916666666667 0.030555555555555555
0 0.7158854166666667 0.5273148148148148 0.01171875 0.02546296296296296
0 0.7205729166666667 0.44583333333333336 0.01171875 0.020370370370370372
0 0.7236979166666667 0.40370370370370373 0.009635416666666667 0.024537037037037038
0 0.6963541666666667 0.3921296296296296 0.021614583333333333 0.044444444444444446
0 0.7013020833333333 0.32314814814814813 0.012760416666666666 0.02361111111111111
0 0.6822916666666666 0.28888888888888886 0.01328125 0.020833333333333332
0 0.7278645833333334 0.2361111111111111 0.012760416666666666 0.016666666666666666
0 0.7111979166666667 0.19722222222222222 0.010677083333333334 0.027314814814814816
0 0.5778645833333333 0.46620370370370373 0.009895833333333333 0.02361111111111111
0 0.57890625 0.43703703703703706 0.010677083333333334 0.024074074074074074
0 0.6158854166666666 0.325 0.012760416666666666 0.028703703703703703
0 0.65390625 0.3449074074074074 0.010677083333333334 0.024537037037037038
0 0.46901041666666665 0.5263888888888889 0.009114583333333334 0.017592592592592594
0 0.46536458333333336 0.4787037037037037 0.020572916666666666 0.038425925925925926
0 0.4921875 0.4837962962962963 0.00859375 0.020370370370370372
0 0.5083333333333333 0.4648148148148148 0.01640625 0.03287037037037037
0 0.52890625 0.4287037037037037 0.010677083333333334 0.024537037037037038
0 0.5450520833333333 0.45092592592592595 0.013802083333333333 0.024537037037037038
0 0.3768229166666667 0.43425925925925923 0.03619791666666667 0.04953703703703704
0 0.29635416666666664 0.6268518518518519 0.03984375 0.038425925925925926
0 0.30442708333333335 0.6819444444444445 0.02578125 0.050462962962962966
0 0.6403645833333333 0.17453703703703705 0.023177083333333334 0.06574074074074074
0 0.63828125 0.13842592592592592 0.04296875 0.03564814814814815
0 0.69921875 0.20462962962962963 0.01484375 0.0625
0 0.31015625 0.6296296296296297 0.02265625 0.022685185185185187
0 0.3763020833333333 0.44212962962962965 0.015364583333333333 0.027314814814814816
0 0.3809895833333333 0.4310185185185185 0.012239583333333333 0.020370370370370372
0 0.38645833333333335 0.42268518518518516 0.012760416666666666 0.022685185185185187
0 0.6375 0.18425925925925926 0.00703125 0.015277777777777777
0 0.6442708333333333 0.1787037037037037 0.008072916666666667 0.014351851851851852
0 0.6463541666666667 0.1550925925925926 0.009114583333333334 0.020370370370370372
0 0.6421875 0.13287037037037036 0.017447916666666667 0.022685185185185187
