0 0.378125 0.5643518518518519 0.01171875 0.02546296296296296
0 0.39609375 0.5453703703703704 0.014322916666666666 0.027314814814814816
0 0.42265625 0.5078703703703704 0.011197916666666667 0.020370370370370372
0 0.45677083333333335 0.5444444444444444 0.009635416666666667 0.019444444444444445
0 0.4739583333333333 0.5810185185185185 0.01171875 0.020370370370370372
0 0.45703125 0.5953703703703703 0.011197916666666667 0.019444444444444445
0 0.43854166666666666 0.625 0.015885416666666666 0.028703703703703703
0 0.44765625 0.6171296296296296 0.009114583333333334 0.018518518518518517
0 0.4828125 0.6435185185185185 0.013802083333333333 0.023148148148148147
0 0.5588541666666667 0.5407407407407407 0.02265625 0.04861111111111111
0 0.8122395833333333 0.5541666666666667 0.01484375 0.018518518518518517
0 0.6747395833333333 0.512962962962963 0.01484375 0.02638888888888889
0 0.37890625 0.4449074074074074 0.009114583333333334 0.018518518518518517
0 0.3489583333333333 0.35138888888888886 0.01484375 0.02361111111111111
0 0.3651041666666667 0.2675925925925926 0.008854166666666666 0.01898148148148148
0 0.40598958333333335 0.18611111111111112 0.014322916666666666 0.020370370370370372
0 0.39609375 0.15231481481481482 0.008072916666666667 0.01990740740740741
0 0.40546875 0.12777777777777777 0.01015625 0.020833333333333332
0 0.4544270833333333 0.11435185185185186 0.01015625 0.019444444444444445
0 0.45625 0.1550925925925926 0.01484375 0.028703703703703703
0 0.4283854166666667 0.20416666666666666 0.009114583333333334 0.018518518518518517
0 0.41328125 0.25787037037037036 0.011197916666666667 0.02638888888888889
0 0.44114583333333335 0.27546296296296297 0.012760416666666666 0.02546296296296296
0 0.4510416666666667 0.31805555555555554 0.012760416666666666 0.030555555555555555
0 0.4427083333333333 0.3699074074074074 0.01171875 0.018518518518518517
0 0.4200520833333333 0.38842592592592595 0.012239583333333333 0.02361111111111111
0 0.41875 0.40324074074074073 0.007552083333333333 0.018518518518518517
0 0.2640625 0.39351851851851855 0.013802083333333333 0.01574074074074074
0 0.23880208333333333 0.42777777777777776 0.011197916666666667 0.016203703703703703
0 0.2520833333333333 0.375 0.012760416666666666 0.018518518518518517
0 0.28880208333333335 0.4097222222222222 0.020572916666666666 0.024537037037037038
0 0.6893229166666667 0.5296296296296297 0.00859375 0.017592592592592594
0 0.69765625 0.5402777777777777 0.007552083333333333 0.02361111111111111
0 0.7052083333333333 0.5407407407407407 0.008072916666666667 0.020833333333333332
0 0.8872395833333333 0.6550925925925926 0.016927083333333332 0.016666666666666666
0 0.8950520833333333 0.6773148148148148 0.012760416666666666 0.013425925925925926
0 0.6479166666666667 0.9050925925925926 0.008072916666666667 0.032407407407407406
0 0.6658854166666667 0.9078703703703703 0.007552083333333333 0.024537037037037038
0 0.23776041666666667 0.42268518518518516 0.020572916666666666 0.052314814814814814
0 0.2546875 0.3773148148148148 0.04192708333333333 0.0375
0 0.6966145833333334 0.5342592592592592 0.03567708333333333 0.04583333333333333
0 0.8880208333333334 0.6592592592592592 0.027864583333333335 0.059722222222222225
0 0.6559895833333333 0.9004629629629629 0.038802083333333334 0.0375
