0 0.09661458333333334 0.42777777777777776 0.02890625 0.03009259259259259
0 0.07447916666666667 0.4287037037037037 0.013802083333333333 0.024537037037037038
0 0.06067708333333333 0.538425925925926 0.018489583333333334 0.03333333333333333
0 0.14166666666666666 0.6421296296296296 0.020052083333333335 0.0375
0 0.14427083333333332 0.6819444444444445 0.02109375 0.028703703703703703
0 0.053385416666666664 0.9023148148148148 0.017447916666666667 0.033796296296296297
0 0.14166666666666666 0.9884259259259259 0.023177083333333334 0.023148148148148147
0 0.4705729166666667 0.15046296296296297 0.017447916666666667 0.03333333333333333
0 0.5296875 0.12314814814814815 0.01328125 0.027314814814814816
0 0.55625 0.3013888888888889 0.03515625 0.05324074074074074
0 0.4752604166666667 0.45555555555555555 0.040364583333333336 0.04537037037037037
0 0.5114583333333333 0.6949074074074074 0.02265625 0.034722222222222224
0 0.43854166666666666 0.8449074074074074 0.01796875 0.046296296296296294
0 0.5125 0.874537037037037 0.020572916666666666 0.027777777777777776
0 0.6927083333333334 0.3939814814814815 0.017447916666666667 0.028703703703703703
0 0.6489583333333333 0.2898148148148148 0.015364583333333333 0.034722222222222224
0 0.709375 0.28935185185185186 0.01640625 0.02546296296296296
0 0.7611979166666667 0.3458333333333333 0.02109375 0.04212962962962963
0 0.9151041666666667 0.3875 0.027864583333333335 0.027777777777777776
0 0.9341145833333333 0.4449074074074074 0.020052083333333335 0.034722222222222224
0 0.9096354166666667 0.1638888888888889 0.01484375 0.032407407407407406
0 0.9216145833333333 0.16805555555555557 0.016927083333333332 0.03611111111111111
0 0.03307291666666667 0.42916666666666664 0.01328125 0.032407407407407406
0 0.010677083333333334 0.40555555555555556 0.015364583333333333 0.03518518518518519
