0 0.09713541666666667 0.42685185185185187 0.02890625 0.03009259259259259
0 0.07421875 0.42824074074074076 0.013802083333333333 0.024537037037037038
0 0.061197916666666664 0.5388888888888889 0.018489583333333334 0.03333333333333333
0 0.14192708333333334 0.6421296296296296 0.020052083333333335 0.0375
0 0.14453125 0.6819444444444445 0.02109375 0.028703703703703703
0 0.05364583333333333 0.9032407407407408 0.017447916666666667 0.033796296296296297
0 0.14270833333333333 0.9879629629629629 0.023177083333333334 0.023148148148148147
0 0.4713541666666667 0.15046296296296297 0.017447916666666667 0.03333333333333333
0 0.5309895833333333 0.12361111111111112 0.01328125 0.027314814814814816
0 0.5559895833333334 0.3023148148148148 0.03515625 0.05324074074074074
0 0.47890625 0.45555555555555555 0.040364583333333336 0.04537037037037037
0 0.5138020833333333 0.6949074074074074 0.02265625 0.034722222222222224
0 0.4401041666666667 0.8449074074074074 0.01796875 0.046296296296296294
0 0.5140625 0.874537037037037 0.020572916666666666 0.027777777777777776
0 0.6932291666666667 0.3939814814814815 0.017447916666666667 0.028703703703703703
0 0.65 0.2902777777777778 0.015364583333333333 0.034722222222222224
0 0.7098958333333333 0.28935185185185186 0.01640625 0.02546296296296296
0 0.7627604166666667 0.34629629629629627 0.02109375 0.04212962962962963
0 0.91796875 0.3875 0.027864583333333335 0.027777777777777776
0 0.9364583333333333 0.4449074074074074 0.020052083333333335 0.034722222222222224
0 0.9119791666666667 0.1638888888888889 0.01484375 0.032407407407407406
0 0.9213541666666667 0.16805555555555557 0.016927083333333332 0.03611111111111111
0 0.03359375 0.42685185185185187 0.015364583333333333 0.034722222222222224
0 0.01171875 0.4064814814814815 0.01953125 0.03981481481481482
