0 0.0984375 0.5657407407407408 0.0234375 0.03287037037037037
0 0.08515625 0.5824074074074074 0.0171875 0.027314814814814816
0 0.065625 0.687037037037037 0.020572916666666666 0.037037037037037035
0 0.12994791666666666 0.8314814814814815 0.020052083333333335 0.0375
0 0.13203125 0.7930555555555555 0.020052083333333335 0.04351851851851852
0 0.48932291666666666 0.25972222222222224 0.017447916666666667 0.03333333333333333
0 0.5453125 0.2662037037037037 0.016145833333333335 0.03287037037037037
0 0.55078125 0.4666666666666667 0.040625 0.06157407407407407
0 0.5052083333333334 0.624537037037037 0.03697916666666667 0.05092592592592592
0 0.5049479166666667 0.8731481481481481 0.020572916666666666 0.02962962962962963
0 0.44947916666666665 0.9833333333333333 0.0171875 0.04398148148148148
0 0.70234375 0.5273148148148148 0.017447916666666667 0.028703703703703703
0 0.6513020833333333 0.43703703703703706 0.015364583333333333 0.034722222222222224
0 0.7091145833333333 0.4263888888888889 0.01875 0.02962962962962963
0 0.76328125 0.475462962962963 0.022135416666666668 0.044444444444444446
0 0.9268229166666667 0.5458333333333333 0.022135416666666668 0.02638888888888889
0 0.9388020833333334 0.5916666666666667 0.02109375 0.03657407407407407
0 0.9213541666666667 0.3055555555555556 0.014322916666666666 0.031018518518518518
0 0.9317708333333333 0.3087962962962963 0.016666666666666666 0.03611111111111111
0 0.04296875 0.549537037037037 0.022135416666666668 0.05277777777777778
0 0.017708333333333333 0.549074074074074 0.015364583333333333 0.032407407407407406
0 0.28984375 0.09768518518518518 0.017708333333333333 0.03194444444444444
0 0.2908854166666667 0.07037037037037037 0.0171875 0.024074074074074074
0 0.35833333333333334 0.07268518518518519 0.016927083333333332 0.03148148148148148
0 0.084375 0.06712962962962964 0.016145833333333335 0.025
0 0.47213541666666664 0.02361111111111111 0.018489583333333334 0.02546296296296296
0 0.9197916666666667 0.05462962962962963 0.025 0.03194444444444444
0 0.534375 0.487962962962963 0.01484375 0.03148148148148148
0 0.17890625 0.03148148148148148 0.021614583333333333 0.03981481481481482
0 0.9244791666666666 0.02546296296296296 0.020572916666666666 0.03148148148148148
0 0.16640625 0.021296296296296296 0.014322916666666666 0.02361111111111111
