0 0.1 0.612037037037037 0.0234375 0.03287037037037037
0 0.08307291666666666 0.6287037037037037 0.0171875 0.027314814814814816
0 0.06796875 0.7287037037037037 0.01953125 0.03518518518518519
0 0.12838541666666667 0.8726851851851852 0.02109375 0.03935185185185185
0 0.13098958333333333 0.8412037037037037 0.02109375 0.04583333333333333
0 0.49322916666666666 0.30416666666666664 0.016666666666666666 0.03194444444444444
0 0.5466145833333333 0.3106481481481482 0.016145833333333335 0.03287037037037037
0 0.5520833333333334 0.512962962962963 0.040625 0.06157407407407407
0 0.50625 0.6657407407407407 0.03697916666666667 0.05092592592592592
0 0.50625 0.9222222222222223 0.020572916666666666 0.02962962962962963
0 0.70546875 0.5703703703703704 0.016666666666666666 0.027314814814814816
0 0.6513020833333333 0.48009259259259257 0.015364583333333333 0.034722222222222224
0 0.7080729166666667 0.4666666666666667 0.01796875 0.02824074074074074
0 0.7677083333333333 0.5212962962962963 0.022135416666666668 0.044444444444444446
0 0.9270833333333334 0.5935185185185186 0.023177083333333334 0.027777777777777776
0 0.9380208333333333 0.6347222222222222 0.022135416666666668 0.038425925925925926
0 0.92421875 0.3523148148148148 0.014322916666666666 0.031018518518518518
0 0.9369791666666667 0.3541666666666667 0.016666666666666666 0.03611111111111111
0 0.049479166666666664 0.5856481481481481 0.023177083333333334 0.05555555555555555
0 0.019791666666666666 0.5986111111111111 0.019270833333333334 0.033796296296296297
0 0.2890625 0.1439814814814815 0.018489583333333334 0.03333333333333333
0 0.29375 0.1162037037037037 0.01796875 0.02546296296296296
0 0.35703125 0.1175925925925926 0.017708333333333333 0.03287037037037037
0 0.0859375 0.1125 0.016145833333333335 0.025
0 0.47421875 0.06944444444444445 0.018489583333333334 0.02546296296296296
0 0.9174479166666667 0.09583333333333334 0.025 0.03194444444444444
0 0.5361979166666667 0.5342592592592592 0.01484375 0.03148148148148148
0 0.175 0.0787037037037037 0.021614583333333333 0.03981481481481482
0 0.9255208333333333 0.06898148148148148 0.020572916666666666 0.03148148148148148
0 0.18463541666666666 0.016203703703703703 0.018489583333333334 0.032407407407407406
0 0.16302083333333334 0.06342592592592593 0.01171875 0.02546296296296296
