0 0.10104166666666667 0.6611111111111111 0.022395833333333334 0.03148148148148148
0 0.08411458333333334 0.6800925925925926 0.0171875 0.027314814814814816
0 0.0703125 0.7828703703703703 0.020572916666666666 0.037037037037037035
0 0.13125 0.9203703703703704 0.020052083333333335 0.0375
0 0.1328125 0.8898148148148148 0.02109375 0.04583333333333333
0 0.49583333333333335 0.3537037037037037 0.015885416666666666 0.030555555555555555
0 0.54921875 0.36435185185185187 0.016145833333333335 0.03287037037037037
0 0.5544270833333333 0.5611111111111111 0.040625 0.06157407407407407
0 0.5109375 0.7189814814814814 0.038802083333333334 0.05324074074074074
0 0.50390625 0.975462962962963 0.020572916666666666 0.031018518518518518
0 0.70546875 0.6194444444444445 0.016666666666666666 0.027314814814814816
0 0.6515625 0.5300925925925926 0.015364583333333333 0.034722222222222224
0 0.7041666666666667 0.5115740740740741 0.01796875 0.02824074074074074
0 0.7661458333333333 0.5777777777777777 0.022135416666666668 0.044444444444444446
0 0.9265625 0.6430555555555556 0.023177083333333334 0.027777777777777776
0 0.9421875 0.6828703703703703 0.022135416666666668 0.038425925925925926
0 0.9205729166666666 0.40185185185185185 0.013541666666666667 0.02962962962962963
0 0.9346354166666667 0.4097222222222222 0.017447916666666667 0.03796296296296296
0 0.049479166666666664 0.6296296296296297 0.019270833333333334 0.046296296296296294
0 0.0203125 0.6458333333333334 0.019270833333333334 0.033796296296296297
0 0.2921875 0.19398148148148148 0.018489583333333334 0.03333333333333333
0 0.2953125 0.1675925925925926 0.01796875 0.02546296296296296
0 0.35442708333333334 0.17314814814814813 0.017708333333333333 0.03287037037037037
0 0.08932291666666667 0.1648148148148148 0.016145833333333335 0.025
0 0.47604166666666664 0.12268518518518519 0.018489583333333334 0.02546296296296296
0 0.9161458333333333 0.14583333333333334 0.025 0.03194444444444444
0 0.5385416666666667 0.5879629629629629 0.01484375 0.03148148148148148
0 0.17526041666666667 0.13148148148148148 0.021614583333333333 0.03981481481481482
0 0.9260416666666667 0.11342592592592593 0.01953125 0.03009259259259259
0 0.18671875 0.06759259259259259 0.017708333333333333 0.04027777777777778
0 0.05260416666666667 0.22453703703703703 0.016927083333333332 0.03333333333333333
0 0.16458333333333333 0.11064814814814815 0.01171875 0.024537037037037038
