0 0.10625 0.7712962962962963 0.020572916666666666 0.03935185185185185
0 0.08151041666666667 0.7861111111111111 0.0171875 0.027314814814814816
0 0.071875 0.8907407407407407 0.020572916666666666 0.037037037037037035
0 0.12578125 1.000925925925926 0.020052083333333335 0.0375
0 0.5 0.45416666666666666 0.016666666666666666 0.03194444444444444
0 0.55234375 0.47638888888888886 0.016145833333333335 0.03287037037037037
0 0.553125 0.6675925925925926 0.03463541666666667 0.056018518518518516
0 0.5213541666666667 0.8226851851851852 0.031510416666666666 0.04027777777777778
0 0.7067708333333333 0.7333333333333333 0.015104166666666667 0.024074074074074074
0 0.6515625 0.6375 0.014583333333333334 0.03287037037037037
0 0.70546875 0.611574074074074 0.0171875 0.026851851851851852
0 0.76953125 0.6824074074074075 0.022135416666666668 0.044444444444444446
0 0.9294270833333333 0.7527777777777778 0.022135416666666668 0.02638888888888889
0 0.94609375 0.7921296296296296 0.023177083333333334 0.04027777777777778
0 0.9278645833333333 0.5064814814814815 0.014322916666666666 0.031018518518518518
0 0.9395833333333333 0.5120370370370371 0.017447916666666667 0.03796296296296296
0 0.050520833333333334 0.7263888888888889 0.01484375 0.04861111111111111
0 0.02421875 0.7541666666666667 0.019270833333333334 0.033796296296296297
0 0.29296875 0.30462962962962964 0.018489583333333334 0.03333333333333333
0 0.29635416666666664 0.275 0.01796875 0.02546296296296296
0 0.3546875 0.2773148148148148 0.017708333333333333 0.03287037037037037
0 0.09401041666666667 0.26990740740740743 0.016927083333333332 0.02638888888888889
0 0.4828125 0.22546296296296298 0.018489583333333334 0.02546296296296296
0 0.91484375 0.2537037037037037 0.025 0.03194444444444444
0 0.5395833333333333 0.6958333333333333 0.0140625 0.03009259259259259
0 0.17604166666666668 0.23842592592592593 0.021614583333333333 0.03981481481481482
0 0.9247395833333333 0.2175925925925926 0.018489583333333334 0.028703703703703703
0 0.19088541666666667 0.17222222222222222 0.016927083333333332 0.038425925925925926
0 0.05572916666666667 0.3333333333333333 0.016145833333333335 0.03194444444444444
0 0.18229166666666666 0.025925925925925925 0.025260416666666667 0.0125
0 0.30963541666666666 0.03888888888888889 0.015364583333333333 0.03657407407407407
0 0.31640625 0.020833333333333332 0.012239583333333333 0.030555555555555555
0 0.1671875 0.21203703703703702 0.01171875 0.020370370370370372
