0 0.11015625 0.8356481481481481 0.01953125 0.0375
0 0.08333333333333333 0.8472222222222222 0.0171875 0.027314814814814816
0 0.0734375 0.9625 0.020572916666666666 0.037037037037037035
0 0.5067708333333333 0.5162037037037037 0.016666666666666666 0.03194444444444444
0 0.5541666666666667 0.5388888888888889 0.016927083333333332 0.04398148148148148
0 0.5541666666666667 0.7347222222222223 0.03463541666666667 0.056018518518518516
0 0.528125 0.8875 0.031510416666666666 0.04027777777777778
0 0.7114583333333333 0.7972222222222223 0.019010416666666665 0.03194444444444444
0 0.6528645833333333 0.6967592592592593 0.013802083333333333 0.03148148148148148
0 0.7033854166666667 0.6759259259259259 0.0171875 0.026851851851851852
0 0.7739583333333333 0.750462962962963 0.022135416666666668 0.044444444444444446
0 0.9330729166666667 0.8152777777777778 0.022135416666666668 0.02638888888888889
0 0.9479166666666666 0.8495370370370371 0.022135416666666668 0.038425925925925926
0 0.9278645833333333 0.5671296296296297 0.014322916666666666 0.031018518518518518
0 0.9388020833333334 0.575925925925926 0.017447916666666667 0.03796296296296296
0 0.05364583333333333 0.7902777777777777 0.015625 0.05092592592592592
0 0.027604166666666666 0.8217592592592593 0.019270833333333334 0.033796296296296297
0 0.29375 0.36712962962962964 0.018489583333333334 0.03333333333333333
0 0.29765625 0.3416666666666667 0.01796875 0.02546296296296296
0 0.35625 0.34444444444444444 0.016927083333333332 0.03148148148148148
0 0.09869791666666666 0.34305555555555556 0.016927083333333332 0.02638888888888889
0 0.48333333333333334 0.29398148148148145 0.017708333333333333 0.03564814814814815
0 0.91796875 0.31712962962962965 0.025 0.03194444444444444
0 0.54140625 0.7708333333333334 0.0140625 0.03009259259259259
0 0.178125 0.30185185185185187 0.021614583333333333 0.03981481481481482
0 0.9247395833333333 0.28055555555555556 0.018489583333333334 0.03611111111111111
0 0.19583333333333333 0.24722222222222223 0.016145833333333335 0.03657407407407407
0 0.05416666666666667 0.3990740740740741 0.016145833333333335 0.03194444444444444
0 0.18515625 0.09537037037037037 0.023958333333333335 0.012037037037037037
0 0.31302083333333336 0.10277777777777777 0.015364583333333333 0.03657407407407407
0 0.3190104166666667 0.08935185185185185 0.0125 0.030555555555555555
0 0.13385416666666666 0.053703703703703705 0.01796875 0.038425925925925926
0 0.09947916666666666 0.013425925925925926 0.01796875 0.027314814814814816
0 0.7388020833333333 0.06574074074074074 0.015885416666666666 0.03148148148148148
0 0.7489583333333333 0.041666666666666664 0.018489583333333334 0.03148148148148148
0 0.7794270833333333 0.05324074074074074 0.015885416666666666 0.033796296296296297
0 0.16927083333333334 0.28194444444444444 0.012760416666666666 0.024537037037037038
