0 0.11171875 0.9032407407407408 0.018489583333333334 0.052314814814814814
0 0.08697916666666666 0.9263888888888889 0.020572916666666666 0.037037037037037035
0 0.50859375 0.5842592592592593 0.016666666666666666 0.03194444444444444
0 0.5557291666666667 0.6157407407407407 0.016145833333333335 0.041666666666666664
0 0.5565104166666667 0.8046296296296296 0.029427083333333333 0.056018518518518516
0 0.5309895833333333 0.9597222222222223 0.0390625 0.038425925925925926
0 0.7138020833333333 0.8722222222222222 0.019010416666666665 0.03194444444444444
0 0.6541666666666667 0.7694444444444445 0.013020833333333334 0.03009259259259259
0 0.7044270833333334 0.7444444444444445 0.01640625 0.02546296296296296
0 0.7677083333333333 0.8194444444444444 0.022135416666666668 0.044444444444444446
0 0.93515625 0.8837962962962963 0.022135416666666668 0.02638888888888889
0 0.94921875 0.924074074074074 0.023177083333333334 0.04027777777777778
0 0.92734375 0.6388888888888888 0.015364583333333333 0.03287037037037037
0 0.9375 0.6416666666666667 0.016666666666666666 0.03611111111111111
0 0.053385416666666664 0.8564814814814815 0.015625 0.05092592592592592
0 0.029947916666666668 0.8976851851851851 0.019270833333333334 0.033796296296296297
0 0.29609375 0.43657407407407406 0.018489583333333334 0.03333333333333333
0 0.3020833333333333 0.4115740740740741 0.01875 0.026851851851851852
0 0.35546875 0.41435185185185186 0.016927083333333332 0.03148148148148148
0 0.10286458333333333 0.42268518518518516 0.016927083333333332 0.02638888888888889
0 0.4861979166666667 0.3648148148148148 0.017708333333333333 0.025
0 0.9171875 0.3837962962962963 0.02265625 0.03194444444444444
0 0.5424479166666667 0.8375 0.0140625 0.03009259259259259
0 0.17760416666666667 0.3699074074074074 0.02265625 0.041666666666666664
0 0.9247395833333333 0.35138888888888886 0.01953125 0.03796296296296296
0 0.19635416666666666 0.3143518518518518 0.016145833333333335 0.03657407407407407
0 0.05546875 0.4773148148148148 0.016145833333333335 0.03194444444444444
0 0.18828125 0.16296296296296298 0.022916666666666665 0.016203703703703703
0 0.31484375 0.17592592592592593 0.014583333333333334 0.034722222222222224
0 0.3203125 0.15046296296296297 0.011979166666666667 0.029166666666666667
0 0.13411458333333334 0.12453703703703704 0.01796875 0.038425925925925926
0 0.09895833333333333 0.08009259259259259 0.01796875 0.027314814814814816
0 0.74140625 0.13518518518518519 0.015885416666666666 0.03148148148148148
0 0.7494791666666667 0.1125 0.01953125 0.03287037037037037
0 0.78046875 0.12129629629629629 0.016666666666666666 0.03564814814814815
0 0.16822916666666668 0.34953703703703703 0.012760416666666666 0.027777777777777776
0 0.021354166666666667 0.5787037037037037 0.025260416666666667 0.034722222222222224
