0 0.11744791666666667 0.9791666666666666 0.018489583333333334 0.052314814814814814
0 0.08645833333333333 1.0 0.020572916666666666 0.037037037037037035
0 0.5088541666666667 0.6541666666666667 0.017447916666666667 0.03333333333333333
0 0.5580729166666667 0.6865740740740741 0.016145833333333335 0.041666666666666664
0 0.5609375 0.8837962962962963 0.028125 0.05324074074074074
0 0.7197916666666667 0.9305555555555556 0.019010416666666665 0.03194444444444444
0 0.6572916666666667 0.8388888888888889 0.013020833333333334 0.03009259259259259
0 0.7033854166666667 0.8148148148148148 0.022395833333333334 0.03611111111111111
0 0.77265625 0.8935185185185185 0.022135416666666668 0.044444444444444446
0 0.9375 0.9597222222222223 0.022395833333333334 0.03194444444444444
0 0.94921875 0.9935185185185185 0.023177083333333334 0.04027777777777778
0 0.93359375 0.7148148148148148 0.016145833333333335 0.034722222222222224
0 0.9427083333333334 0.7162037037037037 0.016666666666666666 0.03611111111111111
0 0.05520833333333333 0.9300925925925926 0.015625 0.05092592592592592
0 0.03125 0.9717592592592592 0.019270833333333334 0.033796296296296297
0 0.2981770833333333 0.5083333333333333 0.018489583333333334 0.03333333333333333
0 0.30026041666666664 0.4837962962962963 0.01875 0.026851851851851852
0 0.35494791666666664 0.4888888888888889 0.016927083333333332 0.03148148148148148
0 0.10546875 0.4925925925925926 0.017708333333333333 0.027777777777777776
0 0.48854166666666665 0.43842592592592594 0.018489583333333334 0.02638888888888889
0 0.9138020833333333 0.4537037037037037 0.019270833333333334 0.03194444444444444
0 0.5463541666666667 0.9143518518518519 0.0140625 0.03009259259259259
0 0.17916666666666667 0.4393518518518518 0.01875 0.03611111111111111
0 0.921875 0.43148148148148147 0.01953125 0.03796296296296296
0 0.20052083333333334 0.3861111111111111 0.015364583333333333 0.034722222222222224
0 0.058333333333333334 0.5467592592592593 0.016927083333333332 0.03333333333333333
0 0.19296875 0.23935185185185184 0.021875 0.015277777777777777
0 0.32109375 0.22453703703703703 0.014583333333333334 0.034722222222222224
0 0.31536458333333334 0.25046296296296294 0.014322916666666666 0.029166666666666667
0 0.13697916666666668 0.19953703703703704 0.01796875 0.038425925925925926
0 0.09973958333333334 0.15555555555555556 0.01796875 0.027314814814814816
0 0.7408854166666666 0.2074074074074074 0.015885416666666666 0.03148148148148148
0 0.74921875 0.1884259259259259 0.01953125 0.03287037037037037
0 0.778125 0.19444444444444445 0.016666666666666666 0.03564814814814815
0 0.17083333333333334 0.41759259259259257 0.012760416666666666 0.027777777777777776
0 0.3953125 0.03287037037037037 0.015885416666666666 0.038425925925925926
0 0.5166666666666667 0.04027777777777778 0.017447916666666667 0.03935185185185185
0 0.024739583333333332 0.6555555555555556 0.023697916666666666 0.02962962962962963
