0 0.08359375 1.0004629629629629 0.01953125 0.03518518518518519
0 0.5166666666666667 0.7111111111111111 0.018489583333333334 0.03518518518518519
0 0.5614583333333333 0.7518518518518519 0.016145833333333335 0.041666666666666664
0 0.5625 0.9412037037037037 0.026822916666666665 0.05092592592592592
0 0.7171875 0.9976851851851852 0.020052083333333335 0.03333333333333333
0 0.6578125 0.899537037037037 0.013541666666666667 0.03148148148148148
0 0.7013020833333333 0.8694444444444445 0.021354166666666667 0.03425925925925926
0 0.7755208333333333 0.9421296296296297 0.022135416666666668 0.044444444444444446
0 0.9309895833333334 0.7699074074074074 0.016927083333333332 0.03657407407407407
0 0.9395833333333333 0.7805555555555556 0.016666666666666666 0.03611111111111111
0 0.05651041666666667 0.9939814814814815 0.015625 0.05092592592592592
0 0.3 0.5708333333333333 0.018489583333333334 0.03333333333333333
0 0.30416666666666664 0.5462962962962963 0.01796875 0.02546296296296296
0 0.35390625 0.5509259259259259 0.016927083333333332 0.03148148148148148
0 0.10911458333333333 0.5550925925925926 0.017708333333333333 0.027777777777777776
0 0.4895833333333333 0.49537037037037035 0.018489583333333334 0.02638888888888889
0 0.9130208333333333 0.512962962962963 0.019270833333333334 0.03194444444444444
0 0.5489583333333333 0.9708333333333333 0.0140625 0.03009259259259259
0 0.1734375 0.5032407407407408 0.01875 0.03611111111111111
0 0.9213541666666667 0.48842592592592593 0.01953125 0.03796296296296296
0 0.20494791666666667 0.44583333333333336 0.015364583333333333 0.034722222222222224
0 0.05807291666666667 0.6208333333333333 0.016927083333333332 0.03333333333333333
0 0.19583333333333333 0.3 0.021875 0.015277777777777777
0 0.325 0.2814814814814815 0.014583333333333334 0.034722222222222224
0 0.3182291666666667 0.3162037037037037 0.014322916666666666 0.029166666666666667
0 0.13723958333333333 0.26296296296296295 0.01796875 0.038425925925925926
0 0.10234375 0.21805555555555556 0.01875 0.028703703703703703
0 0.74375 0.21064814814814814 0.015885416666666666 0.03148148148148148
0 0.7528645833333333 0.18703703703703703 0.020572916666666666 0.034722222222222224
0 0.7768229166666667 0.18888888888888888 0.016666666666666666 0.03564814814814815
0 0.16953125 0.4810185185185185 0.012760416666666666 0.027777777777777776
0 0.3966145833333333 0.09351851851851851 0.016666666666666666 0.04027777777777778
0 0.5174479166666667 0.0962962962962963 0.017447916666666667 0.03935185185185185
0 0.13255208333333332 0.0412037037037037 0.014322916666666666 0.047685185185185185
0 0.029947916666666668 0.7157407407407408 0.027864583333333335 0.03148148148148148
