0 0.09869791666666666 0.42685185185185187 0.02890625 0.03009259259259259
0 0.07526041666666666 0.4310185185185185 0.013802083333333333 0.024537037037037038
0 0.06145833333333333 0.5375 0.018489583333333334 0.03333333333333333
0 0.14114583333333333 0.6425925925925926 0.020052083333333335 0.0375
0 0.14322916666666666 0.6814814814814815 0.02109375 0.028703703703703703
0 0.05416666666666667 0.9064814814814814 0.017447916666666667 0.033796296296296297
0 0.14166666666666666 0.9884259259259259 0.023177083333333334 0.023148148148148147
0 0.47291666666666665 0.14675925925925926 0.017447916666666667 0.03333333333333333
0 0.5325520833333334 0.12407407407407407 0.01328125 0.027314814814814816
0 0.55390625 0.3055555555555556 0.03515625 0.05324074074074074
0 0.4828125 0.45925925925925926 0.040364583333333336 0.04537037037037037
0 0.5114583333333333 0.6986111111111111 0.02265625 0.034722222222222224
0 0.44088541666666664 0.8453703703703703 0.01796875 0.046296296296296294
0 0.5135416666666667 0.8726851851851852 0.020572916666666666 0.027777777777777776
0 0.6950520833333333 0.3925925925925926 0.017447916666666667 0.028703703703703703
0 0.6513020833333333 0.2912037037037037 0.015364583333333333 0.034722222222222224
0 0.71171875 0.2912037037037037 0.01640625 0.02546296296296296
0 0.7643229166666666 0.3439814814814815 0.02109375 0.04212962962962963
0 0.9213541666666667 0.38981481481481484 0.027864583333333335 0.027777777777777776
0 0.9390625 0.44537037037037036 0.020052083333333335 0.034722222222222224
0 0.91328125 0.16435185185185186 0.01484375 0.032407407407407406
0 0.9216145833333333 0.1699074074074074 0.016927083333333332 0.03611111111111111
0 0.033854166666666664 0.4222222222222222 0.012760416666666666 0.03564814814814815
0 0.01171875 0.4050925925925926 0.017447916666666667 0.03425925925925926
