0 0.5174479166666667 0.788425925925926 0.017708333333333333 0.03333333333333333
0 0.5622395833333333 0.8300925925925926 0.016145833333333335 0.041666666666666664
0 0.6591145833333333 0.9740740740740741 0.013020833333333334 0.03009259259259259
0 0.6971354166666667 0.9444444444444444 0.022395833333333334 0.03611111111111111
0 0.9325520833333333 0.8486111111111111 0.016927083333333332 0.03657407407407407
0 0.9419270833333333 0.8550925925925926 0.016666666666666666 0.030555555555555555
0 0.30104166666666665 0.6509259259259259 0.018489583333333334 0.03333333333333333
0 0.3059895833333333 0.6236111111111111 0.0171875 0.024074074074074074
0 0.3572916666666667 0.6314814814814815 0.016927083333333332 0.03148148148148148
0 0.115625 0.6393518518518518 0.018489583333333334 0.029166666666666667
0 0.4934895833333333 0.575462962962963 0.01953125 0.027777777777777776
0 0.91484375 0.5916666666666667 0.018229166666666668 0.030555555555555555
0 0.18125 0.5805555555555556 0.01796875 0.03425925925925926
0 0.9255208333333333 0.5689814814814815 0.01953125 0.03796296296296296
0 0.20885416666666667 0.5259259259259259 0.015364583333333333 0.034722222222222224
0 0.06302083333333333 0.6953703703703704 0.016927083333333332 0.03333333333333333
0 0.19739583333333333 0.3814814814814815 0.021875 0.015277777777777777
0 0.3263020833333333 0.3712962962962963 0.014583333333333334 0.034722222222222224
0 0.32447916666666665 0.4009259259259259 0.014322916666666666 0.029166666666666667
0 0.1375 0.3449074074074074 0.0171875 0.03657407407407407
0 0.10572916666666667 0.3 0.01875 0.028703703703703703
0 0.7473958333333334 0.34120370370370373 0.015885416666666666 0.03148148148148148
0 0.7544270833333333 0.32731481481481484 0.020572916666666666 0.034722222222222224
0 0.7752604166666667 0.3300925925925926 0.016666666666666666 0.03564814814814815
0 0.17213541666666668 0.5560185185185185 0.012760416666666666 0.027777777777777776
0 0.39817708333333335 0.1736111111111111 0.016666666666666666 0.04027777777777778
0 0.5197916666666667 0.18611111111111112 0.018229166666666668 0.0412037037037037
0 0.134375 0.12361111111111112 0.014322916666666666 0.047685185185185185
0 0.48411458333333335 0.06435185185185185 0.021614583333333333 0.03148148148148148
0 0.86328125 0.01574074074074074 0.02109375 0.03148148148148148
0 0.032552083333333336 0.7944444444444444 0.03203125 0.03564814814814815
