0 0.52421875 0.8671296296296296 0.018489583333333334 0.03518518518518519
0 0.5674479166666667 0.9055555555555556 0.016145833333333335 0.041666666666666664
0 0.9390625 0.9300925925925926 0.0125 0.026851851851851852
0 0.9466145833333334 0.9361111111111111 0.016666666666666666 0.030555555555555555
0 0.3033854166666667 0.7351851851851852 0.01953125 0.03518518518518519
0 0.30859375 0.7078703703703704 0.0171875 0.024074074074074074
0 0.35833333333333334 0.7231481481481481 0.016927083333333332 0.03148148148148148
0 0.12291666666666666 0.7236111111111111 0.017708333333333333 0.027777777777777776
0 0.49557291666666664 0.6564814814814814 0.018489583333333334 0.02638888888888889
0 0.915625 0.675 0.018229166666666668 0.030555555555555555
0 0.18203125 0.6615740740740741 0.0171875 0.032407407407407406
0 0.92265625 0.649537037037037 0.018489583333333334 0.03611111111111111
0 0.21458333333333332 0.6083333333333333 0.015364583333333333 0.034722222222222224
0 0.06614583333333333 0.7819444444444444 0.016927083333333332 0.03333333333333333
0 0.19791666666666666 0.4583333333333333 0.022916666666666665 0.016203703703703703
0 0.328125 0.4476851851851852 0.014583333333333334 0.034722222222222224
0 0.325 0.4791666666666667 0.014322916666666666 0.029166666666666667
0 0.14375 0.42453703703703705 0.0171875 0.03657407407407407
0 0.10703125 0.38425925925925924 0.01875 0.028703703703703703
0 0.7489583333333333 0.42916666666666664 0.015885416666666666 0.03148148148148148
0 0.7557291666666667 0.4064814814814815 0.020572916666666666 0.034722222222222224
0 0.7755208333333333 0.4162037037037037 0.015885416666666666 0.033796296296296297
0 0.1734375 0.6425925925925926 0.01328125 0.029166666666666667
0 0.40182291666666664 0.25555555555555554 0.016666666666666666 0.04027777777777778
0 0.52109375 0.2638888888888889 0.017447916666666667 0.03935185185185185
0 0.13541666666666666 0.20185185185185187 0.013541666666666667 0.04537037037037037
0 0.484375 0.14444444444444443 0.021614583333333333 0.03148148148148148
0 0.8666666666666667 0.09166666666666666 0.0203125 0.03888888888888889
0 0.0328125 0.8782407407407408 0.02109375 0.0375
