0 0.5296875 0.9472222222222222 0.018489583333333334 0.03518518518518519
0 0.94296875 1.0023148148148149 0.016666666666666666 0.030555555555555555
0 0.30703125 0.8175925925925925 0.01953125 0.03518518518518519
0 0.31223958333333335 0.7930555555555555 0.0171875 0.024074074074074074
0 0.359375 0.8041666666666667 0.016145833333333335 0.03009259259259259
0 0.13255208333333332 0.8060185185185185 0.016927083333333332 0.02638888888888889
0 0.4981770833333333 0.7439814814814815 0.018489583333333334 0.02638888888888889
0 0.9135416666666667 0.7541666666666667 0.017447916666666667 0.029166666666666667
0 0.18177083333333333 0.7449074074074075 0.01640625 0.031018518518518518
0 0.9213541666666667 0.7300925925925926 0.018489583333333334 0.033796296296296297
0 0.21744791666666666 0.687962962962963 0.015364583333333333 0.034722222222222224
0 0.06770833333333333 0.8699074074074075 0.016927083333333332 0.03333333333333333
0 0.203125 0.5416666666666666 0.021875 0.015277777777777777
0 0.33359375 0.5324074074074074 0.014583333333333334 0.034722222222222224
0 0.32760416666666664 0.5611111111111111 0.014322916666666666 0.029166666666666667
0 0.14869791666666668 0.5097222222222222 0.0171875 0.03657407407407407
0 0.11015625 0.46805555555555556 0.01796875 0.027314814814814816
0 0.75 0.5125 0.015885416666666666 0.03148148148148148
0 0.75703125 0.48842592592592593 0.020572916666666666 0.034722222222222224
0 0.7763020833333333 0.5 0.015885416666666666 0.033796296296296297
0 0.17578125 0.7194444444444444 0.01328125 0.029166666666666667
0 0.403125 0.34120370370370373 0.016666666666666666 0.04027777777777778
0 0.5216145833333333 0.350462962962963 0.017447916666666667 0.03935185185185185
0 0.13984375 0.2861111111111111 0.013020833333333334 0.043055555555555555
0 0.4861979166666667 0.2300925925925926 0.01328125 0.03148148148148148
0 0.8716145833333333 0.17592592592592593 0.021354166666666667 0.040740740740740744
0 0.03619791666666667 0.9587962962962963 0.020052083333333335 0.03564814814814815
0 0.60078125 0.037037037037037035 0.028385416666666666 0.04814814814814815
