0 0.31276041666666665 0.9717592592592592 0.01953125 0.03518518518518519
0 0.3143229166666667 0.9412037037037037 0.0171875 0.03194444444444444
0 0.36223958333333334 0.9611111111111111 0.016927083333333332 0.03148148148148148
0 0.14270833333333333 0.9689814814814814 0.015885416666666666 0.032407407407407406
0 0.50234375 0.8953703703703704 0.017708333333333333 0.025
0 0.9151041666666667 0.9046296296296297 0.017447916666666667 0.029166666666666667
0 0.18854166666666666 0.9004629629629629 0.021614583333333333 0.02962962962962963
0 0.9223958333333333 0.8782407407407408 0.018489583333333334 0.040740740740740744
0 0.22578125 0.8430555555555556 0.016145833333333335 0.03657407407407407
0 0.20703125 0.6907407407407408 0.023697916666666666 0.02361111111111111
0 0.33515625 0.6912037037037037 0.014583333333333334 0.034722222222222224
0 0.3341145833333333 0.7194444444444444 0.014322916666666666 0.029166666666666667
0 0.15442708333333333 0.6680555555555555 0.0171875 0.03657407407407407
0 0.11640625 0.6236111111111111 0.01875 0.028703703703703703
0 0.7614583333333333 0.6439814814814815 0.015885416666666666 0.03148148148148148
0 0.75390625 0.6583333333333333 0.016145833333333335 0.03333333333333333
0 0.7783854166666667 0.6476851851851851 0.015104166666666667 0.032407407407407406
0 0.1828125 0.8708333333333333 0.01328125 0.029166666666666667
0 0.4083333333333333 0.4888888888888889 0.015885416666666666 0.038425925925925926
0 0.5252604166666667 0.5037037037037037 0.017447916666666667 0.03935185185185185
0 0.14427083333333332 0.44537037037037036 0.013020833333333334 0.043055555555555555
0 0.49296875 0.3736111111111111 0.023177083333333334 0.04675925925925926
0 0.8723958333333334 0.32731481481481484 0.028645833333333332 0.05462962962962963
0 0.6036458333333333 0.1925925925925926 0.020833333333333332 0.03287037037037037
0 0.9015625 0.03564814814814815 0.02265625 0.06574074074074074
0 0.6333333333333333 0.07916666666666666 0.018489583333333334 0.032407407407407406
