0 0.22395833333333334 0.9546296296296296 0.02265625 0.022685185185185187
0 0.34765625 0.9569444444444445 0.013020833333333334 0.03148148148148148
0 0.34713541666666664 0.9805555555555555 0.015104166666666667 0.030555555555555555
0 0.16223958333333333 0.9356481481481481 0.01875 0.03148148148148148
0 0.12916666666666668 0.8912037037037037 0.01796875 0.027314814814814816
0 0.7822916666666667 0.8976851851851851 0.0140625 0.03148148148148148
0 0.7578125 0.9078703703703703 0.016927083333333332 0.03518518518518519
0 0.7700520833333333 0.8967592592592593 0.01484375 0.032407407407407406
0 0.4158854166666667 0.7518518518518519 0.015885416666666666 0.038425925925925926
0 0.5265625 0.7699074074074074 0.016666666666666666 0.0375
0 0.15651041666666668 0.7129629629629629 0.014322916666666666 0.047685185185185185
0 0.4942708333333333 0.6203703703703703 0.020052083333333335 0.05324074074074074
0 0.8755208333333333 0.5634259259259259 0.03463541666666667 0.06435185185185185
0 0.6059895833333333 0.4527777777777778 0.021875 0.034722222222222224
0 0.91015625 0.29444444444444445 0.023697916666666666 0.06898148148148148
0 0.6411458333333333 0.3439814814814815 0.017708333333333333 0.031018518518518518
0 0.9669270833333333 0.14722222222222223 0.025520833333333333 0.03657407407407407
0 0.6830729166666667 0.06527777777777778 0.01953125 0.02962962962962963
0 0.7255208333333333 0.1259259259259259 0.015364583333333333 0.034722222222222224
0 0.22526041666666666 0.04953703703703704 0.011197916666666667 0.03796296296296296
0 0.25677083333333334 0.031018518518518518 0.019010416666666665 0.03425925925925926
