0 0.13333333333333333 0.9601851851851851 0.01796875 0.027314814814814816
0 0.784375 0.9555555555555556 0.0140625 0.03148148148148148
0 0.7638020833333333 0.9694444444444444 0.017708333333333333 0.037037037037037035
0 0.771875 0.9578703703703704 0.01484375 0.03518518518518519
0 0.42161458333333335 0.8217592592592593 0.015885416666666666 0.038425925925925926
0 0.5299479166666666 0.8351851851851851 0.016666666666666666 0.0375
0 0.159375 0.7833333333333333 0.014322916666666666 0.047685185185185185
0 0.49609375 0.6768518518518518 0.02109375 0.056018518518518516
0 0.884375 0.6361111111111111 0.028645833333333332 0.04675925925925926
0 0.6096354166666667 0.5138888888888888 0.020833333333333332 0.03287037037037037
0 0.9135416666666667 0.3541666666666667 0.023697916666666666 0.06898148148148148
0 0.6419270833333334 0.4050925925925926 0.016927083333333332 0.02962962962962963
0 0.9677083333333333 0.20972222222222223 0.01953125 0.03333333333333333
0 0.6861979166666666 0.1310185185185185 0.01953125 0.02962962962962963
0 0.7244791666666667 0.19444444444444445 0.015364583333333333 0.034722222222222224
0 0.22552083333333334 0.12037037037037036 0.01171875 0.02638888888888889
0 0.2598958333333333 0.10138888888888889 0.018229166666666668 0.032407407407407406
0 0.225 0.05416666666666667 0.015885416666666666 0.032407407407407406
0 0.4544270833333333 0.020370370370370372 0.01640625 0.027314814814814816
0 0.47291666666666665 0.02824074074074074 0.010677083333333334 0.03564814814814815
0 0.9919270833333333 0.05 0.01484375 0.03425925925925926
