0 0.42473958333333334 0.8976851851851851 0.015885416666666666 0.038425925925925926
0 0.53515625 0.9074074074074074 0.016666666666666666 0.0375
0 0.4940104166666667 0.7462962962962963 0.02109375 0.056018518518518516
0 0.88671875 0.7087962962962963 0.02734375 0.044444444444444446
0 0.6158854166666666 0.5902777777777778 0.020833333333333332 0.03287037037037037
0 0.9158854166666667 0.42685185185185187 0.02265625 0.04212962962962963
0 0.6442708333333333 0.4842592592592593 0.017708333333333333 0.031018518518518518
0 0.9674479166666666 0.2773148148148148 0.01953125 0.03333333333333333
0 0.6869791666666667 0.20694444444444443 0.01953125 0.02962962962962963
0 0.7265625 0.26666666666666666 0.016145833333333335 0.03657407407407407
0 0.22630208333333332 0.13703703703703704 0.01171875 0.02638888888888889
0 0.26197916666666665 0.17916666666666667 0.019270833333333334 0.03425925925925926
0 0.22994791666666667 0.2 0.015885416666666666 0.032407407407407406
0 0.4557291666666667 0.09953703703703703 0.01640625 0.027314814814814816
0 0.4744791666666667 0.11388888888888889 0.010677083333333334 0.03564814814814815
0 0.7046875 0.04490740740740741 0.017447916666666667 0.038425925925925926
0 0.41744791666666664 0.01574074074074074 0.014322916666666666 0.03148148148148148
0 0.39427083333333335 0.023148148148148147 0.01484375 0.032407407407407406
