0 0.09895833333333333 0.42592592592592593 0.03046875 0.03148148148148148
0 0.07682291666666667 0.43333333333333335 0.013802083333333333 0.024537037037037038
0 0.0609375 0.5365740740740741 0.018489583333333334 0.03333333333333333
0 0.14036458333333332 0.6439814814814815 0.020052083333333335 0.0375
0 0.14296875 0.6800925925925926 0.02109375 0.028703703703703703
0 0.05390625 0.9078703703703703 0.016666666666666666 0.032407407407407406
0 0.1390625 0.9879629629629629 0.023177083333333334 0.023148148148148147
0 0.4744791666666667 0.14351851851851852 0.017447916666666667 0.03333333333333333
0 0.53359375 0.12453703703703704 0.01328125 0.027314814814814816
0 0.5528645833333333 0.3087962962962963 0.03515625 0.05324074074074074
0 0.4864583333333333 0.46296296296296297 0.040364583333333336 0.04537037037037037
0 0.5104166666666666 0.7013888888888888 0.02265625 0.034722222222222224
0 0.44192708333333336 0.8449074074074074 0.01796875 0.046296296296296294
0 0.5122395833333333 0.8708333333333333 0.020572916666666666 0.027777777777777776
0 0.696875 0.3925925925925926 0.017447916666666667 0.028703703703703703
0 0.6515625 0.2912037037037037 0.015364583333333333 0.034722222222222224
0 0.7109375 0.29212962962962963 0.01640625 0.02546296296296296
0 0.7658854166666667 0.34305555555555556 0.02109375 0.04212962962962963
0 0.9229166666666667 0.39166666666666666 0.029166666666666667 0.029166666666666667
0 0.93828125 0.4476851851851852 0.020052083333333335 0.034722222222222224
0 0.9151041666666667 0.16574074074074074 0.01484375 0.032407407407407406
0 0.92265625 0.17037037037037037 0.016927083333333332 0.03611111111111111
0 0.03177083333333333 0.42407407407407405 0.012760416666666666 0.032407407407407406
0 0.01171875 0.4046296296296296 0.018489583333333334 0.03657407407407407
