0 0.43125 0.9662037037037037 0.015885416666666666 0.038425925925925926
0 0.5354166666666667 0.9810185185185185 0.016666666666666666 0.03935185185185185
0 0.49557291666666664 0.8064814814814815 0.02109375 0.056018518518518516
0 0.8916666666666667 0.775 0.026041666666666668 0.04212962962962963
0 0.6182291666666667 0.6620370370370371 0.021875 0.034722222222222224
0 0.9213541666666667 0.4949074074074074 0.02265625 0.04212962962962963
0 0.6442708333333333 0.5569444444444445 0.017708333333333333 0.031018518518518518
0 0.9705729166666667 0.3472222222222222 0.018489583333333334 0.03194444444444444
0 0.69140625 0.27824074074074073 0.01953125 0.02962962962962963
0 0.7265625 0.33611111111111114 0.016145833333333335 0.03657407407407407
0 0.26510416666666664 0.25555555555555554 0.018229166666666668 0.032407407407407406
0 0.22682291666666668 0.2199074074074074 0.016666666666666666 0.03425925925925926
0 0.45729166666666665 0.17777777777777778 0.01640625 0.027314814814814816
0 0.47604166666666664 0.18703703703703703 0.011197916666666667 0.0375
0 0.7028645833333333 0.11527777777777778 0.016666666666666666 0.03657407407407407
0 0.4203125 0.08935185185185185 0.014322916666666666 0.03148148148148148
0 0.39609375 0.09675925925925925 0.01484375 0.032407407407407406
0 0.9950520833333333 0.034722222222222224 0.00859375 0.024537037037037038
0 0.63515625 0.029166666666666667 0.01484375 0.03564814814814815
0 0.38723958333333336 0.014814814814814815 0.03307291666666667 0.03009259259259259
0 0.23177083333333334 0.2796296296296296 0.016927083333333332 0.03148148148148148
