0 0.49635416666666665 0.8634259259259259 0.020052083333333335 0.05324074074074074
0 0.8955729166666667 0.8310185185185185 0.02734375 0.044444444444444446
0 0.6213541666666667 0.725 0.015885416666666666 0.034722222222222224
0 0.9208333333333333 0.5476851851851852 0.021614583333333333 0.04027777777777778
0 0.6466145833333333 0.6180555555555556 0.017708333333333333 0.031018518518518518
0 0.9713541666666666 0.40185185185185185 0.017708333333333333 0.030555555555555555
0 0.68984375 0.3435185185185185 0.018489583333333334 0.02824074074074074
0 0.7231770833333333 0.3972222222222222 0.016927083333333332 0.038425925925925926
0 0.26979166666666665 0.32731481481481484 0.018229166666666668 0.032407407407407406
0 0.22395833333333334 0.2828703703703704 0.015885416666666666 0.032407407407407406
0 0.45677083333333335 0.2513888888888889 0.01640625 0.027314814814814816
0 0.4765625 0.25555555555555554 0.011197916666666667 0.0375
0 0.6984375 0.17407407407407408 0.017447916666666667 0.038425925925925926
0 0.41901041666666666 0.16018518518518518 0.014322916666666666 0.03148148148148148
0 0.396875 0.16944444444444445 0.01484375 0.032407407407407406
0 0.9958333333333333 0.09074074074074075 0.009114583333333334 0.025925925925925925
0 0.63125 0.09537037037037037 0.01484375 0.03564814814814815
0 0.38567708333333334 0.07685185185185185 0.031510416666666666 0.028703703703703703
0 0.23463541666666668 0.35509259259259257 0.016927083333333332 0.03148148148148148
0 0.2838541666666667 0.04953703703703704 0.012760416666666666 0.025925925925925925
0 0.32109375 0.03796296296296296 0.012239583333333333 0.024537037037037038
0 0.35 0.03796296296296296 0.016927083333333332 0.024537037037037038
0 0.6489583333333333 0.031018518518518518 0.02890625 0.044444444444444446
