0 0.5005208333333333 0.9152777777777777 0.020052083333333335 0.05324074074074074
0 0.9036458333333334 0.8935185185185185 0.02734375 0.044444444444444446
0 0.6252604166666667 0.7875 0.015885416666666666 0.034722222222222224
0 0.9263020833333333 0.6027777777777777 0.020572916666666666 0.05462962962962963
0 0.6479166666666667 0.6768518518518518 0.017708333333333333 0.031018518518518518
0 0.9778645833333334 0.4564814814814815 0.016927083333333332 0.029166666666666667
0 0.6927083333333334 0.3990740740740741 0.01953125 0.02962962962962963
0 0.7255208333333333 0.4527777777777778 0.016927083333333332 0.038425925925925926
0 0.2752604166666667 0.3888888888888889 0.019270833333333334 0.03425925925925926
0 0.225 0.34953703703703703 0.015885416666666666 0.032407407407407406
0 0.4591145833333333 0.31666666666666665 0.015625 0.025925925925925925
0 0.4791666666666667 0.325 0.01171875 0.03935185185185185
0 0.6919270833333333 0.23287037037037037 0.016666666666666666 0.03657407407407407
0 0.42109375 0.21712962962962962 0.014322916666666666 0.03148148148148148
0 0.39765625 0.2324074074074074 0.0140625 0.031018518518518518
0 0.9950520833333333 0.1425925925925926 0.009114583333333334 0.025925925925925925
0 0.6296875 0.1550925925925926 0.015625 0.0375
0 0.38333333333333336 0.1398148148148148 0.031510416666666666 0.028703703703703703
0 0.23854166666666668 0.41574074074074074 0.016927083333333332 0.03148148148148148
0 0.2859375 0.11574074074074074 0.01328125 0.027314814814814816
0 0.32421875 0.1037037037037037 0.012239583333333333 0.024537037037037038
0 0.35 0.10601851851851851 0.016927083333333332 0.024537037037037038
0 0.6526041666666667 0.08611111111111111 0.027604166666666666 0.04212962962962963
