0 0.5057291666666667 0.9550925925925926 0.020052083333333335 0.05324074074074074
0 0.9083333333333333 0.9291666666666667 0.02734375 0.044444444444444446
0 0.6296875 0.8319444444444445 0.015885416666666666 0.034722222222222224
0 0.9317708333333333 0.6370370370370371 0.021614583333333333 0.05740740740740741
0 0.6549479166666666 0.7185185185185186 0.017708333333333333 0.031018518518518518
0 0.97890625 0.49166666666666664 0.016927083333333332 0.029166666666666667
0 0.6979166666666666 0.4412037037037037 0.01953125 0.02962962962962963
0 0.7252604166666666 0.49675925925925923 0.016927083333333332 0.038425925925925926
0 0.27838541666666666 0.4444444444444444 0.018229166666666668 0.032407407407407406
0 0.22682291666666668 0.40370370370370373 0.015885416666666666 0.032407407407407406
0 0.459375 0.3625 0.01640625 0.027314814814814816
0 0.47994791666666664 0.3625 0.01171875 0.03935185185185185
0 0.6908854166666667 0.2708333333333333 0.015885416666666666 0.034722222222222224
0 0.4244791666666667 0.2662037037037037 0.015104166666666667 0.03287037037037037
0 0.3997395833333333 0.27546296296296297 0.01328125 0.02962962962962963
0 0.99765625 0.17824074074074073 0.009114583333333334 0.025925925925925925
0 0.6361979166666667 0.19814814814814816 0.01484375 0.03564814814814815
0 0.37890625 0.1884259259259259 0.03307291666666667 0.03009259259259259
0 0.240625 0.46620370370370373 0.016927083333333332 0.03148148148148148
0 0.28828125 0.16527777777777777 0.012760416666666666 0.025925925925925925
0 0.325 0.15138888888888888 0.012239583333333333 0.024537037037037038
0 0.35234375 0.1476851851851852 0.016927083333333332 0.024537037037037038
0 0.65234375 0.1310185185185185 0.026302083333333334 0.04027777777777778
