0 0.50234375 0.9916666666666667 0.020052083333333335 0.05324074074074074
0 0.9130208333333333 0.9689814814814814 0.02734375 0.044444444444444446
0 0.634375 0.874537037037037 0.019270833333333334 0.034722222222222224
0 0.9346354166666667 0.6731481481481482 0.021614583333333333 0.05740740740740741
0 0.6575520833333334 0.7611111111111111 0.017708333333333333 0.031018518518518518
0 0.9833333333333333 0.5337962962962963 0.016927083333333332 0.029166666666666667
0 0.6955729166666667 0.48657407407407405 0.018489583333333334 0.02824074074074074
0 0.7302083333333333 0.5300925925925926 0.016927083333333332 0.038425925925925926
0 0.2828125 0.5013888888888889 0.018229166666666668 0.032407407407407406
0 0.22682291666666668 0.4550925925925926 0.015104166666666667 0.031018518518518518
0 0.45989583333333334 0.42083333333333334 0.015625 0.025925925925925925
0 0.48333333333333334 0.40879629629629627 0.01171875 0.03935185185185185
0 0.6903645833333333 0.31851851851851853 0.015885416666666666 0.034722222222222224
0 0.4236979166666667 0.3148148148148148 0.014322916666666666 0.03148148148148148
0 0.40234375 0.32407407407407407 0.01328125 0.02962962962962963
0 0.9955729166666667 0.22361111111111112 0.009114583333333334 0.025925925925925925
0 0.6356770833333333 0.24537037037037038 0.0140625 0.033796296296296297
0 0.37864583333333335 0.24444444444444444 0.031510416666666666 0.028703703703703703
0 0.24739583333333334 0.5162037037037037 0.016927083333333332 0.03148148148148148
0 0.28880208333333335 0.21944444444444444 0.012760416666666666 0.025925925925925925
0 0.325 0.20833333333333334 0.015104166666666667 0.041666666666666664
0 0.3541666666666667 0.20416666666666666 0.016145833333333335 0.023148148148148147
0 0.6544270833333333 0.17592592592592593 0.025 0.038425925925925926
0 0.37838541666666664 0.05740740740740741 0.023697916666666666 0.0375
0 0.34713541666666664 0.047685185185185185 0.01640625 0.03657407407407407
