0 0.6466145833333333 0.9935185185185185 0.019270833333333334 0.034722222222222224
0 0.94921875 0.7851851851851852 0.02265625 0.0587962962962963
0 0.67578125 0.8949074074074074 0.017708333333333333 0.03564814814814815
0 0.9916666666666667 0.6370370370370371 0.017708333333333333 0.030555555555555555
0 0.7106770833333333 0.5958333333333333 0.01953125 0.02962962962962963
0 0.73984375 0.6527777777777778 0.016927083333333332 0.038425925925925926
0 0.29583333333333334 0.6425925925925926 0.016666666666666666 0.02962962962962963
0 0.4661458333333333 0.5597222222222222 0.0140625 0.023148148148148147
0 0.49166666666666664 0.5458333333333333 0.010677083333333334 0.03564814814814815
0 0.68671875 0.4356481481481482 0.016666666666666666 0.03657407407407407
0 0.4317708333333333 0.4444444444444444 0.015104166666666667 0.03287037037037037
0 0.40989583333333335 0.4597222222222222 0.01328125 0.02962962962962963
0 0.6403645833333333 0.3578703703703704 0.01484375 0.03564814814814815
0 0.3807291666666667 0.37916666666666665 0.03307291666666667 0.03009259259259259
0 0.25729166666666664 0.6615740740740741 0.016927083333333332 0.03148148148148148
0 0.2994791666666667 0.3574074074074074 0.012760416666666666 0.025925925925925925
0 0.33151041666666664 0.3435185185185185 0.015885416666666666 0.022685185185185187
0 0.35989583333333336 0.3402777777777778 0.016145833333333335 0.023148148148148147
0 0.65859375 0.2949074074074074 0.025 0.038425925925925926
0 0.35130208333333335 0.1824074074074074 0.012239583333333333 0.030555555555555555
0 0.38203125 0.19212962962962962 0.014583333333333334 0.029166666666666667
0 0.9609375 0.0912037037037037 0.020572916666666666 0.044444444444444446
0 0.9924479166666667 0.09768518518518518 0.015104166666666667 0.05462962962962963
0 0.3645833333333333 0.08009259259259259 0.015104166666666667 0.031018518518518518
0 0.9880208333333333 0.03194444444444444 0.016145833333333335 0.040740740740740744
0 0.77109375 0.05555555555555555 0.01796875 0.03425925925925926
0 0.4356770833333333 0.07777777777777778 0.02109375 0.03425925925925926
0 0.50859375 0.07314814814814814 0.02109375 0.029166666666666667
0 0.22734375 0.6023148148148149 0.017447916666666667 0.029166666666666667
0 0.403125 0.02638888888888889 0.015885416666666666 0.03564814814814815
0 0.5486979166666667 0.03194444444444444 0.019010416666666665 0.040740740740740744
