0 0.6471354166666666 0.9935185185185185 0.019270833333333334 0.034722222222222224
0 0.9549479166666667 0.8083333333333333 0.02265625 0.0587962962962963
0 0.6791666666666667 0.924074074074074 0.017708333333333333 0.03564814814814815
0 0.9901041666666667 0.6560185185185186 0.018489583333333334 0.03194444444444444
0 0.7138020833333333 0.625 0.01953125 0.02962962962962963
0 0.7455729166666667 0.6791666666666667 0.017708333333333333 0.04027777777777778
0 0.29791666666666666 0.6754629629629629 0.016666666666666666 0.02962962962962963
0 0.46927083333333336 0.5916666666666667 0.0140625 0.024074074074074074
0 0.4947916666666667 0.5745370370370371 0.014322916666666666 0.027314814814814816
0 0.6861979166666666 0.4634259259259259 0.017447916666666667 0.038425925925925926
0 0.434375 0.4773148148148148 0.014322916666666666 0.03148148148148148
0 0.4114583333333333 0.49537037037037035 0.012760416666666666 0.02824074074074074
0 0.6403645833333333 0.38935185185185184 0.015625 0.0375
0 0.37864583333333335 0.39861111111111114 0.031510416666666666 0.028703703703703703
0 0.25833333333333336 0.6958333333333333 0.016927083333333332 0.03148148148148148
0 0.3026041666666667 0.3861111111111111 0.012760416666666666 0.025925925925925925
0 0.33697916666666666 0.37407407407407406 0.015885416666666666 0.022685185185185187
0 0.36380208333333336 0.37175925925925923 0.016145833333333335 0.023148148148148147
0 0.6630208333333333 0.32083333333333336 0.026302083333333334 0.04027777777777778
0 0.35390625 0.21203703703703702 0.012239583333333333 0.030555555555555555
0 0.3846354166666667 0.2222222222222222 0.014583333333333334 0.029166666666666667
0 0.9625 0.1175925925925926 0.020572916666666666 0.044444444444444446
0 0.9953125 0.11435185185185186 0.009375 0.0412037037037037
0 0.36875 0.10555555555555556 0.015104166666666667 0.031018518518518518
0 0.9911458333333333 0.0587962962962963 0.016927083333333332 0.04259259259259259
0 0.775 0.0824074074074074 0.01875 0.03611111111111111
0 0.4434895833333333 0.11203703703703703 0.02109375 0.03425925925925926
0 0.5080729166666667 0.10694444444444444 0.020052083333333335 0.027777777777777776
0 0.22916666666666666 0.6365740740740741 0.017447916666666667 0.029166666666666667
0 0.403125 0.06342592592592593 0.015885416666666666 0.03564814814814815
0 0.5520833333333334 0.046296296296296294 0.019010416666666665 0.040740740740740744
0 0.5361979166666667 0.02638888888888889 0.016927083333333332 0.033796296296296297
