0 0.959375 0.8347222222222223 0.02265625 0.0587962962962963
0 0.6815104166666667 0.9541666666666667 0.018489583333333334 0.0375
0 0.9927083333333333 0.6907407407407408 0.01953125 0.033796296296296297
0 0.7182291666666667 0.6578703703703703 0.018489583333333334 0.02824074074074074
0 0.7484375 0.7097222222222223 0.01875 0.04259259259259259
0 0.30182291666666666 0.7074074074074074 0.016666666666666666 0.02962962962962963
0 0.47265625 0.6287037037037037 0.01328125 0.023148148148148147
0 0.4973958333333333 0.6148148148148148 0.013541666666666667 0.025925925925925925
0 0.6833333333333333 0.5 0.018489583333333334 0.04027777777777778
0 0.43854166666666666 0.5171296296296296 0.015104166666666667 0.03287037037037037
0 0.41510416666666666 0.5236111111111111 0.012760416666666666 0.02824074074074074
0 0.6453125 0.4212962962962963 0.015625 0.0375
0 0.38567708333333334 0.44166666666666665 0.0296875 0.03009259259259259
0 0.2643229166666667 0.7291666666666666 0.016927083333333332 0.03148148148148148
0 0.3098958333333333 0.42592592592592593 0.012760416666666666 0.025925925925925925
0 0.33645833333333336 0.412962962962963 0.015104166666666667 0.02175925925925926
0 0.36875 0.4074074074074074 0.016145833333333335 0.023148148148148147
0 0.6666666666666666 0.3523148148148148 0.027604166666666666 0.04259259259259259
0 0.3572916666666667 0.24259259259259258 0.012239583333333333 0.030555555555555555
0 0.3890625 0.25601851851851853 0.014583333333333334 0.029166666666666667
0 0.9666666666666667 0.14953703703703702 0.021614583333333333 0.04675925925925926
0 0.9953125 0.14444444444444443 0.009375 0.0412037037037037
0 0.3736979166666667 0.14166666666666666 0.015104166666666667 0.031018518518518518
0 0.990625 0.08842592592592592 0.017708333333333333 0.04490740740740741
0 0.7752604166666667 0.11388888888888889 0.01796875 0.03425925925925926
0 0.44479166666666664 0.14722222222222223 0.020052083333333335 0.032407407407407406
0 0.51171875 0.14444444444444443 0.019010416666666665 0.02638888888888889
0 0.22890625 0.6736111111111112 0.017447916666666667 0.029166666666666667
0 0.4049479166666667 0.09305555555555556 0.015885416666666666 0.03564814814814815
0 0.5533854166666666 0.08009259259259259 0.019010416666666665 0.040740740740740744
0 0.5377604166666666 0.05555555555555555 0.016145833333333335 0.032407407407407406
