0 0.09895833333333333 0.42592592592592593 0.02890625 0.03009259259259259
0 0.07630208333333334 0.4351851851851852 0.013802083333333333 0.024537037037037038
0 0.06145833333333333 0.5375 0.018489583333333334 0.03333333333333333
0 0.13880208333333333 0.6462962962962963 0.020052083333333335 0.0375
0 0.1421875 0.6782407407407407 0.02109375 0.028703703703703703
0 0.05390625 0.9111111111111111 0.016666666666666666 0.032407407407407406
0 0.1390625 0.986574074074074 0.023177083333333334 0.023148148148148147
0 0.47578125 0.14027777777777778 0.017447916666666667 0.03333333333333333
0 0.5346354166666667 0.12361111111111112 0.01328125 0.027314814814814816
0 0.5505208333333333 0.3106481481481482 0.03515625 0.05324074074074074
0 0.48854166666666665 0.4648148148148148 0.03854166666666667 0.043055555555555555
0 0.5088541666666667 0.7041666666666667 0.02265625 0.034722222222222224
0 0.44088541666666664 0.8425925925925926 0.01796875 0.046296296296296294
0 0.5111979166666667 0.8694444444444445 0.020572916666666666 0.027777777777777776
0 0.69765625 0.3902777777777778 0.017447916666666667 0.028703703703703703
0 0.6526041666666667 0.29212962962962963 0.015364583333333333 0.034722222222222224
0 0.7098958333333333 0.2912037037037037 0.01640625 0.02546296296296296
0 0.7658854166666667 0.34444444444444444 0.02109375 0.04212962962962963
0 0.9255208333333333 0.3925925925925926 0.029166666666666667 0.029166666666666667
0 0.9380208333333333 0.4462962962962963 0.020052083333333335 0.034722222222222224
0 0.915625 0.16620370370370371 0.01484375 0.032407407407407406
0 0.9236979166666667 0.1712962962962963 0.016927083333333332 0.03611111111111111
0 0.03229166666666667 0.42268518518518516 0.019010416666666665 0.034722222222222224
0 0.011979166666666667 0.40694444444444444 0.015885416666666666 0.04259259259259259
