0 0.9638020833333333 0.8560185185185185 0.02265625 0.0587962962962963
0 0.6864583333333333 0.9810185185185185 0.018489583333333334 0.0375
0 0.721875 0.6861111111111111 0.01953125 0.02962962962962963
0 0.7520833333333333 0.736574074074074 0.01875 0.025
0 0.3059895833333333 0.7430555555555556 0.016666666666666666 0.02962962962962963
0 0.47760416666666666 0.6657407407407407 0.01328125 0.034722222222222224
0 0.50390625 0.6462962962962963 0.013020833333333334 0.024537037037037038
0 0.6848958333333334 0.5296296296296297 0.018489583333333334 0.04027777777777778
0 0.44114583333333335 0.5476851851851852 0.011197916666666667 0.03287037037037037
0 0.41848958333333336 0.5601851851851852 0.01328125 0.02962962962962963
0 0.6484375 0.4398148148148148 0.015625 0.0375
0 0.38515625 0.48194444444444445 0.03125 0.03148148148148148
0 0.2640625 0.7689814814814815 0.016927083333333332 0.03148148148148148
0 0.31171875 0.45925925925925926 0.012239583333333333 0.024537037037037038
0 0.3411458333333333 0.4462962962962963 0.014322916666666666 0.020833333333333332
0 0.36796875 0.44074074074074077 0.016145833333333335 0.023148148148148147
0 0.6690104166666667 0.3787037037037037 0.026302083333333334 0.04027777777777778
0 0.3572916666666667 0.2773148148148148 0.012239583333333333 0.030555555555555555
0 0.3888020833333333 0.2861111111111111 0.013802083333333333 0.027777777777777776
0 0.96796875 0.175 0.021614583333333333 0.04675925925925926
0 0.9947916666666666 0.16944444444444445 0.009895833333333333 0.043055555555555555
0 0.37526041666666665 0.1712962962962963 0.014322916666666666 0.02962962962962963
0 0.990625 0.10925925925925926 0.017708333333333333 0.04490740740740741
0 0.7778645833333333 0.1425925925925926 0.01796875 0.03425925925925926
0 0.45208333333333334 0.1865740740740741 0.020052083333333335 0.032407407407407406
0 0.5125 0.17407407407407408 0.019010416666666665 0.02638888888888889
0 0.23072916666666668 0.7097222222222223 0.017447916666666667 0.029166666666666667
0 0.40729166666666666 0.12916666666666668 0.015885416666666666 0.03564814814814815
0 0.5458333333333333 0.12083333333333333 0.01875 0.040740740740740744
0 0.5361979166666667 0.08101851851851852 0.012760416666666666 0.03657407407407407
