0 0.9822916666666667 0.8722222222222222 0.02265625 0.0587962962962963
0 0.73515625 0.7240740740740741 0.018489583333333334 0.02824074074074074
0 0.7700520833333333 0.7712962962962963 0.019791666666666666 0.02638888888888889
0 0.3140625 0.8263888888888888 0.017447916666666667 0.031018518518518518
0 0.49114583333333334 0.7402777777777778 0.01328125 0.034722222222222224
0 0.5138020833333333 0.712037037037037 0.013020833333333334 0.024074074074074074
0 0.68671875 0.5726851851851852 0.018489583333333334 0.04027777777777778
0 0.4484375 0.6194444444444445 0.011197916666666667 0.03287037037037037
0 0.42604166666666665 0.6328703703703704 0.012760416666666666 0.02824074074074074
0 0.6544270833333333 0.4976851851851852 0.015625 0.0375
0 0.38697916666666665 0.5504629629629629 0.019010416666666665 0.01990740740740741
0 0.27838541666666666 0.8555555555555555 0.018489583333333334 0.034722222222222224
0 0.3182291666666667 0.5416666666666666 0.01328125 0.027314814814814816
0 0.34453125 0.5259259259259259 0.014322916666666666 0.024537037037037038
0 0.3734375 0.5148148148148148 0.016927083333333332 0.024074074074074074
0 0.671875 0.42314814814814816 0.026302083333333334 0.04027777777777778
0 0.3572916666666667 0.3527777777777778 0.012239583333333333 0.030555555555555555
0 0.3880208333333333 0.36435185185185187 0.013802083333333333 0.027777777777777776
0 0.9677083333333333 0.19444444444444445 0.020572916666666666 0.044444444444444446
0 0.9947916666666666 0.1884259259259259 0.009895833333333333 0.043055555555555555
0 0.371875 0.225 0.013541666666666667 0.02824074074074074
0 0.9903645833333333 0.1375 0.01875 0.04722222222222222
0 0.7760416666666666 0.18333333333333332 0.01875 0.03611111111111111
0 0.45546875 0.24861111111111112 0.013020833333333334 0.03888888888888889
0 0.5075520833333333 0.23842592592592593 0.018229166666666668 0.025
0 0.4 0.19722222222222222 0.015885416666666666 0.03564814814814815
0 0.5328125 0.19444444444444445 0.019791666666666666 0.04259259259259259
0 0.5346354166666667 0.14537037037037037 0.012239583333333333 0.034722222222222224
0 0.8380208333333333 0.006944444444444444 0.01328125 0.014351851851851852
0 0.8057291666666667 0.009259259259259259 0.015364583333333333 0.018518518518518517
