0 0.9875 0.8768518518518519 0.023697916666666666 0.06157407407407407
0 0.74140625 0.7384259259259259 0.01953125 0.02962962962962963
0 0.7763020833333333 0.7842592592592592 0.019791666666666666 0.02638888888888889
0 0.3182291666666667 0.8523148148148149 0.017447916666666667 0.031018518518518518
0 0.49609375 0.7648148148148148 0.0140625 0.03657407407407407
0 0.51875 0.7375 0.013020833333333334 0.024074074074074074
0 0.6859375 0.5875 0.018489583333333334 0.04027777777777778
0 0.45338541666666665 0.6449074074074074 0.010677083333333334 0.03148148148148148
0 0.42994791666666665 0.6560185185185186 0.012760416666666666 0.02824074074074074
0 0.6575520833333334 0.5148148148148148 0.01640625 0.03935185185185185
0 0.38723958333333336 0.5805555555555556 0.019010416666666665 0.01990740740740741
0 0.2830729166666667 0.8847222222222222 0.018489583333333334 0.034722222222222224
0 0.31953125 0.575 0.01328125 0.027314814814814816
0 0.34765625 0.549537037037037 0.013541666666666667 0.023148148148148147
0 0.37526041666666665 0.5430555555555555 0.016927083333333332 0.024074074074074074
0 0.6729166666666667 0.4393518518518518 0.026302083333333334 0.04027777777777778
0 0.3580729166666667 0.38564814814814813 0.012239583333333333 0.030555555555555555
0 0.38984375 0.39166666666666666 0.014583333333333334 0.029166666666666667
0 0.9677083333333333 0.2 0.020572916666666666 0.044444444444444446
0 0.9950520833333333 0.19166666666666668 0.009895833333333333 0.043055555555555555
0 0.3692708333333333 0.25462962962962965 0.013020833333333334 0.026851851851851852
0 0.9888020833333333 0.1412037037037037 0.017708333333333333 0.04490740740740741
0 0.7739583333333333 0.1986111111111111 0.01875 0.03611111111111111
0 0.4552083333333333 0.27546296296296297 0.018489583333333334 0.043055555555555555
0 0.5072916666666667 0.262037037037037 0.018229166666666668 0.025
0 0.40260416666666665 0.22453703703703703 0.015885416666666666 0.03564814814814815
0 0.5265625 0.22083333333333333 0.020833333333333332 0.04490740740740741
0 0.53203125 0.16805555555555557 0.012239583333333333 0.034722222222222224
0 0.8354166666666667 0.014351851851851852 0.0140625 0.015277777777777777
0 0.803125 0.016666666666666666 0.015364583333333333 0.031018518518518518
