0 0.7557291666666667 0.7726851851851851 0.01953125 0.02962962962962963
0 0.7934895833333333 0.8152777777777778 0.020572916666666666 0.027777777777777776
0 0.3419270833333333 0.9194444444444444 0.017447916666666667 0.031018518518518518
0 0.509375 0.8319444444444445 0.01484375 0.038425925925925926
0 0.5278645833333333 0.799074074074074 0.013020833333333334 0.024074074074074074
0 0.6830729166666667 0.6277777777777778 0.01953125 0.04212962962962963
0 0.4627604166666667 0.7 0.01015625 0.03009259259259259
0 0.440625 0.7125 0.012760416666666666 0.02824074074074074
0 0.6643229166666667 0.5527777777777778 0.01640625 0.03935185185185185
0 0.39427083333333335 0.6361111111111111 0.015625 0.02361111111111111
0 0.29609375 0.9537037037037037 0.017708333333333333 0.03287037037037037
0 0.33098958333333334 0.6365740740740741 0.01328125 0.027314814814814816
0 0.3572916666666667 0.6231481481481481 0.013541666666666667 0.023148148148148147
0 0.384375 0.6050925925925926 0.017708333333333333 0.02546296296296296
0 0.678125 0.475462962962963 0.026302083333333334 0.04027777777777778
0 0.3609375 0.44212962962962965 0.01171875 0.029166666666666667
0 0.39427083333333335 0.4476851851851852 0.013802083333333333 0.027777777777777776
0 0.97265625 0.2152777777777778 0.021614583333333333 0.04675925925925926
0 0.9947916666666666 0.20462962962962963 0.009895833333333333 0.043055555555555555
0 0.37057291666666664 0.30462962962962964 0.013020833333333334 0.026851851851851852
0 0.98828125 0.16342592592592592 0.017708333333333333 0.04490740740740741
0 0.77109375 0.225 0.019791666666666666 0.03796296296296296
0 0.46822916666666664 0.3439814814814815 0.01328125 0.03148148148148148
0 0.5044270833333333 0.32546296296296295 0.018229166666666668 0.025
0 0.40677083333333336 0.2865740740740741 0.016666666666666666 0.04675925925925926
0 0.5203125 0.2810185185185185 0.021875 0.04722222222222222
0 0.5263020833333333 0.2199074074074074 0.0109375 0.03657407407407407
0 0.8325520833333333 0.02824074074074074 0.014583333333333334 0.03333333333333333
0 0.7989583333333333 0.04953703703703704 0.0234375 0.04259259259259259
0 0.5502604166666667 0.013425925925925926 0.01171875 0.03425925925925926
