0 0.75703125 0.8032407407407407 0.018489583333333334 0.02824074074074074
0 0.7981770833333334 0.8407407407407408 0.020572916666666666 0.027777777777777776
0 0.34609375 0.9458333333333333 0.018229166666666668 0.032407407407407406
0 0.51484375 0.8587962962962963 0.015625 0.04027777777777778
0 0.5309895833333333 0.8245370370370371 0.013020833333333334 0.024074074074074074
0 0.6869791666666667 0.6537037037037037 0.018489583333333334 0.04027777777777778
0 0.4669270833333333 0.7236111111111111 0.01015625 0.03009259259259259
0 0.4434895833333333 0.7393518518518518 0.012760416666666666 0.02824074074074074
0 0.6666666666666666 0.575925925925926 0.015625 0.0375
0 0.39427083333333335 0.6675925925925926 0.01484375 0.022685185185185187
0 0.29713541666666665 0.9763888888888889 0.017708333333333333 0.03287037037037037
0 0.3338541666666667 0.6606481481481481 0.01328125 0.027314814814814816
0 0.3567708333333333 0.6527777777777778 0.014322916666666666 0.024074074074074074
0 0.38671875 0.6287037037037037 0.017708333333333333 0.02546296296296296
0 0.6809895833333334 0.4986111111111111 0.026302083333333334 0.04027777777777778
0 0.3651041666666667 0.4708333333333333 0.011197916666666667 0.027777777777777776
0 0.3971354166666667 0.4726851851851852 0.014583333333333334 0.029166666666666667
0 0.9796875 0.23703703703703705 0.021614583333333333 0.04675925925925926
0 0.9950520833333333 0.22777777777777777 0.009895833333333333 0.043055555555555555
0 0.3734375 0.32222222222222224 0.013020833333333334 0.026851851851851852
0 0.990625 0.18564814814814815 0.017708333333333333 0.04490740740740741
0 0.7770833333333333 0.24583333333333332 0.020833333333333332 0.03981481481481482
0 0.4747395833333333 0.3662037037037037 0.01328125 0.03148148148148148
0 0.50546875 0.3490740740740741 0.017447916666666667 0.02361111111111111
0 0.40729166666666666 0.3125 0.017447916666666667 0.032407407407407406
0 0.5200520833333333 0.31574074074074077 0.021354166666666667 0.03888888888888889
0 0.5286458333333334 0.2449074074074074 0.011458333333333333 0.038425925925925926
0 0.83515625 0.05 0.015364583333333333 0.03518518518518519
0 0.8013020833333333 0.06944444444444445 0.0234375 0.04259259259259259
0 0.5541666666666667 0.025 0.012239583333333333 0.050462962962962966
0 0.8072916666666666 0.008333333333333333 0.018489583333333334 0.01712962962962963
0 0.5846354166666666 0.01712962962962963 0.020052083333333335 0.03425925925925926
