0 0.7635416666666667 0.8449074074074074 0.01953125 0.02962962962962963
0 0.803125 0.8791666666666667 0.021614583333333333 0.029166666666666667
0 0.35234375 0.9828703703703704 0.018229166666666668 0.032407407407407406
0 0.51875 0.9069444444444444 0.015625 0.04027777777777778
0 0.5341145833333333 0.874537037037037 0.01484375 0.038425925925925926
0 0.6841145833333333 0.6935185185185185 0.01953125 0.04212962962962963
0 0.46875 0.7648148148148148 0.010677083333333334 0.03148148148148148
0 0.4479166666666667 0.7787037037037037 0.01328125 0.02962962962962963
0 0.6692708333333334 0.6143518518518518 0.01640625 0.03935185185185185
0 0.3963541666666667 0.6953703703703704 0.015625 0.02361111111111111
0 0.34088541666666666 0.700925925925926 0.0140625 0.028703703703703703
0 0.36223958333333334 0.6967592592592593 0.015104166666666667 0.02546296296296296
0 0.3890625 0.6699074074074074 0.018489583333333334 0.026851851851851852
0 0.684375 0.5370370370370371 0.026302083333333334 0.04027777777777778
0 0.3671875 0.5115740740740741 0.011197916666666667 0.027777777777777776
0 0.4 0.512962962962963 0.015104166666666667 0.030555555555555555
0 0.9856770833333334 0.2777777777777778 0.027083333333333334 0.03564814814814815
0 0.99609375 0.22407407407407406 0.00703125 0.043055555555555555
0 0.37526041666666665 0.3560185185185185 0.014322916666666666 0.02962962962962963
0 0.78125 0.2847222222222222 0.020833333333333332 0.03981481481481482
0 0.48020833333333335 0.4199074074074074 0.0140625 0.03287037037037037
0 0.5135416666666667 0.3912037037037037 0.018229166666666668 0.025
0 0.41328125 0.36018518518518516 0.017447916666666667 0.032407407407407406
0 0.52265625 0.3592592592592593 0.022395833333333334 0.040740740740740744
0 0.53046875 0.28379629629629627 0.011458333333333333 0.038425925925925926
0 0.8385416666666666 0.09259259259259259 0.016145833333333335 0.03657407407407407
0 0.8052083333333333 0.10833333333333334 0.0234375 0.04259259259259259
0 0.55859375 0.05787037037037037 0.01171875 0.04814814814814815
0 0.8145833333333333 0.04398148148148148 0.01953125 0.020370370370370372
0 0.5880208333333333 0.053703703703703705 0.019010416666666665 0.032407407407407406
