0 0.7630208333333334 0.8685185185185185 0.01953125 0.02962962962962963
0 0.8041666666666667 0.9064814814814814 0.021614583333333333 0.029166666666666667
0 0.5184895833333333 0.9305555555555556 0.015625 0.04027777777777778
0 0.5356770833333333 0.8972222222222223 0.01484375 0.038425925925925926
0 0.67890625 0.7152777777777778 0.01953125 0.04212962962962963
0 0.4671875 0.7856481481481481 0.011197916666666667 0.03333333333333333
0 0.4473958333333333 0.799537037037037 0.01328125 0.02962962962962963
0 0.6677083333333333 0.6342592592592593 0.01640625 0.03935185185185185
0 0.3919270833333333 0.7305555555555555 0.015625 0.02361111111111111
0 0.340625 0.7189814814814814 0.0140625 0.028703703703703703
0 0.35833333333333334 0.7194444444444444 0.015104166666666667 0.02546296296296296
0 0.38776041666666666 0.6912037037037037 0.01953125 0.02824074074074074
0 0.6828125 0.5564814814814815 0.026302083333333334 0.04027777777777778
0 0.36666666666666664 0.5319444444444444 0.01171875 0.029166666666666667
0 0.39895833333333336 0.5337962962962963 0.015885416666666666 0.03194444444444444
0 0.9861979166666667 0.2967592592592593 0.027083333333333334 0.03564814814814815
0 0.99609375 0.24537037037037038 0.007291666666666667 0.04537037037037037
0 0.3768229166666667 0.37175925925925923 0.015104166666666667 0.031018518518518518
0 0.7809895833333333 0.3101851851851852 0.020833333333333332 0.03981481481481482
0 0.4822916666666667 0.44583333333333336 0.0140625 0.03287037037037037
0 0.5171875 0.39490740740740743 0.018229166666666668 0.025
0 0.4161458333333333 0.37962962962962965 0.018229166666666668 0.03425925925925926
0 0.52578125 0.3509259259259259 0.022395833333333334 0.040740740740740744
0 0.528125 0.30277777777777776 0.011458333333333333 0.038425925925925926
0 0.8375 0.11296296296296296 0.016927083333333332 0.038425925925925926
0 0.8036458333333333 0.12731481481481483 0.0234375 0.04259259259259259
0 0.5578125 0.07453703703703704 0.01171875 0.04814814814814815
0 0.8140625 0.06296296296296296 0.0203125 0.021296296296296296
0 0.5877604166666667 0.07037037037037037 0.020052083333333335 0.03425925925925926
0 0.2635416666666667 0.07083333333333333 0.01484375 0.027777777777777776
