0 0.09947916666666666 0.42685185185185187 0.03046875 0.03148148148148148
0 0.07786458333333333 0.4393518518518518 0.013020833333333334 0.023148148148148147
0 0.061197916666666664 0.5398148148148149 0.018489583333333334 0.03333333333333333
0 0.13776041666666666 0.6476851851851851 0.020052083333333335 0.0375
0 0.13932291666666666 0.6791666666666667 0.02109375 0.028703703703703703
0 0.054947916666666666 0.9162037037037037 0.016666666666666666 0.032407407407407406
0 0.13671875 0.9884259259259259 0.023177083333333334 0.023148148148148147
0 0.478125 0.1388888888888889 0.017447916666666667 0.03333333333333333
0 0.5356770833333333 0.12407407407407407 0.01328125 0.027314814814814816
0 0.5494791666666666 0.31342592592592594 0.03515625 0.05324074074074074
0 0.48776041666666664 0.47175925925925927 0.03854166666666667 0.043055555555555555
0 0.5088541666666667 0.7083333333333334 0.02265625 0.034722222222222224
0 0.44088541666666664 0.8416666666666667 0.01796875 0.046296296296296294
0 0.5106770833333333 0.8708333333333333 0.021614583333333333 0.029166666666666667
0 0.6997395833333333 0.38981481481481484 0.017447916666666667 0.028703703703703703
0 0.6528645833333333 0.2935185185185185 0.015364583333333333 0.034722222222222224
0 0.709375 0.2935185185185185 0.01640625 0.02546296296296296
0 0.76171875 0.3402777777777778 0.02109375 0.04212962962962963
0 0.9268229166666667 0.39490740740740743 0.029166666666666667 0.029166666666666667
0 0.9393229166666667 0.44814814814814813 0.020052083333333335 0.034722222222222224
0 0.9169270833333333 0.16666666666666666 0.01484375 0.032407407407407406
0 0.92421875 0.1699074074074074 0.016927083333333332 0.03611111111111111
0 0.03333333333333333 0.42314814814814816 0.020052083333333335 0.05462962962962963
0 0.013541666666666667 0.4111111111111111 0.015885416666666666 0.04259259259259259
