0 0.7611979166666667 0.8888888888888888 0.0203125 0.031018518518518518
0 0.8020833333333334 0.9217592592592593 0.021614583333333333 0.029166666666666667
0 0.5169270833333334 0.9532407407407407 0.015625 0.04027777777777778
0 0.5341145833333333 0.9166666666666666 0.015625 0.04027777777777778
0 0.6729166666666667 0.7379629629629629 0.01953125 0.04212962962962963
0 0.46380208333333334 0.8050925925925926 0.01171875 0.034722222222222224
0 0.44583333333333336 0.8185185185185185 0.0140625 0.031018518518518518
0 0.6635416666666667 0.6532407407407408 0.01640625 0.03935185185185185
0 0.3966145833333333 0.7393518518518518 0.015625 0.02361111111111111
0 0.33489583333333334 0.749537037037037 0.0140625 0.028703703703703703
0 0.35494791666666664 0.7416666666666667 0.015885416666666666 0.026851851851851852
0 0.38385416666666666 0.711574074074074 0.020572916666666666 0.02962962962962963
0 0.6807291666666667 0.575 0.026302083333333334 0.04027777777777778
0 0.36328125 0.5509259259259259 0.01171875 0.029166666666666667
0 0.3953125 0.5550925925925926 0.015885416666666666 0.03194444444444444
0 0.98359375 0.325 0.027083333333333334 0.03564814814814815
0 0.99453125 0.26296296296296295 0.011197916666666667 0.03425925925925926
0 0.37578125 0.38935185185185184 0.015885416666666666 0.032407407407407406
0 0.7794270833333333 0.32916666666666666 0.020833333333333332 0.03981481481481482
0 0.48125 0.4722222222222222 0.014583333333333334 0.034722222222222224
0 0.5044270833333333 0.43194444444444446 0.009114583333333334 0.025
0 0.41171875 0.4 0.018229166666666668 0.03425925925925926
0 0.5138020833333333 0.4148148148148148 0.021354166666666667 0.03888888888888889
0 0.5236979166666667 0.3226851851851852 0.011458333333333333 0.038425925925925926
0 0.8356770833333333 0.13287037037037036 0.016927083333333332 0.038425925925925926
0 0.8013020833333333 0.14444444444444443 0.0234375 0.04259259259259259
0 0.5546875 0.09074074074074075 0.01171875 0.04814814814814815
0 0.8119791666666667 0.08101851851851852 0.021354166666666667 0.022685185185185187
0 0.5848958333333333 0.08703703703703704 0.020052083333333335 0.03425925925925926
0 0.25885416666666666 0.09027777777777778 0.015625 0.029166666666666667
