0 0.7557291666666667 0.9074074074074074 0.021354166666666667 0.03287037037037037
0 0.7971354166666667 0.9425925925925925 0.02265625 0.030555555555555555
0 0.5114583333333333 0.975 0.015625 0.04027777777777778
0 0.5239583333333333 0.9490740740740741 0.015625 0.04027777777777778
0 0.659375 0.7662037037037037 0.0203125 0.044444444444444446
0 0.45729166666666665 0.8245370370370371 0.01171875 0.034722222222222224
0 0.44140625 0.836574074074074 0.0140625 0.031018518518518518
0 0.6575520833333334 0.6708333333333333 0.01640625 0.03935185185185185
0 0.3932291666666667 0.750462962962963 0.01484375 0.022685185185185187
0 0.33046875 0.7703703703703704 0.01484375 0.03009259259259259
0 0.35182291666666665 0.7592592592592593 0.015104166666666667 0.02546296296296296
0 0.378125 0.7300925925925926 0.020572916666666666 0.02962962962962963
0 0.67265625 0.5995370370370371 0.017708333333333333 0.04027777777777778
0 0.3578125 0.5685185185185185 0.012239583333333333 0.030555555555555555
0 0.38984375 0.5731481481481482 0.015885416666666666 0.03194444444444444
0 0.98046875 0.34120370370370373 0.027083333333333334 0.03564814814814815
0 0.9924479166666667 0.2824074074074074 0.016145833333333335 0.03611111111111111
0 0.3734375 0.40324074074074073 0.015885416666666666 0.032407407407407406
0 0.7760416666666666 0.34814814814814815 0.020833333333333332 0.03981481481481482
0 0.47942708333333334 0.5060185185185185 0.014583333333333334 0.034722222222222224
0 0.49765625 0.45092592592592595 0.009114583333333334 0.025
0 0.40859375 0.4185185185185185 0.018229166666666668 0.03425925925925926
0 0.5080729166666667 0.43703703703703706 0.022395833333333334 0.040740740740740744
0 0.5166666666666667 0.3416666666666667 0.011979166666666667 0.04027777777777778
0 0.8299479166666667 0.15046296296296297 0.016927083333333332 0.038425925925925926
0 0.7927083333333333 0.16157407407407406 0.019270833333333334 0.0412037037037037
0 0.5489583333333333 0.10787037037037037 0.01171875 0.04814814814814815
0 0.8072916666666666 0.09907407407407408 0.022395833333333334 0.02361111111111111
0 0.58046875 0.10185185185185185 0.020052083333333335 0.03425925925925926
0 0.2513020833333333 0.10787037037037037 0.015625 0.029166666666666667
