0 0.7466145833333333 0.9273148148148148 0.021354166666666667 0.03287037037037037
0 0.78828125 0.9611111111111111 0.02265625 0.030555555555555555
0 0.5041666666666667 0.9935185185185185 0.01640625 0.04212962962962963
0 0.5182291666666666 0.9685185185185186 0.015625 0.04027777777777778
0 0.65078125 0.7861111111111111 0.021354166666666667 0.04675925925925926
0 0.43072916666666666 0.8564814814814815 0.011197916666666667 0.03333333333333333
0 0.44635416666666666 0.8430555555555556 0.0140625 0.031018518518518518
0 0.6486979166666667 0.6875 0.01640625 0.03935185185185185
0 0.3768229166666667 0.7861111111111111 0.018229166666666668 0.022685185185185187
0 0.32421875 0.787962962962963 0.0140625 0.028703703703703703
0 0.346875 0.7763888888888889 0.015104166666666667 0.02546296296296296
0 0.3703125 0.7476851851851852 0.020572916666666666 0.02962962962962963
0 0.6661458333333333 0.6138888888888889 0.017708333333333333 0.04027777777777778
0 0.35 0.5847222222222223 0.012239583333333333 0.030555555555555555
0 0.38177083333333334 0.5902777777777778 0.015885416666666666 0.03194444444444444
0 0.9721354166666667 0.3625 0.027083333333333334 0.03564814814814815
0 0.9828125 0.3037037037037037 0.016145833333333335 0.03611111111111111
0 0.36666666666666664 0.4166666666666667 0.016666666666666666 0.03425925925925926
0 0.76953125 0.36203703703703705 0.020833333333333332 0.03981481481481482
0 0.47239583333333335 0.5268518518518519 0.015364583333333333 0.03657407407407407
0 0.48802083333333335 0.46435185185185185 0.0171875 0.032407407407407406
0 0.40182291666666664 0.4361111111111111 0.018229166666666668 0.03425925925925926
0 0.503125 0.4444444444444444 0.0234375 0.043055555555555555
0 0.5080729166666667 0.36018518518518516 0.011979166666666667 0.04027777777777778
0 0.8216145833333334 0.16574074074074074 0.016927083333333332 0.038425925925925926
0 0.7872395833333333 0.17777777777777778 0.019270833333333334 0.0412037037037037
0 0.5395833333333333 0.11944444444444445 0.016145833333333335 0.04583333333333333
0 0.80078125 0.11481481481481481 0.022395833333333334 0.02361111111111111
0 0.5736979166666667 0.11481481481481481 0.020052083333333335 0.03425925925925926
0 0.24244791666666668 0.1259259259259259 0.015625 0.029166666666666667
0 0.5515625 0.019444444444444445 0.02265625 0.03935185185185185
0 0.9895833333333334 0.6148148148148148 0.01953125 0.04675925925925926
0 0.98828125 0.33796296296296297 0.013802083333333333 0.024537037037037038
0 0.9903645833333333 0.3662037037037037 0.01796875 0.03935185185185185
0 0.73125 0.007407407407407408 0.017447916666666667 0.015277777777777777
