0 0.7255208333333333 0.9578703703703704 0.022395833333333334 0.03425925925925926
0 0.7671875 1.0013888888888889 0.017447916666666667 0.03194444444444444
0 0.6270833333333333 0.812962962962963 0.021354166666666667 0.04675925925925926
0 0.41041666666666665 0.8870370370370371 0.01171875 0.034722222222222224
0 0.4231770833333333 0.8773148148148148 0.0140625 0.031018518518518518
0 0.6260416666666667 0.7157407407407408 0.015625 0.0375
0 0.35104166666666664 0.8189814814814815 0.02109375 0.032407407407407406
0 0.3033854166666667 0.8074074074074075 0.0140625 0.028703703703703703
0 0.31979166666666664 0.8111111111111111 0.015104166666666667 0.02546296296296296
0 0.34921875 0.7763888888888889 0.020572916666666666 0.02962962962962963
0 0.6432291666666666 0.6416666666666667 0.017708333333333333 0.04027777777777778
0 0.32708333333333334 0.6106481481481482 0.01171875 0.029166666666666667
0 0.35520833333333335 0.6231481481481481 0.015104166666666667 0.030555555555555555
0 0.9575520833333333 0.38842592592592595 0.020572916666666666 0.03564814814814815
0 0.96484375 0.33194444444444443 0.016927083333333332 0.03796296296296296
0 0.3463541666666667 0.44074074074074077 0.016666666666666666 0.03425925925925926
0 0.7497395833333333 0.38842592592592595 0.020833333333333332 0.03981481481481482
0 0.4549479166666667 0.5699074074074074 0.015364583333333333 0.03657407407407407
0 0.46328125 0.49953703703703706 0.01796875 0.03425925925925926
0 0.3802083333333333 0.47685185185185186 0.018229166666666668 0.03425925925925926
0 0.47421875 0.4824074074074074 0.014583333333333334 0.030555555555555555
0 0.4817708333333333 0.39166666666666666 0.011979166666666667 0.04027777777777778
0 0.8018229166666667 0.18703703703703703 0.016927083333333332 0.038425925925925926
0 0.7661458333333333 0.20416666666666666 0.021354166666666667 0.04537037037037037
0 0.5169270833333334 0.14722222222222223 0.016927083333333332 0.03194444444444444
0 0.7796875 0.14305555555555555 0.023697916666666666 0.025
0 0.5497395833333333 0.13935185185185187 0.020052083333333335 0.03425925925925926
0 0.5322916666666667 0.05 0.02265625 0.03935185185185185
0 0.9721354166666667 0.6513888888888889 0.01953125 0.04675925925925926
0 0.9763020833333333 0.3962962962962963 0.014583333333333334 0.025925925925925925
0 0.9703125 0.37037037037037035 0.0171875 0.0375
0 0.71484375 0.025925925925925925 0.018229166666666668 0.02638888888888889
0 0.9911458333333333 0.01898148148148148 0.01640625 0.038425925925925926
