0 0.7088541666666667 0.9740740740740741 0.023697916666666666 0.03611111111111111
0 0.5966145833333333 0.8337962962962963 0.015364583333333333 0.032407407407407406
0 0.39010416666666664 0.9013888888888889 0.01171875 0.034722222222222224
0 0.40260416666666665 0.8962962962962963 0.0140625 0.031018518518518518
0 0.6098958333333333 0.7305555555555555 0.01484375 0.03564814814814815
0 0.33177083333333335 0.8398148148148148 0.02109375 0.032407407407407406
0 0.2828125 0.8231481481481482 0.01484375 0.03009259259259259
0 0.30364583333333334 0.825462962962963 0.015885416666666666 0.026851851851851852
0 0.33255208333333336 0.7907407407407407 0.021614583333333333 0.031018518518518518
0 0.6255208333333333 0.6569444444444444 0.017708333333333333 0.04027777777777778
0 0.31302083333333336 0.625 0.01171875 0.029166666666666667
0 0.33880208333333334 0.6365740740740741 0.015104166666666667 0.030555555555555555
0 0.946875 0.4050925925925926 0.020572916666666666 0.03564814814814815
0 0.9552083333333333 0.3837962962962963 0.016927083333333332 0.03796296296296296
0 0.3302083333333333 0.45416666666666666 0.016666666666666666 0.03425925925925926
0 0.7364583333333333 0.4009259259259259 0.020833333333333332 0.03981481481481482
0 0.43645833333333334 0.5819444444444445 0.015364583333333333 0.03657407407407407
0 0.44505208333333335 0.5148148148148148 0.01796875 0.03425925925925926
0 0.3653645833333333 0.4986111111111111 0.018229166666666668 0.03425925925925926
0 0.4557291666666667 0.5013888888888889 0.013802083333333333 0.029166666666666667
0 0.46588541666666666 0.4115740740740741 0.010677083333333334 0.028703703703703703
0 0.7825520833333334 0.20694444444444443 0.016145833333333335 0.03657407407407407
0 0.746875 0.21851851851851853 0.018489583333333334 0.04490740740740741
0 0.5049479166666667 0.15925925925925927 0.016927083333333332 0.03194444444444444
0 0.76328125 0.15787037037037038 0.024739583333333332 0.025925925925925925
0 0.53203125 0.14953703703703702 0.020052083333333335 0.03425925925925926
0 0.51640625 0.06666666666666667 0.023697916666666666 0.0412037037037037
0 0.953125 0.6694444444444444 0.016666666666666666 0.03796296296296296
0 0.9606770833333333 0.4115740740740741 0.014583333333333334 0.025925925925925925
0 0.9481770833333333 0.3574074074074074 0.01796875 0.03935185185185185
0 0.7002604166666667 0.037037037037037035 0.019270833333333334 0.027777777777777776
0 0.98515625 0.031018518518518518 0.01640625 0.038425925925925926
0 0.9890625 0.6310185185185185 0.018489583333333334 0.028703703703703703
