0 0.6893229166666667 0.9879629629629629 0.016666666666666666 0.03611111111111111
0 0.57265625 0.8550925925925926 0.014583333333333334 0.031018518518518518
0 0.37057291666666664 0.9166666666666666 0.01171875 0.034722222222222224
0 0.38385416666666666 0.9138888888888889 0.0140625 0.031018518518518518
0 0.5908854166666667 0.7453703703703703 0.011197916666666667 0.02824074074074074
0 0.31171875 0.8527777777777777 0.020052083333333335 0.031018518518518518
0 0.2625 0.8398148148148148 0.0140625 0.028703703703703703
0 0.2828125 0.8458333333333333 0.015104166666666667 0.02546296296296296
0 0.3145833333333333 0.8055555555555556 0.021614583333333333 0.031018518518518518
0 0.6057291666666667 0.675 0.016927083333333332 0.038425925925925926
0 0.2942708333333333 0.6375 0.01171875 0.029166666666666667
0 0.32109375 0.6532407407407408 0.015104166666666667 0.030555555555555555
0 0.93046875 0.41203703703703703 0.021614583333333333 0.0375
0 0.9375 0.3972222222222222 0.016927083333333332 0.03796296296296296
0 0.3104166666666667 0.4671296296296296 0.016666666666666666 0.03425925925925926
0 0.7291666666666666 0.4166666666666667 0.020833333333333332 0.03981481481481482
0 0.4166666666666667 0.6041666666666666 0.015364583333333333 0.03657407407407407
0 0.42552083333333335 0.5388888888888889 0.01875 0.03611111111111111
0 0.34479166666666666 0.5175925925925926 0.013802083333333333 0.03287037037037037
0 0.43828125 0.5166666666666667 0.013802083333333333 0.029166666666666667
0 0.4466145833333333 0.42916666666666664 0.013541666666666667 0.027314814814814816
0 0.7627604166666667 0.21666666666666667 0.016145833333333335 0.03657407407407407
0 0.7296875 0.23703703703703705 0.01953125 0.04722222222222222
0 0.4830729166666667 0.16574074074074074 0.016927083333333332 0.03194444444444444
0 0.7455729166666667 0.1712962962962963 0.024739583333333332 0.025925925925925925
0 0.5106770833333333 0.16574074074074074 0.020052083333333335 0.03425925925925926
0 0.4981770833333333 0.08101851851851852 0.023697916666666666 0.0412037037037037
0 0.9346354166666667 0.6884259259259259 0.016666666666666666 0.03796296296296296
0 0.9442708333333333 0.42824074074074076 0.014583333333333334 0.025925925925925925
0 0.9278645833333333 0.3731481481481482 0.01796875 0.03935185185185185
0 0.68125 0.04351851851851852 0.019270833333333334 0.027777777777777776
0 0.9653645833333333 0.049074074074074076 0.01640625 0.038425925925925926
0 0.9708333333333333 0.6449074074074074 0.018489583333333334 0.028703703703703703
0 0.990625 0.05 0.017447916666666667 0.03425925925925926
0 0.9856770833333334 0.9722222222222222 0.02734375 0.030555555555555555
0 0.18854166666666666 0.9578703703703704 0.010677083333333334 0.030555555555555555
