0 0.5263020833333333 0.8791666666666667 0.014583333333333334 0.031018518518518518
0 0.3294270833333333 0.9412037037037037 0.01171875 0.034722222222222224
0 0.3419270833333333 0.937962962962963 0.01484375 0.032407407407407406
0 0.55078125 0.774074074074074 0.011197916666666667 0.02824074074074074
0 0.2734375 0.8805555555555555 0.02109375 0.032407407407407406
0 0.22447916666666667 0.8680555555555556 0.012239583333333333 0.028703703703703703
0 0.24088541666666666 0.875 0.015104166666666667 0.02546296296296296
0 0.27447916666666666 0.8314814814814815 0.01875 0.032407407407407406
0 0.5666666666666667 0.7027777777777777 0.016145833333333335 0.050462962962962966
0 0.25078125 0.6615740740740741 0.012239583333333333 0.030555555555555555
0 0.28125 0.6824074074074075 0.015104166666666667 0.030555555555555555
0 0.8932291666666666 0.44537037037037036 0.016666666666666666 0.02824074074074074
0 0.89609375 0.4263888888888889 0.0109375 0.02361111111111111
0 0.2752604166666667 0.48148148148148145 0.016666666666666666 0.03425925925925926
0 0.6770833333333334 0.449537037037037 0.012760416666666666 0.02824074074074074
0 0.38385416666666666 0.6365740740740741 0.019270833333333334 0.029166666666666667
0 0.38125 0.5652777777777778 0.01484375 0.02546296296296296
0 0.30963541666666666 0.5518518518518518 0.013020833333333334 0.03148148148148148
0 0.39869791666666665 0.5407407407407407 0.013020833333333334 0.027777777777777776
0 0.4046875 0.45925925925925926 0.013541666666666667 0.027314814814814816
0 0.7223958333333333 0.24583333333333332 0.016145833333333335 0.03657407407407407
0 0.68828125 0.2657407407407407 0.01953125 0.04722222222222222
0 0.4479166666666667 0.18009259259259258 0.017708333333333333 0.03333333333333333
0 0.7041666666666667 0.19398148148148148 0.018489583333333334 0.025
0 0.46953125 0.18518518518518517 0.02109375 0.03611111111111111
0 0.4625 0.1111111111111111 0.025 0.043055555555555555
0 0.8908854166666667 0.7157407407407408 0.0359375 0.03981481481481482
0 0.90234375 0.45601851851851855 0.014583333333333334 0.025925925925925925
0 0.8901041666666667 0.4050925925925926 0.0171875 0.025925925925925925
0 0.6419270833333334 0.06527777777777778 0.018229166666666668 0.02638888888888889
0 0.9505208333333334 0.07453703703703704 0.0171875 0.04027777777777778
0 0.9268229166666667 0.6754629629629629 0.018489583333333334 0.028703703703703703
0 0.9260416666666667 0.0712962962962963 0.017447916666666667 0.03425925925925926
0 0.9515625 0.9976851851851852 0.02734375 0.030555555555555555
0 0.15078125 0.9879629629629629 0.012760416666666666 0.025925925925925925
0 0.975 0.8319444444444445 0.030989583333333334 0.030555555555555555
0 0.99453125 0.7944444444444444 0.009635416666666667 0.02546296296296296
