0 0.49921875 0.8949074074074074 0.014583333333333334 0.031018518518518518
0 0.30442708333333335 0.9564814814814815 0.01171875 0.034722222222222224
0 0.31796875 0.9587962962962963 0.01484375 0.032407407407407406
0 0.5278645833333333 0.7962962962962963 0.011197916666666667 0.02824074074074074
0 0.2518229166666667 0.9004629629629629 0.02109375 0.032407407407407406
0 0.20078125 0.8833333333333333 0.012239583333333333 0.028703703703703703
0 0.21927083333333333 0.8865740740740741 0.015104166666666667 0.02546296296296296
0 0.2546875 0.8462962962962963 0.01796875 0.031018518518518518
0 0.5427083333333333 0.7212962962962963 0.016145833333333335 0.050462962962962966
0 0.22682291666666668 0.6759259259259259 0.012239583333333333 0.030555555555555555
0 0.2559895833333333 0.6962962962962963 0.015104166666666667 0.030555555555555555
0 0.87890625 0.4773148148148148 0.016666666666666666 0.02824074074074074
0 0.8739583333333333 0.4462962962962963 0.0109375 0.02361111111111111
0 0.2559895833333333 0.5 0.016666666666666666 0.03425925925925926
0 0.6544270833333333 0.46944444444444444 0.012760416666666666 0.02824074074074074
0 0.3606770833333333 0.6550925925925926 0.01328125 0.033796296296296297
0 0.3536458333333333 0.5847222222222223 0.01484375 0.02546296296296296
0 0.28854166666666664 0.5763888888888888 0.013020833333333334 0.03148148148148148
0 0.37552083333333336 0.5564814814814815 0.013541666666666667 0.029166666666666667
0 0.378125 0.47638888888888886 0.014322916666666666 0.028703703703703703
0 0.69765625 0.26342592592592595 0.016145833333333335 0.03657407407407407
0 0.6640625 0.27824074074074073 0.018489583333333334 0.04490740740740741
0 0.4234375 0.19166666666666668 0.017708333333333333 0.03333333333333333
0 0.6817708333333333 0.20879629629629629 0.018489583333333334 0.025
0 0.4484375 0.2023148148148148 0.020052083333333335 0.03425925925925926
0 0.43984375 0.1287037037037037 0.025 0.043055555555555555
0 0.8692708333333333 0.7314814814814815 0.0359375 0.03981481481481482
0 0.8700520833333333 0.462037037037037 0.014583333333333334 0.025925925925925925
0 0.8645833333333334 0.4222222222222222 0.0171875 0.025925925925925925
0 0.61640625 0.0837962962962963 0.01171875 0.03657407407407407
0 0.9247395833333333 0.08935185185185185 0.0171875 0.04027777777777778
0 0.903125 0.6930555555555555 0.018489583333333334 0.028703703703703703
0 0.90234375 0.08935185185185185 0.018229166666666668 0.03611111111111111
0 0.95 0.8532407407407407 0.0390625 0.030555555555555555
0 0.9807291666666667 0.8212962962962963 0.024479166666666666 0.034722222222222224
0 0.9828125 0.5634259259259259 0.018489583333333334 0.06944444444444445
