0 0.47317708333333336 0.9106481481481481 0.014583333333333334 0.031018518518518518
0 0.28359375 0.9796296296296296 0.011197916666666667 0.03287037037037037
0 0.2955729166666667 0.9782407407407407 0.01484375 0.032407407407407406
0 0.509375 0.812962962962963 0.011197916666666667 0.02824074074074074
0 0.23098958333333333 0.9231481481481482 0.022135416666666668 0.03425925925925926
0 0.184375 0.9023148148148148 0.012760416666666666 0.03009259259259259
0 0.20260416666666667 0.9078703703703703 0.015104166666666667 0.02546296296296296
0 0.234375 0.8703703703703703 0.01796875 0.031018518518518518
0 0.52109375 0.7375 0.016145833333333335 0.050462962962962966
0 0.2078125 0.6921296296296297 0.01171875 0.029166666666666667
0 0.2359375 0.7175925925925926 0.015104166666666667 0.030555555555555555
0 0.8596354166666667 0.4949074074074074 0.016666666666666666 0.02824074074074074
0 0.85390625 0.46620370370370373 0.0109375 0.02361111111111111
0 0.2421875 0.5157407407407407 0.017447916666666667 0.03611111111111111
0 0.6346354166666667 0.4861111111111111 0.01328125 0.02962962962962963
0 0.3424479166666667 0.6726851851851852 0.01328125 0.033796296296296297
0 0.3333333333333333 0.6050925925925926 0.01484375 0.02546296296296296
0 0.26927083333333335 0.600925925925926 0.01953125 0.03425925925925926
0 0.35598958333333336 0.575 0.01484375 0.03935185185185185
0 0.35911458333333335 0.49722222222222223 0.015104166666666667 0.03009259259259259
0 0.6755208333333333 0.287962962962963 0.015364583333333333 0.034722222222222224
0 0.6424479166666667 0.29814814814814816 0.018489583333333334 0.04490740740740741
0 0.4041666666666667 0.20925925925925926 0.016927083333333332 0.03194444444444444
0 0.6609375 0.2263888888888889 0.017708333333333333 0.02361111111111111
0 0.4309895833333333 0.21944444444444444 0.020052083333333335 0.03425925925925926
0 0.4140625 0.1537037037037037 0.025 0.043055555555555555
0 0.8497395833333333 0.750462962962963 0.026822916666666665 0.03981481481481482
0 0.8515625 0.48333333333333334 0.013802083333333333 0.024537037037037038
0 0.8471354166666667 0.44351851851851853 0.0171875 0.025925925925925925
0 0.596875 0.10046296296296296 0.01171875 0.03657407407407407
0 0.90703125 0.1087962962962963 0.0171875 0.04027777777777778
0 0.88203125 0.7143518518518519 0.01953125 0.03009259259259259
0 0.8841145833333334 0.10694444444444444 0.019270833333333334 0.03796296296296296
0 0.9338541666666667 0.8740740740740741 0.0390625 0.030555555555555555
0 0.9627604166666667 0.8412037037037037 0.02578125 0.03657407407407407
0 0.9643229166666667 0.587037037037037 0.018489583333333334 0.06944444444444445
0 0.9861979166666667 0.5944444444444444 0.019010416666666665 0.03333333333333333
0 0.9932291666666667 0.8763888888888889 0.012239583333333333 0.033796296296296297
