0 0.4549479166666667 0.9328703703703703 0.014583333333333334 0.031018518518518518
0 0.27057291666666666 0.9879629629629629 0.021875 0.03148148148148148
0 0.48932291666666666 0.8342592592592593 0.011197916666666667 0.02824074074074074
0 0.2109375 0.9462962962962963 0.022135416666666668 0.03425925925925926
0 0.16223958333333333 0.9296296296296296 0.012760416666666666 0.03009259259259259
0 0.18020833333333333 0.9351851851851852 0.015104166666666667 0.02546296296296296
0 0.2140625 0.8930555555555556 0.01796875 0.031018518518518518
0 0.5020833333333333 0.7643518518518518 0.015364583333333333 0.04814814814814815
0 0.18828125 0.7143518518518519 0.01171875 0.029166666666666667
0 0.21875 0.7430555555555556 0.01171875 0.030555555555555555
0 0.8341145833333333 0.5032407407407408 0.015885416666666666 0.026851851851851852
0 0.8354166666666667 0.48657407407407405 0.012760416666666666 0.02361111111111111
0 0.21588541666666666 0.5375 0.016666666666666666 0.03425925925925926
0 0.6143229166666667 0.5138888888888888 0.012760416666666666 0.02824074074074074
0 0.32317708333333334 0.6944444444444444 0.012760416666666666 0.032407407407407406
0 0.3140625 0.625462962962963 0.01484375 0.02546296296296296
0 0.25338541666666664 0.6342592592592593 0.018489583333333334 0.032407407407407406
0 0.3375 0.5935185185185186 0.0140625 0.0375
0 0.33958333333333335 0.5222222222222223 0.015885416666666666 0.03148148148148148
0 0.659375 0.3050925925925926 0.015364583333333333 0.034722222222222224
0 0.6247395833333333 0.3125 0.018489583333333334 0.04490740740740741
0 0.39114583333333336 0.22037037037037038 0.016927083333333332 0.03194444444444444
0 0.6432291666666666 0.24722222222222223 0.017708333333333333 0.02361111111111111
0 0.40911458333333334 0.23564814814814813 0.020052083333333335 0.03425925925925926
0 0.3966145833333333 0.17824074074074073 0.026302083333333334 0.04537037037037037
0 0.8291666666666667 0.7791666666666667 0.026822916666666665 0.03981481481481482
0 0.84140625 0.5125 0.009895833333333333 0.024537037037037038
0 0.82578125 0.46620370370370373 0.0171875 0.025925925925925925
0 0.58203125 0.11990740740740741 0.01171875 0.03657407407407407
0 0.8911458333333333 0.12916666666666668 0.0171875 0.04027777777777778
0 0.86171875 0.7337962962962963 0.0234375 0.03935185185185185
0 0.86484375 0.13240740740740742 0.018229166666666668 0.03611111111111111
0 0.91484375 0.8958333333333334 0.0390625 0.030555555555555555
0 0.94609375 0.8634259259259259 0.027083333333333334 0.038425925925925926
0 0.9471354166666667 0.6050925925925926 0.018489583333333334 0.06944444444444445
0 0.9658854166666667 0.6199074074074075 0.019010416666666665 0.03333333333333333
0 0.97890625 0.8981481481481481 0.0203125 0.033796296296296297
