0 0.43333333333333335 0.9606481481481481 0.014583333333333334 0.031018518518518518
0 0.47239583333333335 0.8625 0.011197916666666667 0.02824074074074074
0 0.19322916666666667 0.9722222222222222 0.022135416666666668 0.03425925925925926
0 0.1484375 0.9574074074074074 0.01328125 0.03148148148148148
0 0.16536458333333334 0.9634259259259259 0.015104166666666667 0.02546296296296296
0 0.19765625 0.9152777777777777 0.01796875 0.031018518518518518
0 0.4864583333333333 0.7870370370370371 0.015364583333333333 0.04814814814814815
0 0.17239583333333333 0.7393518518518518 0.01171875 0.029166666666666667
0 0.19973958333333333 0.7699074074074074 0.014583333333333334 0.026851851851851852
0 0.8138020833333334 0.5337962962962963 0.015885416666666666 0.026851851851851852
0 0.8182291666666667 0.5111111111111111 0.012239583333333333 0.022685185185185187
0 0.20104166666666667 0.5625 0.016666666666666666 0.03425925925925926
0 0.6 0.5412037037037037 0.012239583333333333 0.026851851851851852
0 0.3059895833333333 0.725925925925926 0.01875 0.03425925925925926
0 0.3203125 0.6212962962962963 0.0140625 0.024074074074074074
0 0.2375 0.6680555555555555 0.017708333333333333 0.031018518518518518
0 0.29375 0.6509259259259259 0.0140625 0.0375
0 0.3177083333333333 0.5546296296296296 0.016666666666666666 0.03287037037037037
0 0.6411458333333333 0.33194444444444443 0.015364583333333333 0.034722222222222224
0 0.6049479166666667 0.3402777777777778 0.018489583333333334 0.04490740740740741
0 0.3736979166666667 0.24953703703703703 0.017708333333333333 0.03333333333333333
0 0.6236979166666666 0.2708333333333333 0.017708333333333333 0.02361111111111111
0 0.39375 0.26666666666666666 0.020052083333333335 0.03425925925925926
0 0.37786458333333334 0.2013888888888889 0.018489583333333334 0.034722222222222224
0 0.8161458333333333 0.8032407407407407 0.026822916666666665 0.03981481481481482
0 0.825 0.5425925925925926 0.009895833333333333 0.024537037037037038
0 0.8088541666666667 0.4930555555555556 0.01796875 0.027314814814814816
0 0.56171875 0.14305555555555555 0.01171875 0.03657407407407407
0 0.8721354166666667 0.15833333333333333 0.018489583333333334 0.027777777777777776
0 0.8432291666666667 0.7615740740740741 0.028125 0.05138888888888889
0 0.8497395833333333 0.15462962962962962 0.017447916666666667 0.03425925925925926
0 0.8994791666666667 0.924537037037037 0.0390625 0.030555555555555555
0 0.93125 0.8916666666666667 0.027083333333333334 0.038425925925925926
0 0.93125 0.6305555555555555 0.018489583333333334 0.06944444444444445
0 0.9515625 0.6481481481481481 0.019010416666666665 0.04675925925925926
0 0.9572916666666667 0.9254629629629629 0.0203125 0.033796296296296297
0 0.4778645833333333 0.025925925925925925 0.017447916666666667 0.052314814814814814
