0 0.4166666666666667 0.9819444444444444 0.01484375 0.038425925925925926
0 0.4596354166666667 0.8842592592592593 0.011197916666666667 0.02824074074074074
0 0.17994791666666668 0.9893518518518518 0.022135416666666668 0.020370370370370372
0 0.13645833333333332 0.9814814814814815 0.0140625 0.03287037037037037
0 0.15104166666666666 0.9921296296296296 0.014322916666666666 0.024074074074074074
0 0.18515625 0.9398148148148148 0.01875 0.032407407407407406
0 0.47421875 0.8097222222222222 0.015364583333333333 0.04814814814814815
0 0.15911458333333334 0.7625 0.015625 0.02962962962962963
0 0.18723958333333332 0.7935185185185185 0.014583333333333334 0.026851851851851852
0 0.8018229166666667 0.5513888888888889 0.015885416666666666 0.026851851851851852
0 0.8057291666666667 0.5370370370370371 0.01171875 0.02175925925925926
0 0.19036458333333334 0.5796296296296296 0.016666666666666666 0.03425925925925926
0 0.5901041666666667 0.562962962962963 0.012239583333333333 0.026851851851851852
0 0.29661458333333335 0.7518518518518519 0.01875 0.03425925925925926
0 0.3067708333333333 0.6467592592592593 0.01328125 0.023148148148148147
0 0.22630208333333332 0.6958333333333333 0.016927083333333332 0.03425925925925926
0 0.28020833333333334 0.675 0.01328125 0.03564814814814815
0 0.30625 0.5731481481481482 0.016666666666666666 0.03287037037037037
0 0.6296875 0.3527777777777778 0.015364583333333333 0.034722222222222224
0 0.5955729166666667 0.3638888888888889 0.018489583333333334 0.04490740740740741
0 0.3619791666666667 0.2726851851851852 0.018489583333333334 0.03518518518518519
0 0.6111979166666667 0.2967592592592593 0.016927083333333332 0.022685185185185187
0 0.38046875 0.28888888888888886 0.019010416666666665 0.032407407407407406
0 0.3651041666666667 0.2273148148148148 0.018489583333333334 0.034722222222222224
0 0.80390625 0.825925925925926 0.028125 0.041666666666666664
0 0.8153645833333333 0.5648148148148148 0.010416666666666666 0.025925925925925925
0 0.7973958333333333 0.5189814814814815 0.01875 0.028703703703703703
0 0.5536458333333333 0.1648148148148148 0.01171875 0.03657407407407407
0 0.8619791666666666 0.18287037037037038 0.018489583333333334 0.027777777777777776
0 0.8338541666666667 0.7865740740740741 0.028125 0.05138888888888889
0 0.8359375 0.18194444444444444 0.016666666666666666 0.032407407407407406
0 0.8901041666666667 0.95 0.04114583333333333 0.03194444444444444
0 0.9208333333333333 0.9148148148148149 0.027083333333333334 0.038425925925925926
0 0.91796875 0.6574074074074074 0.018489583333333334 0.04814814814814815
0 0.9393229166666667 0.6708333333333333 0.020052083333333335 0.049074074074074076
0 0.9484375 0.9486111111111111 0.021354166666666667 0.03564814814814815
0 0.4703125 0.046296296296296294 0.017447916666666667 0.052314814814814814
