0 0.4453125 0.9231481481481482 0.011197916666666667 0.02824074074074074
0 0.46041666666666664 0.8486111111111111 0.014583333333333334 0.046296296296296294
0 0.14583333333333334 0.8027777777777778 0.01640625 0.031018518518518518
0 0.17265625 0.8287037037037037 0.014583333333333334 0.026851851851851852
0 0.78984375 0.5740740740740741 0.015104166666666667 0.02546296296296296
0 0.7885416666666667 0.5930555555555556 0.01171875 0.03194444444444444
0 0.17890625 0.6106481481481482 0.016666666666666666 0.03425925925925926
0 0.5768229166666666 0.5986111111111111 0.012239583333333333 0.026851851851851852
0 0.284375 0.7921296296296296 0.01796875 0.032407407407407406
0 0.26458333333333334 0.7097222222222223 0.01328125 0.023148148148148147
0 0.21640625 0.7310185185185185 0.016927083333333332 0.04398148148148148
0 0.29010416666666666 0.6782407407407407 0.01328125 0.03564814814814815
0 0.2890625 0.6134259259259259 0.016666666666666666 0.03287037037037037
0 0.6114583333333333 0.38472222222222224 0.015364583333333333 0.034722222222222224
0 0.5786458333333333 0.39444444444444443 0.018489583333333334 0.04490740740740741
0 0.3484375 0.30694444444444446 0.018489583333333334 0.03518518518518519
0 0.5953125 0.3337962962962963 0.016145833333333335 0.02175925925925926
0 0.36614583333333334 0.3300925925925926 0.018229166666666668 0.031018518518518518
0 0.34765625 0.2662037037037037 0.01953125 0.03657407407407407
0 0.78125 0.8694444444444445 0.03463541666666667 0.04398148148148148
0 0.7979166666666667 0.5990740740740741 0.010416666666666666 0.025925925925925925
0 0.78046875 0.5527777777777778 0.01875 0.028703703703703703
0 0.5411458333333333 0.19814814814814816 0.012239583333333333 0.038425925925925926
0 0.84765625 0.21574074074074073 0.018489583333333334 0.027777777777777776
0 0.8197916666666667 0.8194444444444444 0.026822916666666665 0.049074074074074076
0 0.8197916666666667 0.21574074074074073 0.016666666666666666 0.032407407407407406
0 0.8763020833333334 0.9824074074074074 0.04114583333333333 0.03194444444444444
0 0.90546875 0.9546296296296296 0.028385416666666666 0.04027777777777778
0 0.9026041666666667 0.6912037037037037 0.018489583333333334 0.04814814814814815
0 0.9260416666666667 0.7092592592592593 0.019010416666666665 0.04675925925925926
0 0.93359375 0.9898148148148148 0.021354166666666667 0.03564814814814815
0 0.45364583333333336 0.07546296296296297 0.017447916666666667 0.052314814814814814
0 0.16901041666666666 0.9777777777777777 0.01953125 0.02824074074074074
