0 0.43125 0.9643518518518519 0.01171875 0.02962962962962963
0 0.446875 0.8842592592592593 0.014583333333333334 0.046296296296296294
0 0.13541666666666666 0.8393518518518519 0.01640625 0.031018518518518518
0 0.15833333333333333 0.8708333333333333 0.014583333333333334 0.026851851851851852
0 0.7791666666666667 0.6157407407407407 0.015885416666666666 0.026851851851851852
0 0.7768229166666667 0.6351851851851852 0.01171875 0.03194444444444444
0 0.16875 0.6486111111111111 0.016666666666666666 0.03425925925925926
0 0.5638020833333334 0.6356481481481482 0.011458333333333333 0.026851851851851852
0 0.27838541666666666 0.8333333333333334 0.01796875 0.032407407407407406
0 0.25364583333333335 0.7476851851851852 0.01328125 0.023148148148148147
0 0.20572916666666666 0.774074074074074 0.016145833333333335 0.041666666666666664
0 0.2765625 0.7222222222222222 0.016145833333333335 0.03564814814814815
0 0.27760416666666665 0.6537037037037037 0.015885416666666666 0.03148148148148148
0 0.5994791666666667 0.4217592592592593 0.015364583333333333 0.034722222222222224
0 0.5682291666666667 0.4337962962962963 0.018489583333333334 0.04490740740740741
0 0.3380208333333333 0.3476851851851852 0.018489583333333334 0.03518518518518519
0 0.5783854166666667 0.375 0.016145833333333335 0.02175925925925926
0 0.35546875 0.3680555555555556 0.017447916666666667 0.02962962962962963
0 0.34010416666666665 0.3037037037037037 0.020572916666666666 0.038425925925925926
0 0.77109375 0.9101851851851852 0.0390625 0.034722222222222224
0 0.7838541666666666 0.6412037037037037 0.010416666666666666 0.025925925925925925
0 0.7690104166666667 0.5916666666666667 0.01875 0.028703703703703703
0 0.52890625 0.23703703703703705 0.01171875 0.03657407407407407
0 0.8322916666666667 0.25555555555555554 0.01953125 0.029166666666666667
0 0.8044270833333333 0.8634259259259259 0.027604166666666666 0.032407407407407406
0 0.8096354166666667 0.2550925925925926 0.016666666666666666 0.032407407407407406
0 0.8916666666666667 0.9837962962962963 0.04114583333333333 0.03194444444444444
0 0.8908854166666667 0.7388888888888889 0.017708333333333333 0.04583333333333333
0 0.9125 0.7564814814814815 0.019010416666666665 0.04675925925925926
0 0.4393229166666667 0.1175925925925926 0.016666666666666666 0.05
0 0.39427083333333335 0.011574074074074073 0.02421875 0.023148148148148147
0 0.7721354166666666 0.028703703703703703 0.025520833333333333 0.038425925925925926
