0 0.41953125 1.0 0.01171875 0.02962962962962963
0 0.43645833333333334 0.9259259259259259 0.014583333333333334 0.046296296296296294
0 0.12552083333333333 0.8759259259259259 0.01640625 0.031018518518518518
0 0.14869791666666668 0.9083333333333333 0.015364583333333333 0.02824074074074074
0 0.7723958333333333 0.6847222222222222 0.015104166666666667 0.026851851851851852
0 0.7658854166666667 0.6773148148148148 0.01171875 0.03194444444444444
0 0.15833333333333333 0.6833333333333333 0.017447916666666667 0.03611111111111111
0 0.5567708333333333 0.674537037037037 0.011458333333333333 0.026851851851851852
0 0.2638020833333333 0.8837962962962963 0.01796875 0.032407407407407406
0 0.24036458333333333 0.7865740740740741 0.01328125 0.023148148148148147
0 0.19557291666666668 0.8166666666666667 0.016145833333333335 0.041666666666666664
0 0.26510416666666664 0.7694444444444445 0.016145833333333335 0.03564814814814815
0 0.265625 0.6981481481481482 0.016666666666666666 0.03287037037037037
0 0.5895833333333333 0.4597222222222222 0.015364583333333333 0.034722222222222224
0 0.5559895833333334 0.4759259259259259 0.018489583333333334 0.04490740740740741
0 0.3263020833333333 0.39166666666666666 0.018489583333333334 0.03518518518518519
0 0.5705729166666667 0.4166666666666667 0.016145833333333335 0.02175925925925926
0 0.34427083333333336 0.4083333333333333 0.016666666666666666 0.02824074074074074
0 0.32473958333333336 0.34629629629629627 0.020572916666666666 0.038425925925925926
0 0.7583333333333333 0.9527777777777777 0.03619791666666667 0.049074074074074076
0 0.7651041666666667 0.6601851851851852 0.010416666666666666 0.025925925925925925
0 0.7552083333333334 0.638425925925926 0.01796875 0.027314814814814816
0 0.51953125 0.275 0.01171875 0.03657407407407407
0 0.8229166666666666 0.2986111111111111 0.01953125 0.029166666666666667
0 0.7927083333333333 0.9050925925925926 0.033854166666666664 0.031018518518518518
0 0.7966145833333333 0.2967592592592593 0.016666666666666666 0.032407407407407406
0 0.8807291666666667 0.7828703703703703 0.01953125 0.04583333333333333
0 0.9020833333333333 0.8009259259259259 0.026302083333333334 0.044444444444444446
0 0.4309895833333333 0.1574074074074074 0.016666666666666666 0.05
0 0.38359375 0.040740740740740744 0.022135416666666668 0.044444444444444446
0 0.7604166666666666 0.06898148148148148 0.02421875 0.04583333333333333
0 0.1703125 0.015277777777777777 0.016927083333333332 0.029166666666666667
0 0.07083333333333333 0.05648148148148148 0.025260416666666667 0.04722222222222222
