0 0.10833333333333334 0.961574074074074 0.01640625 0.031018518518518518
0 0.13333333333333333 0.9944444444444445 0.015364583333333333 0.02824074074074074
0 0.7557291666666667 0.7703703703703704 0.010677083333333334 0.026851851851851852
0 0.7494791666666667 0.7347222222222223 0.01171875 0.03194444444444444
0 0.14114583333333333 0.7625 0.017447916666666667 0.03611111111111111
0 0.5408854166666667 0.7574074074074074 0.011979166666666667 0.02824074074074074
0 0.24869791666666666 0.9597222222222223 0.01875 0.03425925925925926
0 0.22369791666666666 0.8657407407407407 0.012760416666666666 0.022222222222222223
0 0.18359375 0.9111111111111111 0.0171875 0.027314814814814816
0 0.24505208333333334 0.8449074074074074 0.016145833333333335 0.03564814814814815
0 0.24557291666666667 0.7847222222222222 0.016666666666666666 0.03287037037037037
0 0.56796875 0.5513888888888889 0.015364583333333333 0.034722222222222224
0 0.5372395833333333 0.5583333333333333 0.01953125 0.04722222222222222
0 0.3078125 0.4810185185185185 0.018489583333333334 0.03518518518518519
0 0.5497395833333333 0.4935185185185185 0.016927083333333332 0.022685185185185187
0 0.3255208333333333 0.49074074074074076 0.017447916666666667 0.02962962962962963
0 0.30963541666666666 0.4356481481481482 0.020572916666666666 0.038425925925925926
0 0.7765625 0.9916666666666667 0.025 0.04583333333333333
0 0.7484375 0.7560185185185185 0.0109375 0.027314814814814816
0 0.73671875 0.7217592592592592 0.01796875 0.027314814814814816
0 0.5018229166666667 0.3578703703703704 0.01171875 0.03657407407407407
0 0.8033854166666666 0.3824074074074074 0.01953125 0.029166666666666667
0 0.778125 0.38333333333333336 0.015104166666666667 0.02962962962962963
0 0.8606770833333334 0.8703703703703703 0.026302083333333334 0.05462962962962963
0 0.8911458333333333 0.8870370370370371 0.026302083333333334 0.05092592592592592
0 0.4127604166666667 0.23703703703703705 0.016666666666666666 0.05
0 0.3671875 0.1259259259259259 0.023177083333333334 0.04675925925925926
0 0.73984375 0.15185185185185185 0.02421875 0.04583333333333333
0 0.15182291666666667 0.10555555555555556 0.017708333333333333 0.030555555555555555
0 0.05078125 0.1412037037037037 0.0265625 0.04953703703703704
