0 0.7447916666666666 0.8138888888888889 0.01484375 0.026851851851851852
0 0.7424479166666667 0.7939814814814815 0.01171875 0.03194444444444444
0 0.13567708333333334 0.812037037037037 0.017447916666666667 0.03611111111111111
0 0.5333333333333333 0.8138888888888889 0.011979166666666667 0.02824074074074074
0 0.21354166666666666 0.9194444444444444 0.012239583333333333 0.021296296296296296
0 0.18046875 0.9625 0.01796875 0.028703703703703703
0 0.23723958333333334 0.8967592592592593 0.016145833333333335 0.03564814814814815
0 0.23932291666666666 0.8388888888888889 0.016666666666666666 0.03287037037037037
0 0.5591145833333333 0.6087962962962963 0.015364583333333333 0.034722222222222224
0 0.53046875 0.6097222222222223 0.01953125 0.04722222222222222
0 0.30442708333333335 0.49722222222222223 0.01953125 0.037037037037037035
0 0.5411458333333333 0.5467592592592593 0.013541666666666667 0.022685185185185187
0 0.32135416666666666 0.4949074074074074 0.017447916666666667 0.02962962962962963
0 0.31328125 0.44675925925925924 0.020572916666666666 0.038425925925925926
0 0.72890625 0.7782407407407408 0.015364583333333333 0.027314814814814816
0 0.49661458333333336 0.41064814814814815 0.01171875 0.03657407407407407
0 0.79609375 0.43287037037037035 0.020572916666666666 0.030555555555555555
0 0.7697916666666667 0.43472222222222223 0.014322916666666666 0.02824074074074074
0 0.8546875 0.9268518518518518 0.026302083333333334 0.05462962962962963
0 0.8815104166666666 0.9430555555555555 0.025 0.04861111111111111
0 0.4049479166666667 0.29074074074074074 0.016666666666666666 0.05
0 0.3606770833333333 0.17685185185185184 0.020833333333333332 0.03935185185185185
0 0.73359375 0.19722222222222222 0.02421875 0.04583333333333333
0 0.14609375 0.16111111111111112 0.016145833333333335 0.04953703703703704
0 0.0421875 0.19398148148148148 0.02109375 0.047685185185185185
0 0.4166666666666667 0.03657407407407407 0.022135416666666668 0.041666666666666664
