0 0.1 0.45092592592592595 0.03046875 0.03148148148148148
0 0.08072916666666667 0.4671296296296296 0.013802083333333333 0.024537037037037038
0 0.06197916666666667 0.5638888888888889 0.01953125 0.03518518518518519
0 0.13645833333333332 0.6810185185185185 0.020052083333333335 0.0375
0 0.13567708333333334 0.7050925925925926 0.020052083333333335 0.027314814814814816
0 0.058333333333333334 0.9439814814814815 0.023697916666666666 0.05925925925925926
0 0.4825520833333333 0.15555555555555556 0.017447916666666667 0.03333333333333333
0 0.5380208333333333 0.14907407407407408 0.0140625 0.028703703703703703
0 0.5486979166666667 0.3402777777777778 0.03697916666666667 0.056018518518518516
0 0.4973958333333333 0.4986111111111111 0.040364583333333336 0.04537037037037037
0 0.50703125 0.7407407407407407 0.023697916666666666 0.03657407407407407
0 0.44166666666666665 0.8648148148148148 0.0171875 0.04398148148148148
0 0.5122395833333333 0.8898148148148148 0.02265625 0.030555555555555555
0 0.7 0.40925925925925927 0.017447916666666667 0.028703703703703703
0 0.6541666666666667 0.31851851851851853 0.015364583333333333 0.034722222222222224
0 0.70859375 0.3148148148148148 0.01796875 0.02824074074074074
0 0.7598958333333333 0.36018518518518516 0.02109375 0.04212962962962963
0 0.928125 0.4212962962962963 0.029166666666666667 0.029166666666666667
0 0.9411458333333333 0.47175925925925927 0.020052083333333335 0.034722222222222224
0 0.9182291666666667 0.18888888888888888 0.01484375 0.032407407407407406
0 0.9286458333333333 0.19490740740740742 0.016927083333333332 0.03611111111111111
0 0.0375 0.44027777777777777 0.022135416666666668 0.05277777777777778
0 0.013541666666666667 0.4300925925925926 0.016145833333333335 0.03425925925925926
