0 0.7359375 0.8703703703703703 0.021354166666666667 0.026851851851851852
0 0.7328125 0.8458333333333333 0.012239583333333333 0.03333333333333333
0 0.13020833333333334 0.8629629629629629 0.017447916666666667 0.03611111111111111
0 0.5283854166666667 0.8671296296296296 0.01328125 0.03888888888888889
0 0.23046875 0.9490740740740741 0.015104166666666667 0.03657407407407407
0 0.20729166666666668 0.9694444444444444 0.0171875 0.027314814814814816
0 0.23020833333333332 0.8944444444444445 0.016145833333333335 0.03564814814814815
0 0.5520833333333334 0.6564814814814814 0.015364583333333333 0.034722222222222224
0 0.521875 0.6638888888888889 0.015625 0.04537037037037037
0 0.2950520833333333 0.5444444444444444 0.01953125 0.037037037037037035
0 0.5322916666666667 0.6037037037037037 0.014322916666666666 0.02361111111111111
0 0.30520833333333336 0.5953703703703703 0.017447916666666667 0.02962962962962963
0 0.29296875 0.5898148148148148 0.014583333333333334 0.03009259259259259
0 0.7192708333333333 0.8375 0.014583333333333334 0.025925925925925925
0 0.4890625 0.4666666666666667 0.01171875 0.03657407407407407
0 0.7888020833333333 0.48842592592592593 0.020572916666666666 0.030555555555555555
0 0.7614583333333333 0.4925925925925926 0.014322916666666666 0.02824074074074074
0 0.8458333333333333 0.9837962962962963 0.025 0.05185185185185185
0 0.8736979166666666 0.9898148148148148 0.025 0.04861111111111111
0 0.3963541666666667 0.3449074074074074 0.016666666666666666 0.05
0 0.35260416666666666 0.23287037037037037 0.020833333333333332 0.03935185185185185
0 0.7247395833333333 0.2569444444444444 0.02421875 0.04583333333333333
0 0.13958333333333334 0.22685185185185186 0.016145833333333335 0.04953703703703704
0 0.035416666666666666 0.24953703703703703 0.020052083333333335 0.04537037037037037
0 0.4083333333333333 0.1 0.022135416666666668 0.041666666666666664
0 0.06354166666666666 0.012037037037037037 0.019010416666666665 0.024537037037037038
