0 0.7299479166666667 0.9236111111111112 0.021354166666666667 0.026851851851851852
0 0.725 0.9074074074074074 0.012239583333333333 0.01898148148148148
0 0.12369791666666667 0.9120370370370371 0.017447916666666667 0.03611111111111111
0 0.5223958333333333 0.924537037037037 0.01328125 0.03888888888888889
0 0.22291666666666668 0.9518518518518518 0.015104166666666667 0.03657407407407407
0 0.54453125 0.7148148148148148 0.015364583333333333 0.034722222222222224
0 0.515625 0.725462962962963 0.015625 0.04537037037037037
0 0.28932291666666665 0.6023148148148149 0.01953125 0.037037037037037035
0 0.525 0.6620370370370371 0.013541666666666667 0.022685185185185187
0 0.29713541666666665 0.6560185185185186 0.018229166666666668 0.031018518518518518
0 0.2864583333333333 0.6439814814814815 0.013802083333333333 0.028703703703703703
0 0.7125 0.8986111111111111 0.014583333333333334 0.025925925925925925
0 0.48489583333333336 0.5226851851851851 0.01171875 0.03657407407407407
0 0.7830729166666667 0.5486111111111112 0.020572916666666666 0.030555555555555555
0 0.7552083333333334 0.5537037037037037 0.014322916666666666 0.02824074074074074
0 0.3893229166666667 0.4064814814814815 0.015885416666666666 0.047685185185185185
0 0.3453125 0.28379629629629627 0.019791666666666666 0.0375
0 0.71875 0.3023148148148148 0.02421875 0.04583333333333333
0 0.13489583333333333 0.28425925925925927 0.016145833333333335 0.04953703703703704
0 0.0265625 0.3060185185185185 0.019010416666666665 0.043055555555555555
0 0.40130208333333334 0.15324074074074073 0.018229166666666668 0.041666666666666664
0 0.05572916666666667 0.06111111111111111 0.019010416666666665 0.031018518518518518
0 0.06171875 0.03009259259259259 0.020572916666666666 0.04953703703703704
0 0.04375 0.020370370370370372 0.015885416666666666 0.03564814814814815
0 0.6013020833333333 0.0125 0.02109375 0.02546296296296296
0 0.98984375 0.5217592592592593 0.019010416666666665 0.038425925925925926
