0 0.7265625 0.9731481481481481 0.015364583333333333 0.026851851851851852
0 0.72265625 0.9560185185185185 0.01171875 0.018055555555555554
0 0.12083333333333333 0.9578703703703704 0.017447916666666667 0.03611111111111111
0 0.5174479166666667 0.9694444444444444 0.0140625 0.040740740740740744
0 0.21666666666666667 0.9893518518518518 0.015104166666666667 0.03657407407407407
0 0.5388020833333333 0.7574074074074074 0.014583333333333334 0.03287037037037037
0 0.5096354166666667 0.7652777777777777 0.01484375 0.043055555555555555
0 0.2828125 0.6541666666666667 0.018489583333333334 0.03518518518518519
0 0.5197916666666667 0.7064814814814815 0.015364583333333333 0.027777777777777776
0 0.2921875 0.7041666666666667 0.017447916666666667 0.02962962962962963
0 0.27734375 0.6944444444444444 0.013802083333333333 0.028703703703703703
0 0.70859375 0.9476851851851852 0.015364583333333333 0.034722222222222224
0 0.4830729166666667 0.5731481481481482 0.01171875 0.03657407407407407
0 0.7763020833333333 0.5981481481481481 0.01953125 0.029166666666666667
0 0.7520833333333333 0.5962962962962963 0.014322916666666666 0.02824074074074074
0 0.3854166666666667 0.44583333333333336 0.0171875 0.03425925925925926
0 0.3424479166666667 0.33287037037037037 0.019791666666666666 0.0375
0 0.7111979166666667 0.3490740740740741 0.02421875 0.04583333333333333
0 0.13307291666666668 0.3384259259259259 0.016145833333333335 0.04953703703703704
0 0.01875 0.35648148148148145 0.01953125 0.0412037037037037
0 0.40234375 0.19907407407407407 0.01328125 0.03333333333333333
0 0.04739583333333333 0.1087962962962963 0.019010416666666665 0.031018518518518518
0 0.05572916666666667 0.07685185185185185 0.020833333333333332 0.03611111111111111
0 0.03854166666666667 0.06527777777777778 0.015885416666666666 0.03564814814814815
0 0.60078125 0.04861111111111111 0.020052083333333335 0.04259259259259259
0 0.9869791666666666 0.5652777777777778 0.028125 0.04027777777777778
0 0.01796875 0.020370370370370372 0.01953125 0.0375
0 0.5838541666666667 0.011574074074074073 0.01640625 0.023148148148148147
