0 0.534375 0.8185185185185185 0.014583333333333334 0.03287037037037037
0 0.5046875 0.8310185185185185 0.015625 0.04537037037037037
0 0.27708333333333335 0.7199074074074074 0.018489583333333334 0.03518518518518519
0 0.5125 0.7685185185185185 0.015364583333333333 0.027777777777777776
0 0.28489583333333335 0.7671296296296296 0.017447916666666667 0.02962962962962963
0 0.27265625 0.7513888888888889 0.013802083333333333 0.028703703703703703
0 0.48098958333333336 0.6291666666666667 0.01171875 0.03657407407407407
0 0.771875 0.6611111111111111 0.020572916666666666 0.030555555555555555
0 0.7463541666666667 0.6592592592592592 0.019791666666666666 0.034722222222222224
0 0.3807291666666667 0.512962962962963 0.0171875 0.03425925925925926
0 0.33489583333333334 0.3902777777777778 0.020833333333333332 0.03935185185185185
0 0.7057291666666666 0.4125 0.029427083333333333 0.04814814814814815
0 0.1265625 0.39537037037037037 0.015364583333333333 0.06388888888888888
0 0.016927083333333332 0.41574074074074074 0.022916666666666665 0.044444444444444446
0 0.396875 0.2662037037037037 0.012760416666666666 0.03194444444444444
0 0.044270833333333336 0.16712962962962963 0.019010416666666665 0.031018518518518518
0 0.036458333333333336 0.12777777777777777 0.020833333333333332 0.03611111111111111
0 0.05078125 0.1337962962962963 0.015885416666666666 0.03564814814814815
0 0.5958333333333333 0.10740740740740741 0.020052083333333335 0.04259259259259259
0 0.9848958333333333 0.6291666666666667 0.029947916666666668 0.05555555555555555
0 0.01484375 0.07824074074074074 0.023958333333333335 0.043055555555555555
0 0.5796875 0.07314814814814814 0.01640625 0.026851851851851852
0 0.4583333333333333 0.04259259259259259 0.012760416666666666 0.027777777777777776
