0 0.52734375 0.8796296296296297 0.014583333333333334 0.03287037037037037
0 0.4984375 0.8935185185185185 0.015625 0.04537037037037037
0 0.27838541666666666 0.7083333333333334 0.018489583333333334 0.03518518518518519
0 0.5072916666666667 0.825462962962963 0.014583333333333334 0.02638888888888889
0 0.28020833333333334 0.7773148148148148 0.017447916666666667 0.02962962962962963
0 0.26927083333333335 0.7449074074074075 0.013802083333333333 0.028703703703703703
0 0.478125 0.6939814814814815 0.013020833333333334 0.02824074074074074
0 0.76875 0.7268518518518519 0.020572916666666666 0.030555555555555555
0 0.7401041666666667 0.7222222222222222 0.020833333333333332 0.03657407407407407
0 0.37395833333333334 0.5689814814814815 0.0171875 0.03425925925925926
0 0.3333333333333333 0.4615740740740741 0.020833333333333332 0.03935185185185185
0 0.69765625 0.4842592592592593 0.029427083333333333 0.04814814814814815
0 0.12421875 0.462037037037037 0.015364583333333333 0.04722222222222222
0 0.012239583333333333 0.47824074074074074 0.023958333333333335 0.04675925925925926
0 0.3919270833333333 0.3287037037037037 0.012760416666666666 0.03194444444444444
0 0.039322916666666666 0.2375 0.019010416666666665 0.031018518518518518
0 0.03125 0.1912037037037037 0.020833333333333332 0.03611111111111111
0 0.045572916666666664 0.19305555555555556 0.015885416666666666 0.03564814814814815
0 0.58828125 0.1726851851851852 0.020052083333333335 0.04259259259259259
0 0.9830729166666666 0.6921296296296297 0.029947916666666668 0.05555555555555555
0 0.009375 0.13703703703703704 0.023958333333333335 0.043055555555555555
0 0.5739583333333333 0.13518518518518519 0.0171875 0.02824074074074074
0 0.45703125 0.10277777777777777 0.012760416666666666 0.027777777777777776
