0 0.5255208333333333 0.9481481481481482 0.014583333333333334 0.03287037037037037
0 0.49505208333333334 0.950462962962963 0.015625 0.04537037037037037
0 0.26927083333333335 0.8412037037037037 0.018489583333333334 0.03518518518518519
0 0.5018229166666667 0.8912037037037037 0.014583333333333334 0.02638888888888889
0 0.27265625 0.9009259259259259 0.016666666666666666 0.02824074074074074
0 0.2669270833333333 0.8763888888888889 0.013020833333333334 0.027314814814814816
0 0.47421875 0.7583333333333333 0.013020833333333334 0.02824074074074074
0 0.7640625 0.788425925925926 0.021614583333333333 0.03194444444444444
0 0.73828125 0.7916666666666666 0.020833333333333332 0.03657407407407407
0 0.37161458333333336 0.6347222222222222 0.0171875 0.03425925925925926
0 0.32786458333333335 0.5254629629629629 0.021875 0.0412037037037037
0 0.69609375 0.5449074074074074 0.029427083333333333 0.04814814814814815
0 0.01171875 0.5398148148148149 0.023958333333333335 0.04675925925925926
0 0.38619791666666664 0.39444444444444443 0.012760416666666666 0.03194444444444444
0 0.03359375 0.3013888888888889 0.020052083333333335 0.032407407407407406
0 0.02734375 0.26064814814814813 0.019791666666666666 0.03425925925925926
0 0.04635416666666667 0.25833333333333336 0.019791666666666666 0.04259259259259259
0 0.5848958333333333 0.23287037037037037 0.020052083333333335 0.04259259259259259
0 0.9783854166666667 0.7541666666666667 0.0375 0.05555555555555555
0 0.012239583333333333 0.2023148148148148 0.023958333333333335 0.043055555555555555
0 0.5697916666666667 0.20787037037037037 0.01796875 0.02962962962962963
0 0.45260416666666664 0.17037037037037037 0.012760416666666666 0.018518518518518517
0 0.121875 0.5263888888888889 0.022135416666666668 0.03333333333333333
