0 0.4703125 0.9976851851851852 0.013020833333333334 0.02824074074074074
0 0.3606770833333333 0.8805555555555555 0.01640625 0.032407407407407406
0 0.32265625 0.7759259259259259 0.020833333333333332 0.03935185185185185
0 0.6856770833333333 0.7722222222222223 0.029166666666666667 0.03333333333333333
0 0.008072916666666667 0.7916666666666666 0.01796875 0.04675925925925926
0 0.37447916666666664 0.6444444444444445 0.0140625 0.03518518518518519
0 0.027083333333333334 0.5486111111111112 0.020052083333333335 0.03981481481481482
0 0.016666666666666666 0.5013888888888889 0.020833333333333332 0.03611111111111111
0 0.03619791666666667 0.4949074074074074 0.023697916666666666 0.04259259259259259
0 0.5744791666666667 0.48055555555555557 0.018229166666666668 0.03888888888888889
0 0.95625 0.9944444444444445 0.04088541666666667 0.03518518518518519
0 0.01171875 0.4527777777777778 0.025260416666666667 0.04537037037037037
0 0.5604166666666667 0.46064814814814814 0.01796875 0.02962962962962963
0 0.440625 0.41944444444444445 0.012760416666666666 0.018518518518518517
0 0.11197916666666667 0.7726851851851851 0.02109375 0.03194444444444444
0 0.04583333333333333 0.21203703703703702 0.01953125 0.03148148148148148
0 0.23255208333333333 0.22361111111111112 0.020572916666666666 0.056018518518518516
0 0.6247395833333333 0.19583333333333333 0.020572916666666666 0.03518518518518519
0 0.50546875 0.14305555555555555 0.02265625 0.0375
0 0.018489583333333334 0.2074074074074074 0.012760416666666666 0.025925925925925925
0 0.020833333333333332 0.18935185185185185 0.02109375 0.03425925925925926
0 0.20026041666666666 0.10694444444444444 0.021875 0.037037037037037035
0 0.9908854166666666 0.2773148148148148 0.018489583333333334 0.06759259259259259
0 0.99140625 0.637962962962963 0.015885416666666666 0.032407407407407406
0 0.8348958333333333 0.04212962962962963 0.024739583333333332 0.058333333333333334
