0 0.09973958333333334 0.4689814814814815 0.022395833333333334 0.03148148148148148
0 0.08072916666666667 0.4898148148148148 0.015625 0.024537037037037038
0 0.06380208333333333 0.5879629629629629 0.01953125 0.03518518518518519
0 0.1375 0.7037037037037037 0.020052083333333335 0.0375
0 0.13411458333333334 0.7310185185185185 0.020052083333333335 0.027314814814814816
0 0.05963541666666667 0.9689814814814814 0.02265625 0.05648148148148148
0 0.48463541666666665 0.1736111111111111 0.017447916666666667 0.03333333333333333
0 0.5393229166666667 0.17453703703703705 0.014583333333333334 0.03009259259259259
0 0.55078125 0.3638888888888889 0.03697916666666667 0.056018518518518516
0 0.50078125 0.524537037037037 0.04244791666666667 0.047685185185185185
0 0.5072916666666667 0.7652777777777777 0.025 0.038425925925925926
0 0.4434895833333333 0.887962962962963 0.0171875 0.04398148148148148
0 0.5135416666666667 0.9106481481481481 0.023697916666666666 0.03194444444444444
0 0.7015625 0.41388888888888886 0.017447916666666667 0.028703703703703703
0 0.6533854166666667 0.3398148148148148 0.015364583333333333 0.034722222222222224
0 0.7067708333333333 0.33564814814814814 0.01796875 0.02824074074074074
0 0.7604166666666666 0.3837962962962963 0.02109375 0.04212962962962963
0 0.9244791666666666 0.4486111111111111 0.027864583333333335 0.027777777777777776
0 0.9403645833333333 0.49398148148148147 0.019010416666666665 0.03287037037037037
0 0.91953125 0.21296296296296297 0.01484375 0.032407407407407406
0 0.93046875 0.2162037037037037 0.016927083333333332 0.03611111111111111
0 0.03958333333333333 0.4587962962962963 0.02109375 0.050462962962962966
0 0.014583333333333334 0.4513888888888889 0.016145833333333335 0.03425925925925926
