0 0.3546875 0.9449074074074074 0.01640625 0.032407407407407406
0 0.31927083333333334 0.8393518518518519 0.021875 0.0412037037037037
0 0.6833333333333333 0.8393518518518519 0.029166666666666667 0.03333333333333333
0 0.004427083333333333 0.8648148148148148 0.013541666666666667 0.03333333333333333
0 0.37473958333333335 0.7111111111111111 0.0140625 0.03518518518518519
0 0.027083333333333334 0.6189814814814815 0.019010416666666665 0.03796296296296296
0 0.014583333333333334 0.575462962962963 0.020833333333333332 0.03611111111111111
0 0.033854166666666664 0.5578703703703703 0.023697916666666666 0.04259259259259259
0 0.5736979166666667 0.5439814814814815 0.018229166666666668 0.03888888888888889
0 0.011979166666666667 0.512962962962963 0.0265625 0.047685185185185185
0 0.5606770833333333 0.525 0.01796875 0.02962962962962963
0 0.4356770833333333 0.4847222222222222 0.012239583333333333 0.020370370370370372
0 0.10729166666666666 0.8379629629629629 0.02109375 0.03194444444444444
0 0.04739583333333333 0.27361111111111114 0.01953125 0.03148148148148148
0 0.23020833333333332 0.2912037037037037 0.020572916666666666 0.056018518518518516
0 0.6205729166666667 0.2625 0.020572916666666666 0.03518518518518519
0 0.5052083333333334 0.20879629629629629 0.02265625 0.0375
0 0.017447916666666667 0.2722222222222222 0.013020833333333334 0.025925925925925925
0 0.019010416666666665 0.2513888888888889 0.021875 0.02361111111111111
0 0.2 0.17824074074074073 0.021875 0.037037037037037035
0 0.990625 0.3472222222222222 0.017708333333333333 0.06435185185185185
0 0.990625 0.7046296296296296 0.021354166666666667 0.032407407407407406
0 0.8322916666666667 0.1037037037037037 0.023958333333333335 0.04722222222222222
0 0.7645833333333333 0.05185185185185185 0.026822916666666665 0.06851851851851852
0 0.06354166666666666 0.056018518518518516 0.025260416666666667 0.03657407407407407
