0 0.31796875 0.8986111111111111 0.020833333333333332 0.03935185185185185
0 0.6817708333333333 0.8953703703703704 0.027864583333333335 0.03194444444444444
0 0.37057291666666664 0.7777777777777778 0.01484375 0.037037037037037035
0 0.0234375 0.6777777777777778 0.019010416666666665 0.03796296296296296
0 0.013541666666666667 0.6324074074074074 0.020833333333333332 0.03611111111111111
0 0.032552083333333336 0.6222222222222222 0.021354166666666667 0.03796296296296296
0 0.5713541666666667 0.6092592592592593 0.017447916666666667 0.037037037037037035
0 0.01015625 0.5736111111111111 0.02265625 0.0412037037037037
0 0.56171875 0.5902777777777778 0.019791666666666666 0.03287037037037037
0 0.43411458333333336 0.5462962962962963 0.012760416666666666 0.021296296296296296
0 0.10807291666666667 0.9013888888888889 0.02109375 0.03194444444444444
0 0.04921875 0.34074074074074073 0.01953125 0.03148148148148148
0 0.22864583333333333 0.362962962962963 0.020572916666666666 0.056018518518518516
0 0.61640625 0.33194444444444443 0.020572916666666666 0.03518518518518519
0 0.5052083333333334 0.2712962962962963 0.02265625 0.0375
0 0.016666666666666666 0.3402777777777778 0.0125 0.025925925925925925
0 0.020052083333333335 0.3138888888888889 0.021875 0.02361111111111111
0 0.19505208333333332 0.24166666666666667 0.020833333333333332 0.03518518518518519
0 0.9924479166666667 0.4162037037037037 0.017708333333333333 0.06435185185185185
0 0.9875 0.7708333333333334 0.02734375 0.047685185185185185
0 0.8276041666666667 0.1638888888888889 0.023958333333333335 0.04722222222222222
0 0.7661458333333333 0.10787037037037037 0.026822916666666665 0.06851851851851852
0 0.05546875 0.11944444444444445 0.025260416666666667 0.03657407407407407
0 0.01015625 0.08101851851851852 0.020572916666666666 0.040740740740740744
0 0.5223958333333333 0.019444444444444445 0.01953125 0.03935185185185185
0 0.546875 0.0125 0.018489583333333334 0.02546296296296296
