0 0.3177083333333333 0.950462962962963 0.020833333333333332 0.03935185185185185
0 0.6794270833333333 0.9425925925925925 0.03125 0.03194444444444444
0 0.3723958333333333 0.8236111111111111 0.015625 0.03888888888888889
0 0.022395833333333334 0.7351851851851852 0.019010416666666665 0.03796296296296296
0 0.012239583333333333 0.6884259259259259 0.020833333333333332 0.03611111111111111
0 0.030729166666666665 0.6675925925925926 0.021354166666666667 0.03796296296296296
0 0.5708333333333333 0.6615740740740741 0.017447916666666667 0.037037037037037035
0 0.009895833333333333 0.625462962962963 0.02265625 0.0412037037037037
0 0.5588541666666667 0.6439814814814815 0.019791666666666666 0.03287037037037037
0 0.4315104166666667 0.6018518518518519 0.01328125 0.030555555555555555
0 0.10963541666666667 0.9486111111111111 0.022135416666666668 0.03333333333333333
0 0.04869791666666667 0.3907407407407407 0.01953125 0.03148148148148148
0 0.2296875 0.4111111111111111 0.020572916666666666 0.056018518518518516
0 0.61328125 0.38564814814814813 0.020572916666666666 0.03518518518518519
0 0.5033854166666667 0.31712962962962965 0.023697916666666666 0.03935185185185185
0 0.017447916666666667 0.38842592592592595 0.0125 0.025925925925925925
0 0.02109375 0.3662037037037037 0.020833333333333332 0.022685185185185187
0 0.1921875 0.287962962962963 0.020833333333333332 0.03518518518518519
0 0.9908854166666666 0.4685185185185185 0.017708333333333333 0.07546296296296297
0 0.9859375 0.8143518518518519 0.028645833333333332 0.05
0 0.8265625 0.21064814814814814 0.023958333333333335 0.04722222222222222
0 0.76171875 0.16157407407407406 0.024739583333333332 0.07175925925925926
0 0.05234375 0.1685185185185185 0.023958333333333335 0.034722222222222224
0 0.009114583333333334 0.1361111111111111 0.01953125 0.03888888888888889
0 0.5234375 0.06111111111111111 0.01953125 0.03935185185185185
0 0.5471354166666667 0.06157407407407407 0.018489583333333334 0.02546296296296296
