0 0.02109375 0.9125 0.020052083333333335 0.03981481481481482
0 0.01328125 0.8763888888888889 0.022916666666666665 0.024537037037037038
0 0.024739583333333332 0.8453703703703703 0.020052083333333335 0.033796296296296297
0 0.5643229166666667 0.8416666666666667 0.015885416666666666 0.03333333333333333
0 0.0140625 0.8046296296296296 0.023697916666666666 0.02638888888888889
0 0.5549479166666667 0.8222222222222222 0.0171875 0.04212962962962963
0 0.4234375 0.7782407407407408 0.012760416666666666 0.029166666666666667
0 0.05807291666666667 0.5606481481481481 0.018489583333333334 0.03009259259259259
0 0.22630208333333332 0.611574074074074 0.01953125 0.05324074074074074
0 0.60546875 0.5685185185185185 0.01953125 0.03333333333333333
0 0.49921875 0.5050925925925925 0.018489583333333334 0.03287037037037037
0 0.019791666666666666 0.5745370370370371 0.019270833333333334 0.025925925925925925
0 0.02109375 0.5439814814814815 0.019791666666666666 0.02175925925925926
0 0.18072916666666666 0.48055555555555557 0.020833333333333332 0.03518518518518519
0 0.9880208333333333 0.649537037037037 0.0234375 0.07361111111111111
0 0.98515625 0.9925925925925926 0.029947916666666668 0.052314814814814814
0 0.8247395833333333 0.39166666666666666 0.023958333333333335 0.04722222222222222
0 0.7578125 0.3527777777777778 0.0234375 0.04861111111111111
0 0.04479166666666667 0.36018518518518516 0.022916666666666665 0.02361111111111111
0 0.009114583333333334 0.3162037037037037 0.018489583333333334 0.037037037037037035
0 0.5192708333333333 0.24768518518518517 0.01953125 0.03935185185185185
0 0.5434895833333333 0.2462962962962963 0.016666666666666666 0.02546296296296296
0 0.42864583333333334 0.15462962962962962 0.015364583333333333 0.028703703703703703
0 0.4309895833333333 0.12824074074074074 0.011197916666666667 0.01898148148148148
0 0.4122395833333333 0.11481481481481481 0.01953125 0.032407407407407406
0 0.2950520833333333 0.028703703703703703 0.01953125 0.03657407407407407
0 0.22708333333333333 0.04722222222222222 0.02109375 0.03564814814814815
0 0.19635416666666666 0.020370370370370372 0.029427083333333333 0.03564814814814815
