0 0.022395833333333334 0.9712962962962963 0.020052083333333335 0.03981481481481482
0 0.012239583333333333 0.9324074074074075 0.022916666666666665 0.024537037037037038
0 0.020052083333333335 0.8976851851851851 0.020052083333333335 0.033796296296296297
0 0.5658854166666667 0.8916666666666667 0.015885416666666666 0.03333333333333333
0 0.013541666666666667 0.8652777777777778 0.023697916666666666 0.02638888888888889
0 0.5541666666666667 0.8759259259259259 0.0171875 0.04212962962962963
0 0.4197916666666667 0.8342592592592593 0.012760416666666666 0.029166666666666667
0 0.05520833333333333 0.6162037037037037 0.018489583333333334 0.03009259259259259
0 0.22890625 0.6680555555555555 0.020572916666666666 0.056018518518518516
0 0.60234375 0.6268518518518519 0.01953125 0.03333333333333333
0 0.49765625 0.562962962962963 0.018489583333333334 0.03287037037037037
0 0.021354166666666667 0.6259259259259259 0.019270833333333334 0.025925925925925925
0 0.019791666666666666 0.6064814814814815 0.01875 0.020833333333333332
0 0.17708333333333334 0.5296296296296297 0.019791666666666666 0.03333333333333333
0 0.98828125 0.7092592592592593 0.0234375 0.06111111111111111
0 0.8229166666666666 0.45 0.020052083333333335 0.03564814814814815
0 0.7588541666666667 0.4023148148148148 0.022395833333333334 0.046296296296296294
0 0.04114583333333333 0.4203703703703704 0.022916666666666665 0.02361111111111111
0 0.01015625 0.37407407407407406 0.018489583333333334 0.037037037037037035
0 0.5177083333333333 0.29907407407407405 0.018489583333333334 0.0375
0 0.5403645833333334 0.3 0.015885416666666666 0.024074074074074074
0 0.428125 0.21898148148148147 0.015364583333333333 0.028703703703703703
0 0.43072916666666666 0.18611111111111112 0.021875 0.01898148148148148
0 0.40859375 0.17222222222222222 0.01953125 0.032407407407407406
0 0.2942708333333333 0.08425925925925926 0.01953125 0.03657407407407407
0 0.22578125 0.10462962962962963 0.022135416666666668 0.0375
0 0.19322916666666667 0.075 0.029427083333333333 0.03564814814814815
0 0.7270833333333333 0.011111111111111112 0.020572916666666666 0.022222222222222223
0 0.13177083333333334 0.03796296296296296 0.022135416666666668 0.04861111111111111
0 0.20885416666666667 0.04351851851851852 0.022135416666666668 0.03518518518518519
