0 0.017708333333333333 0.9703703703703703 0.021875 0.02962962962962963
0 0.02265625 0.9412037037037037 0.020052083333333335 0.033796296296296297
0 0.5645833333333333 0.9402777777777778 0.016666666666666666 0.03518518518518519
0 0.016666666666666666 0.9083333333333333 0.023177083333333334 0.038425925925925926
0 0.5546875 0.9254629629629629 0.0171875 0.04212962962962963
0 0.41692708333333334 0.8759259259259259 0.012760416666666666 0.029166666666666667
0 0.05625 0.6606481481481481 0.018489583333333334 0.03009259259259259
0 0.22864583333333333 0.7152777777777778 0.020572916666666666 0.056018518518518516
0 0.60390625 0.6726851851851852 0.018489583333333334 0.03194444444444444
0 0.49375 0.6111111111111112 0.018489583333333334 0.03287037037037037
0 0.017447916666666667 0.65 0.018229166666666668 0.024537037037037038
0 0.018229166666666668 0.6712962962962963 0.01875 0.020833333333333332
0 0.17395833333333333 0.5800925925925926 0.019791666666666666 0.03333333333333333
0 0.9875 0.7555555555555555 0.024479166666666666 0.06435185185185185
0 0.8236979166666667 0.49907407407407406 0.020052083333333335 0.03564814814814815
0 0.7575520833333333 0.4587962962962963 0.022395833333333334 0.046296296296296294
0 0.03567708333333333 0.46296296296296297 0.022916666666666665 0.02361111111111111
0 0.007552083333333333 0.4212962962962963 0.018489583333333334 0.037037037037037035
0 0.5166666666666667 0.3476851851851852 0.018489583333333334 0.0375
0 0.54296875 0.3439814814814815 0.015885416666666666 0.024074074074074074
0 0.4270833333333333 0.26805555555555555 0.016145833333333335 0.03009259259259259
0 0.43125 0.2310185185185185 0.016927083333333332 0.01990740740740741
0 0.40989583333333335 0.21574074074074073 0.01953125 0.032407407407407406
0 0.29375 0.12731481481481483 0.01953125 0.03657407407407407
0 0.22369791666666666 0.1527777777777778 0.022135416666666668 0.0375
0 0.19192708333333333 0.12129629629629629 0.030989583333333334 0.0375
0 0.7265625 0.052314814814814814 0.021614583333333333 0.03287037037037037
0 0.13072916666666667 0.0824074074074074 0.022135416666666668 0.04861111111111111
0 0.20442708333333334 0.08657407407407407 0.019791666666666666 0.037037037037037035
0 0.004427083333333333 0.03564814814814815 0.009114583333333334 0.03148148148148148
0 0.10989583333333333 0.04212962962962963 0.023177083333333334 0.0375
