0 0.01875 0.9921296296296296 0.022916666666666665 0.031018518518518518
0 0.0125 0.9671296296296297 0.019010416666666665 0.032407407407407406
0 0.56328125 0.9949074074074075 0.015885416666666666 0.03333333333333333
0 0.5520833333333334 0.9819444444444444 0.0171875 0.04212962962962963
0 0.4140625 0.9319444444444445 0.012760416666666666 0.029166666666666667
0 0.057291666666666664 0.7134259259259259 0.01953125 0.03148148148148148
0 0.23020833333333332 0.7689814814814815 0.020572916666666666 0.056018518518518516
0 0.5979166666666667 0.7282407407407407 0.017708333333333333 0.030555555555555555
0 0.4986979166666667 0.6537037037037037 0.013541666666666667 0.022222222222222223
0 0.018229166666666668 0.7050925925925926 0.018229166666666668 0.024537037037037038
0 0.017447916666666667 0.7300925925925926 0.01875 0.020833333333333332
0 0.1703125 0.6388888888888888 0.019791666666666666 0.03333333333333333
0 0.9848958333333333 0.8143518518518519 0.0234375 0.06111111111111111
0 0.8184895833333333 0.5486111111111112 0.019010416666666665 0.033796296296296297
0 0.7559895833333333 0.5138888888888888 0.022395833333333334 0.046296296296296294
0 0.03697916666666667 0.5148148148148148 0.021875 0.022685185185185187
0 0.00703125 0.47453703703703703 0.018489583333333334 0.037037037037037035
0 0.51640625 0.4 0.017708333333333333 0.03564814814814815
0 0.5393229166666667 0.40324074074074073 0.016666666666666666 0.02546296296296296
0 0.42734375 0.32175925925925924 0.016145833333333335 0.03009259259259259
0 0.42890625 0.2875 0.016145833333333335 0.01898148148148148
0 0.40989583333333335 0.2726851851851852 0.020572916666666666 0.03425925925925926
0 0.2953125 0.18611111111111112 0.01953125 0.03657407407407407
0 0.22057291666666667 0.20925925925925926 0.023177083333333334 0.03935185185185185
0 0.19270833333333334 0.18425925925925926 0.032552083333333336 0.03935185185185185
0 0.7260416666666667 0.10555555555555556 0.021614583333333333 0.03287037037037037
0 0.12395833333333334 0.1361111111111111 0.022135416666666668 0.04861111111111111
0 0.20182291666666666 0.15416666666666667 0.019791666666666666 0.037037037037037035
0 0.10572916666666667 0.10231481481481482 0.022135416666666668 0.03564814814814815
0 0.005208333333333333 0.07824074074074074 0.010677083333333334 0.047685185185185185
0 0.4953125 0.6736111111111112 0.011458333333333333 0.024537037037037038
