0 0.41119791666666666 0.9837962962962963 0.012760416666666666 0.029166666666666667
0 0.05677083333333333 0.7666666666666667 0.01953125 0.03148148148148148
0 0.23046875 0.8217592592592593 0.020833333333333332 0.06666666666666667
0 0.5950520833333334 0.7791666666666667 0.016927083333333332 0.029166666666666667
0 0.49557291666666664 0.7111111111111111 0.013020833333333334 0.021296296296296296
0 0.02109375 0.7527777777777778 0.017447916666666667 0.023148148148148147
0 0.0203125 0.7773148148148148 0.01796875 0.01990740740740741
0 0.16276041666666666 0.6953703703703704 0.020833333333333332 0.03518518518518519
0 0.9830729166666666 0.8657407407407407 0.026822916666666665 0.06435185185185185
0 0.8192708333333333 0.5976851851851852 0.019010416666666665 0.033796296296296297
0 0.75625 0.5662037037037037 0.022395833333333334 0.046296296296296294
0 0.03046875 0.5712962962962963 0.021875 0.022685185185185187
0 0.0078125 0.5259259259259259 0.018489583333333334 0.037037037037037035
0 0.5177083333333333 0.45231481481481484 0.016927083333333332 0.033796296296296297
0 0.5390625 0.4527777777777778 0.015885416666666666 0.024074074074074074
0 0.4283854166666667 0.3680555555555556 0.016927083333333332 0.03148148148148148
0 0.4317708333333333 0.3453703703703704 0.022135416666666668 0.02361111111111111
0 0.41041666666666665 0.32731481481481484 0.020572916666666666 0.03425925925925926
0 0.29609375 0.23564814814814813 0.020572916666666666 0.038425925925925926
0 0.22005208333333334 0.26296296296296295 0.022135416666666668 0.0375
0 0.18802083333333333 0.23148148148148148 0.030989583333333334 0.03009259259259259
0 0.7263020833333333 0.1587962962962963 0.021614583333333333 0.03287037037037037
0 0.12760416666666666 0.18935185185185185 0.022135416666666668 0.04861111111111111
0 0.19557291666666668 0.2064814814814815 0.019791666666666666 0.037037037037037035
0 0.10755208333333334 0.15046296296296297 0.022135416666666668 0.03564814814814815
0 0.0020833333333333333 0.13055555555555556 0.011197916666666667 0.05
0 0.4953125 0.7273148148148149 0.011979166666666667 0.025925925925925925
0 0.04765625 0.014351851851851852 0.021614583333333333 0.029166666666666667
