0 0.05364583333333333 0.812962962962963 0.01953125 0.03148148148148148
0 0.22994791666666667 0.874537037037037 0.020833333333333332 0.06666666666666667
0 0.5940104166666667 0.8291666666666667 0.016927083333333332 0.029166666666666667
0 0.49661458333333336 0.7620370370370371 0.0125 0.020370370370370372
0 0.020833333333333332 0.8069444444444445 0.023958333333333335 0.03009259259259259
0 0.015625 0.8300925925925926 0.01796875 0.01990740740740741
0 0.15989583333333332 0.7458333333333333 0.020833333333333332 0.03518518518518519
0 0.9856770833333334 0.9236111111111112 0.028125 0.07824074074074074
0 0.8171875 0.65 0.019010416666666665 0.033796296296296297
0 0.75703125 0.625 0.022395833333333334 0.046296296296296294
0 0.026822916666666665 0.6208333333333333 0.021875 0.022685185185185187
0 0.008333333333333333 0.5768518518518518 0.01953125 0.03888888888888889
0 0.51640625 0.49953703703703706 0.016145833333333335 0.032407407407407406
0 0.5393229166666667 0.4986111111111111 0.016666666666666666 0.02546296296296296
0 0.4270833333333333 0.4212962962962963 0.016145833333333335 0.03009259259259259
0 0.4328125 0.39444444444444443 0.020833333333333332 0.02361111111111111
0 0.40729166666666666 0.37777777777777777 0.018229166666666668 0.04027777777777778
0 0.29583333333333334 0.2810185185185185 0.01953125 0.03657407407407407
0 0.21458333333333332 0.3138888888888889 0.023177083333333334 0.03935185185185185
0 0.18385416666666668 0.28425925925925927 0.029427083333333333 0.028703703703703703
0 0.7255208333333333 0.21296296296296297 0.021614583333333333 0.03287037037037037
0 0.12630208333333334 0.2412037037037037 0.020052083333333335 0.0412037037037037
0 0.19192708333333333 0.26296296296296295 0.01875 0.03518518518518519
0 0.109375 0.19583333333333333 0.022135416666666668 0.03564814814814815
0 0.002864583333333333 0.17731481481481481 0.010677083333333334 0.047685185185185185
0 0.4942708333333333 0.7819444444444444 0.011979166666666667 0.025925925925925925
0 0.044270833333333336 0.05740740740740741 0.021614583333333333 0.029166666666666667
0 0.16848958333333333 0.04490740740740741 0.01953125 0.032407407407407406
