0 0.05390625 0.9060185185185186 0.018489583333333334 0.03009259259259259
0 0.234375 0.9643518518518519 0.021875 0.0699074074074074
0 0.5908854166666667 0.9152777777777777 0.016145833333333335 0.027777777777777776
0 0.4953125 0.8523148148148149 0.011979166666666667 0.019444444444444445
0 0.020572916666666666 0.8976851851851851 0.022916666666666665 0.028703703703703703
0 0.016927083333333332 0.9259259259259259 0.01875 0.020833333333333332
0 0.146875 0.8384259259259259 0.019791666666666666 0.03333333333333333
0 0.81640625 0.7435185185185185 0.02109375 0.0375
0 0.7580729166666667 0.7162037037037037 0.022395833333333334 0.046296296296296294
0 0.020572916666666666 0.7162037037037037 0.020833333333333332 0.02175925925925926
0 0.005729166666666666 0.6708333333333333 0.01953125 0.03888888888888889
0 0.5182291666666666 0.5902777777777778 0.016145833333333335 0.032407407407407406
0 0.5359375 0.5902777777777778 0.016666666666666666 0.02546296296296296
0 0.43020833333333336 0.5143518518518518 0.016145833333333335 0.03009259259259259
0 0.43385416666666665 0.4828703703703704 0.015885416666666666 0.02361111111111111
0 0.4046875 0.46620370370370373 0.017447916666666667 0.038425925925925926
0 0.29609375 0.38055555555555554 0.01953125 0.03657407407407407
0 0.20859375 0.4023148148148148 0.019270833333333334 0.033796296296296297
0 0.17630208333333333 0.375 0.030989583333333334 0.03009259259259259
0 0.7239583333333334 0.2986111111111111 0.02265625 0.034722222222222224
0 0.12421875 0.3300925925925926 0.020052083333333335 0.0412037037037037
0 0.18151041666666667 0.35185185185185186 0.019010416666666665 0.028703703703703703
0 0.10807291666666667 0.2962962962962963 0.022135416666666668 0.03564814814814815
0 0.0013020833333333333 0.262037037037037 0.01015625 0.026851851851851852
0 0.4940104166666667 0.8768518518518519 0.011979166666666667 0.025925925925925925
0 0.0390625 0.14027777777777778 0.02265625 0.030555555555555555
0 0.16536458333333334 0.13703703703703704 0.018489583333333334 0.031018518518518518
0 0.11875 0.0023148148148148147 0.015364583333333333 0.027314814814814816
0 0.11640625 0.052314814814814814 0.018489583333333334 0.03935185185185185
0 0.23411458333333332 0.02175925925925926 0.020572916666666666 0.04351851851851852
