0 0.05234375 0.9546296296296296 0.018489583333333334 0.03009259259259259
0 0.5890625 0.9675925925925926 0.016927083333333332 0.029166666666666667
0 0.49453125 0.8972222222222223 0.011979166666666667 0.027777777777777776
0 0.01953125 0.9393518518518519 0.021875 0.027314814814814816
0 0.0171875 0.9685185185185186 0.01796875 0.01990740740740741
0 0.14036458333333332 0.8893518518518518 0.019791666666666666 0.03333333333333333
0 0.8166666666666667 0.7898148148148149 0.02109375 0.0375
0 0.75859375 0.7606481481481482 0.022395833333333334 0.046296296296296294
0 0.019010416666666665 0.7638888888888888 0.021875 0.022685185185185187
0 0.005989583333333334 0.7236111111111111 0.018489583333333334 0.037037037037037035
0 0.51640625 0.6398148148148148 0.016145833333333335 0.032407407407407406
0 0.5377604166666666 0.638425925925926 0.016666666666666666 0.02546296296296296
0 0.428125 0.5685185185185185 0.016145833333333335 0.03009259259259259
0 0.43463541666666666 0.5291666666666667 0.015885416666666666 0.02361111111111111
0 0.40520833333333334 0.513425925925926 0.0203125 0.037037037037037035
0 0.29401041666666666 0.4287037037037037 0.01953125 0.03657407407407407
0 0.2046875 0.45231481481481484 0.0203125 0.03564814814814815
0 0.17369791666666667 0.4287037037037037 0.029427083333333333 0.028703703703703703
0 0.7229166666666667 0.34629629629629627 0.02265625 0.034722222222222224
0 0.12161458333333333 0.3814814814814815 0.020052083333333335 0.0412037037037037
0 0.17890625 0.4050925925925926 0.019010416666666665 0.028703703703703703
0 0.10546875 0.3425925925925926 0.02109375 0.033796296296296297
0 0.004427083333333333 0.3055555555555556 0.01015625 0.026851851851851852
0 0.49375 0.9254629629629629 0.0125 0.027314814814814816
0 0.034895833333333334 0.1912037037037037 0.021614583333333333 0.029166666666666667
0 0.16614583333333333 0.18611111111111112 0.018489583333333334 0.031018518518518518
0 0.11223958333333334 0.09861111111111111 0.018489583333333334 0.03935185185185185
0 0.00625 0.4564814814814815 0.01171875 0.03333333333333333
0 0.23177083333333334 0.05277777777777778 0.010677083333333334 0.0625
