0 0.49609375 0.9944444444444445 0.011979166666666667 0.027777777777777776
0 0.13151041666666666 0.9953703703703703 0.01875 0.03194444444444444
0 0.8145833333333333 0.8819444444444444 0.02109375 0.0375
0 0.7588541666666667 0.8671296296296296 0.021354166666666667 0.04398148148148148
0 0.01328125 0.8583333333333333 0.022916666666666665 0.02361111111111111
0 0.00625 0.8115740740740741 0.011458333333333333 0.03148148148148148
0 0.51640625 0.7305555555555555 0.015364583333333333 0.031018518518518518
0 0.5401041666666667 0.7324074074074074 0.016666666666666666 0.02546296296296296
0 0.42942708333333335 0.6648148148148149 0.017708333333333333 0.03287037037037037
0 0.43333333333333335 0.6263888888888889 0.015885416666666666 0.02361111111111111
0 0.4049479166666667 0.6055555555555555 0.021354166666666667 0.03888888888888889
0 0.29765625 0.5189814814814815 0.018489583333333334 0.034722222222222224
0 0.20572916666666666 0.5518518518518518 0.019270833333333334 0.033796296296296297
0 0.16692708333333334 0.5217592592592593 0.03307291666666667 0.02546296296296296
0 0.7231770833333333 0.43657407407407406 0.02265625 0.034722222222222224
0 0.12317708333333334 0.4740740740740741 0.020052083333333335 0.0412037037037037
0 0.17291666666666666 0.5018518518518519 0.018229166666666668 0.027314814814814816
0 0.10625 0.43333333333333335 0.02109375 0.033796296296296297
0 0.028385416666666666 0.2800925925925926 0.021614583333333333 0.029166666666666667
0 0.16328125 0.2828703703703704 0.018489583333333334 0.031018518518518518
0 0.11510416666666666 0.19537037037037036 0.018489583333333334 0.03935185185185185
0 0.0049479166666666664 0.5532407407407407 0.01171875 0.03333333333333333
0 0.23255208333333333 0.14629629629629629 0.011197916666666667 0.06574074074074074
0 0.2109375 0.08009259259259259 0.006510416666666667 0.02361111111111111
0 0.25390625 0.07314814814814814 0.020572916666666666 0.041666666666666664
0 0.73203125 0.023148148148148147 0.015885416666666666 0.028703703703703703
