0 0.81796875 0.9296296296296296 0.02109375 0.0375
0 0.759375 0.9148148148148149 0.019010416666666665 0.034722222222222224
0 0.009375 0.9101851851851852 0.022916666666666665 0.02361111111111111
0 0.0049479166666666664 0.8537037037037037 0.011458333333333333 0.03148148148148148
0 0.5177083333333333 0.7791666666666667 0.015364583333333333 0.031018518518518518
0 0.540625 0.7777777777777778 0.017447916666666667 0.026851851851851852
0 0.4270833333333333 0.7138888888888889 0.017708333333333333 0.03287037037037037
0 0.42916666666666664 0.6694444444444444 0.015885416666666666 0.02361111111111111
0 0.4046875 0.65 0.021354166666666667 0.02824074074074074
0 0.29453125 0.5625 0.018489583333333334 0.034722222222222224
0 0.2015625 0.6 0.019270833333333334 0.033796296296296297
0 0.16692708333333334 0.5685185185185185 0.03307291666666667 0.02546296296296296
0 0.7229166666666667 0.48518518518518516 0.02265625 0.034722222222222224
0 0.12421875 0.5194444444444445 0.020052083333333335 0.0412037037037037
0 0.17083333333333334 0.5541666666666667 0.019270833333333334 0.028703703703703703
0 0.11015625 0.4847222222222222 0.02109375 0.033796296296296297
0 0.026041666666666668 0.3287037037037037 0.020572916666666666 0.027777777777777776
0 0.16328125 0.3287037037037037 0.018489583333333334 0.031018518518518518
0 0.11588541666666667 0.24675925925925926 0.018489583333333334 0.03935185185185185
0 0.005729166666666666 0.6032407407407407 0.012239583333333333 0.03518518518518519
0 0.2328125 0.18981481481481483 0.009895833333333333 0.0625
0 0.21223958333333334 0.12222222222222222 0.005729166666666666 0.022685185185185187
0 0.25546875 0.11851851851851852 0.021614583333333333 0.04351851851851852
0 0.7328125 0.06666666666666667 0.015885416666666666 0.028703703703703703
0 0.7385416666666667 0.027777777777777776 0.026822916666666665 0.03287037037037037
0 0.8317708333333333 0.020833333333333332 0.017447916666666667 0.04212962962962963
0 0.17369791666666667 0.023148148148148147 0.03515625 0.046296296296296294
