0 0.7622395833333333 1.0074074074074073 0.020052083333333335 0.03657407407407407
0 0.0026041666666666665 0.9902777777777778 0.01796875 0.02361111111111111
0 0.005208333333333333 0.9333333333333333 0.011458333333333333 0.03148148148148148
0 0.51796875 0.8527777777777777 0.016145833333333335 0.032407407407407406
0 0.54140625 0.8648148148148148 0.017447916666666667 0.026851851851851852
0 0.4315104166666667 0.7412037037037037 0.016666666666666666 0.03333333333333333
0 0.41953125 0.8069444444444445 0.015104166666666667 0.022685185185185187
0 0.4036458333333333 0.7324074074074074 0.01796875 0.02962962962962963
0 0.2942708333333333 0.649537037037037 0.017708333333333333 0.03287037037037037
0 0.19713541666666667 0.6842592592592592 0.018229166666666668 0.032407407407407406
0 0.16302083333333334 0.6513888888888889 0.03307291666666667 0.02546296296296296
0 0.7231770833333333 0.5657407407407408 0.02265625 0.034722222222222224
0 0.12083333333333333 0.600462962962963 0.020052083333333335 0.0412037037037037
0 0.16588541666666667 0.6314814814814815 0.019270833333333334 0.028703703703703703
0 0.10651041666666666 0.5625 0.02109375 0.033796296296296297
0 0.019791666666666666 0.3990740740740741 0.01953125 0.02638888888888889
0 0.16380208333333332 0.4162037037037037 0.017708333333333333 0.02962962962962963
0 0.11796875 0.32731481481481484 0.020572916666666666 0.022685185185185187
0 0.0078125 0.6865740740740741 0.01640625 0.041666666666666664
0 0.23333333333333334 0.2708333333333333 0.009895833333333333 0.0625
0 0.2125 0.20185185185185187 0.00546875 0.02175925925925926
0 0.25442708333333336 0.20462962962962963 0.021614583333333333 0.04351851851851852
0 0.7359375 0.15046296296296297 0.015104166666666667 0.027314814814814816
0 0.7375 0.10462962962962963 0.026822916666666665 0.03287037037037037
0 0.83671875 0.08472222222222223 0.022395833333333334 0.058333333333333334
0 0.17135416666666667 0.10231481481481482 0.03697916666666667 0.04861111111111111
0 0.5096354166666667 0.06481481481481481 0.016927083333333332 0.033796296296296297
0 0.010416666666666666 0.06388888888888888 0.012760416666666666 0.03194444444444444
0 0.49453125 0.044444444444444446 0.016145833333333335 0.027777777777777776
0 0.49973958333333335 0.013425925925925926 0.0234375 0.027314814814814816
