0 0.00234375 0.9856481481481482 0.01796875 0.02361111111111111
0 0.5192708333333333 0.899074074074074 0.016145833333333335 0.032407407407407406
0 0.5421875 0.9083333333333333 0.017447916666666667 0.026851851851851852
0 0.4278645833333333 0.7888888888888889 0.016666666666666666 0.03333333333333333
0 0.42161458333333335 0.8560185185185185 0.015104166666666667 0.022685185185185187
0 0.40338541666666666 0.7782407407407408 0.01796875 0.02962962962962963
0 0.29713541666666665 0.6893518518518519 0.017708333333333333 0.03287037037037037
0 0.19375 0.7324074074074074 0.018229166666666668 0.032407407407407406
0 0.16145833333333334 0.6981481481481482 0.030729166666666665 0.01898148148148148
0 0.72109375 0.612037037037037 0.021614583333333333 0.03287037037037037
0 0.12135416666666667 0.649074074074074 0.019010416666666665 0.03935185185185185
0 0.16041666666666668 0.6787037037037037 0.019270833333333334 0.028703703703703703
0 0.10807291666666667 0.6083333333333333 0.02109375 0.033796296296296297
0 0.017447916666666667 0.44722222222222224 0.020572916666666666 0.027777777777777776
0 0.16328125 0.4634259259259259 0.017708333333333333 0.02962962962962963
0 0.11692708333333333 0.3685185185185185 0.01953125 0.02175925925925926
0 0.008072916666666667 0.7421296296296296 0.01640625 0.041666666666666664
0 0.23229166666666667 0.31574074074074077 0.009895833333333333 0.0625
0 0.21354166666666666 0.24444444444444444 0.005208333333333333 0.020833333333333332
0 0.25442708333333336 0.24861111111111112 0.021614583333333333 0.04351851851851852
0 0.7364583333333333 0.1912037037037037 0.022916666666666665 0.03194444444444444
0 0.7388020833333333 0.14907407407407408 0.026822916666666665 0.03287037037037037
0 0.8372395833333334 0.12824074074074074 0.0234375 0.06111111111111111
0 0.1734375 0.14351851851851852 0.038802083333333334 0.05092592592592592
0 0.49609375 0.09259259259259259 0.017708333333333333 0.03564814814814815
0 0.01015625 0.1111111111111111 0.012760416666666666 0.03194444444444444
0 0.5130208333333334 0.10925925925925926 0.016145833333333335 0.027777777777777776
0 0.5020833333333333 0.06111111111111111 0.01796875 0.030555555555555555
0 0.15885416666666666 0.016203703703703703 0.022135416666666668 0.032407407407407406
