0 0.52734375 0.9064814814814814 0.01171875 0.023148148148148147
0 0.39114583333333336 0.8212962962962963 0.01171875 0.01712962962962963
0 0.37864583333333335 0.8393518518518519 0.012760416666666666 0.019444444444444445
0 0.4786458333333333 0.6648148148148149 0.012760416666666666 0.022685185185185187
0 0.48333333333333334 0.6814814814814815 0.01484375 0.02546296296296296
0 0.5078125 0.612037037037037 0.011197916666666667 0.020370370370370372
0 0.5026041666666666 0.5837962962962963 0.00703125 0.016203703703703703
0 0.509375 0.5875 0.00703125 0.019444444444444445
0 0.5182291666666666 0.5435185185185185 0.01015625 0.025925925925925925
0 0.5703125 0.41898148148148145 0.015364583333333333 0.032407407407407406
0 0.6302083333333334 0.4166666666666667 0.01015625 0.017592592592592594
0 0.63359375 0.4375 0.01796875 0.02361111111111111
0 0.66171875 0.31851851851851853 0.010677083333333334 0.021296296296296296
0 0.7083333333333334 0.537962962962963 0.01015625 0.02638888888888889
0 0.7515625 0.46944444444444444 0.014322916666666666 0.03333333333333333
0 0.8208333333333333 0.5310185185185186 0.01015625 0.026851851851851852
0 0.83359375 0.5296296296296297 0.015885416666666666 0.019444444444444445
0 0.8455729166666667 0.5314814814814814 0.009635416666666667 0.021296296296296296
0 0.8729166666666667 0.6861111111111111 0.014322916666666666 0.028703703703703703
0 0.82578125 0.862037037037037 0.016927083333333332 0.020370370370370372
0 0.8721354166666667 0.9050925925925926 0.016927083333333332 0.02546296296296296
0 0.9888020833333333 0.836574074074074 0.015885416666666666 0.01574074074074074
0 0.9953125 0.8287037037037037 0.009114583333333334 0.02638888888888889
0 0.8861979166666667 0.6444444444444445 0.01171875 0.021296296296296296
0 0.8885416666666667 0.6615740740740741 0.009114583333333334 0.017592592592592594
0 0.9002604166666667 0.4837962962962963 0.01171875 0.024537037037037038
0 0.9239583333333333 0.4703703703703704 0.012239583333333333 0.015277777777777777
0 0.9598958333333333 0.46435185185185185 0.01015625 0.015277777777777777
0 0.9640625 0.4486111111111111 0.014322916666666666 0.0125
0 0.95234375 0.387037037037037 0.019010416666666665 0.022222222222222223
0 0.8802083333333334 0.37546296296296294 0.01015625 0.027777777777777776
0 0.8841145833333334 0.35833333333333334 0.010677083333333334 0.019444444444444445
0 0.8994791666666667 0.2759259259259259 0.012239583333333333 0.024537037037037038
0 0.8708333333333333 0.21296296296296297 0.012239583333333333 0.020370370370370372
0 0.8942708333333333 0.15787037037037038 0.009114583333333334 0.020370370370370372
0 0.90390625 0.16157407407407406 0.01171875 0.019444444444444445
0 0.5973958333333333 0.15694444444444444 0.00703125 0.018518518518518517
0 0.5877604166666667 0.11851851851851852 0.009635416666666667 0.021296296296296296
0 0.5986979166666667 0.02638888888888889 0.010677083333333334 0.03148148148148148
0 0.6502604166666667 0.010648148148148148 0.012760416666666666 0.021296296296296296
0 0.6544270833333333 0.10972222222222222 0.00859375 0.022685185185185187
0 0.66171875 0.10277777777777777 0.006510416666666667 0.018055555555555554
0 0.7375 0.07592592592592592 0.012239583333333333 0.020370370370370372
0 0.7692708333333333 0.06481481481481481 0.008072916666666667 0.02638888888888889
0 0.7799479166666666 0.06388888888888888 0.013802083333333333 0.022685185185185187
0 0.790625 0.23842592592592593 0.01015625 0.02546296296296296
0 0.7994791666666666 0.21805555555555556 0.009114583333333334 0.014814814814814815
0 0.8106770833333333 0.22592592592592592 0.012760416666666666 0.020370370370370372
0 0.9416666666666667 0.11574074074074074 0.008072916666666667 0.014351851851851852
0 0.94140625 0.10277777777777777 0.01171875 0.014351851851851852
0 0.9591145833333333 0.13148148148148148 0.007552083333333333 0.0375
0 0.9815104166666667 0.08287037037037037 0.01171875 0.024537037037037038
0 0.9721354166666667 0.024537037037037038 0.01171875 0.017592592592592594
0 0.9552083333333333 0.020370370370370372 0.012239583333333333 0.02175925925925926
0 0.8848958333333333 0.012962962962962963 0.014322916666666666 0.022685185185185187
0 0.85234375 0.09212962962962963 0.013802083333333333 0.020370370370370372
0 0.8544270833333333 0.10972222222222222 0.00859375 0.022685185185185187
0 0.51953125 0.0587962962962963 0.010677083333333334 0.024537037037037038
0 0.5018229166666667 0.037037037037037035 0.011979166666666667 0.022222222222222223
0 0.45416666666666666 0.03888888888888889 0.009635416666666667 0.020833333333333332
0 0.44765625 0.031018518518518518 0.008072916666666667 0.010185185185185186
0 0.43359375 0.15833333333333333 0.011197916666666667 0.03148148148148148
0 0.4041666666666667 0.15 0.010677083333333334 0.024074074074074074
0 0.36302083333333335 0.09027777777777778 0.01796875 0.02361111111111111
0 0.5752604166666667 0.9939814814814815 0.015885416666666666 0.012037037037037037
0 0.37083333333333335 0.5342592592592592 0.012760416666666666 0.015277777777777777
0 0.37421875 0.5023148148148148 0.01015625 0.015277777777777777
0 0.40390625 0.4666666666666667 0.011197916666666667 0.014351851851851852
0 0.39609375 0.4287037037037037 0.008072916666666667 0.010648148148148148
0 0.4005208333333333 0.38935185185185184 0.012760416666666666 0.019444444444444445
0 0.36276041666666664 0.4703703703703704 0.011197916666666667 0.02361111111111111
0 0.35104166666666664 0.5106481481481482 0.01171875 0.017592592592592594
0 0.31536458333333334 0.4009259259259259 0.01328125 0.022685185185185187
0 0.2890625 0.3375 0.019010416666666665 0.02361111111111111
0 0.27682291666666664 0.3902777777777778 0.01015625 0.02361111111111111
0 0.21171875 0.5578703703703703 0.015364583333333333 0.020833333333333332
0 0.20520833333333333 0.5393518518518519 0.01484375 0.01990740740740741
0 0.13802083333333334 0.6504629629629629 0.01484375 0.02546296296296296
0 0.11822916666666666 0.6930555555555555 0.013020833333333334 0.026851851851851852
0 0.11458333333333333 0.7212962962962963 0.008854166666666666 0.02361111111111111
0 0.08802083333333334 0.7328703703703704 0.009895833333333333 0.022222222222222223
0 0.04114583333333333 0.8523148148148149 0.013802083333333333 0.02361111111111111
0 0.009114583333333334 0.8578703703703704 0.011197916666666667 0.022685185185185187
0 0.09036458333333333 0.44166666666666665 0.012239583333333333 0.019444444444444445
0 0.0078125 0.42777777777777776 0.01171875 0.022685185185185187
0 0.06822916666666666 0.2337962962962963 0.01171875 0.016203703703703703
0 0.05911458333333333 0.07916666666666666 0.015364583333333333 0.020370370370370372
0 0.13229166666666667 0.225 0.012760416666666666 0.020370370370370372
0 0.15963541666666667 0.2199074074074074 0.017447916666666667 0.028703703703703703
0 0.19635416666666666 0.20694444444444443 0.01484375 0.022685185185185187
0 0.19375 0.19027777777777777 0.009895833333333333 0.01712962962962963
