0 0.10052083333333334 0.23703703703703705 0.019010416666666665 0.06666666666666667
0 0.14479166666666668 0.2375 0.012760416666666666 0.02361111111111111
0 0.13098958333333333 0.08935185185185185 0.018489583333333334 0.03148148148148148
0 0.14635416666666667 0.0875 0.015885416666666666 0.027777777777777776
0 0.26145833333333335 0.2962962962962963 0.019010416666666665 0.027314814814814816
0 0.39140625 0.21203703703703702 0.012239583333333333 0.026851851851851852
0 0.2591145833333333 0.4046296296296296 0.01953125 0.02638888888888889
0 0.38984375 0.3736111111111111 0.020572916666666666 0.02962962962962963
0 0.32395833333333335 0.725925925925926 0.019010416666666665 0.028703703703703703
0 0.321875 0.749537037037037 0.01484375 0.027777777777777776
0 0.16145833333333334 0.7773148148148148 0.019010416666666665 0.027314814814814816
0 0.12604166666666666 0.8824074074074074 0.016927083333333332 0.041666666666666664
0 0.47265625 0.8435185185185186 0.023697916666666666 0.03333333333333333
0 0.48802083333333335 0.8347222222222223 0.013802083333333333 0.02824074074074074
0 0.4934895833333333 0.5421296296296296 0.018229166666666668 0.020370370370370372
0 0.7028645833333333 0.6092592592592593 0.019010416666666665 0.027314814814814816
0 0.6841145833333333 0.6569444444444444 0.015885416666666666 0.03657407407407407
0 0.740625 0.6337962962962963 0.018489583333333334 0.038425925925925926
0 0.7721354166666666 0.5768518518518518 0.02734375 0.032407407407407406
0 0.7755208333333333 0.6388888888888888 0.017447916666666667 0.050462962962962966
0 0.7635416666666667 0.7208333333333333 0.01953125 0.038425925925925926
0 0.721875 0.6939814814814815 0.018489583333333334 0.032407407407407406
