0 0.73046875 0.874537037037037 0.020052083333333335 0.023148148148148147
0 0.7427083333333333 0.9027777777777778 0.017447916666666667 0.022685185185185187
0 0.8434895833333333 0.6388888888888888 0.020052083333333335 0.032407407407407406
0 0.7359375 0.5412037037037037 0.01328125 0.02175925925925926
0 0.7111979166666667 0.5208333333333334 0.01171875 0.022685185185185187
0 0.7208333333333333 0.5175925925925926 0.012239583333333333 0.021296296296296296
0 0.7645833333333333 0.3296296296296296 0.014583333333333334 0.022222222222222223
0 0.7567708333333333 0.30694444444444446 0.017447916666666667 0.022685185185185187
0 0.7432291666666667 0.2689814814814815 0.017447916666666667 0.014814814814814815
0 0.7229166666666667 0.26990740740740743 0.011197916666666667 0.022685185185185187
0 0.61484375 0.4962962962962963 0.019010416666666665 0.029166666666666667
0 0.6111979166666667 0.5032407407407408 0.009635416666666667 0.015277777777777777
0 0.49661458333333336 0.25462962962962965 0.009895833333333333 0.019444444444444445
0 0.3809895833333333 0.34953703703703703 0.011197916666666667 0.021296296296296296
0 0.3453125 0.3509259259259259 0.01171875 0.02638888888888889
0 0.33671875 0.3662037037037037 0.012239583333333333 0.02546296296296296
0 0.0265625 0.42824074074074076 0.01796875 0.02175925925925926
0 0.009635416666666667 0.43657407407407406 0.015364583333333333 0.027777777777777776
0 0.0828125 0.1 0.013802083333333333 0.022222222222222223
