0 0.5309895833333333 0.8337962962962963 0.012760416666666666 0.04027777777777778
0 0.5661458333333333 0.6509259259259259 0.013541666666666667 0.022685185185185187
0 0.69296875 0.7055555555555556 0.012760416666666666 0.027777777777777776
0 0.7325520833333333 0.7361111111111112 0.01171875 0.01898148148148148
0 0.7208333333333333 0.47453703703703703 0.01015625 0.021296296296296296
0 0.6411458333333333 0.4652777777777778 0.00703125 0.01712962962962963
0 0.6705729166666666 0.3486111111111111 0.00859375 0.01574074074074074
0 0.7028645833333333 0.25092592592592594 0.010677083333333334 0.016666666666666666
0 0.7010416666666667 0.22916666666666666 0.009114583333333334 0.02361111111111111
0 0.8018229166666667 0.04259259259259259 0.012760416666666666 0.027777777777777776
0 0.9158854166666667 0.24861111111111112 0.012760416666666666 0.01574074074074074
0 0.9169270833333333 0.2689814814814815 0.01171875 0.028703703703703703
0 0.9536458333333333 0.11527777777777778 0.011197916666666667 0.02175925925925926
0 0.96328125 0.07407407407407407 0.00859375 0.014814814814814815
0 0.98046875 0.11666666666666667 0.01484375 0.02638888888888889
0 0.66171875 0.06111111111111111 0.007552083333333333 0.020370370370370372
0 0.5536458333333333 0.15925925925925927 0.01015625 0.018518518518518517
0 0.6052083333333333 0.22453703703703703 0.008072916666666667 0.019444444444444445
0 0.5309895833333333 0.2638888888888889 0.00859375 0.018518518518518517
0 0.465625 0.26805555555555555 0.01171875 0.020370370370370372
0 0.49947916666666664 0.30092592592592593 0.011458333333333333 0.02638888888888889
0 0.484375 0.014351851851851852 0.012760416666666666 0.02546296296296296
0 0.40260416666666665 0.034722222222222224 0.009635416666666667 0.022685185185185187
0 0.434375 0.22546296296296298 0.010677083333333334 0.019444444444444445
0 0.41484375 0.2263888888888889 0.009114583333333334 0.02361111111111111
0 0.3966145833333333 0.22962962962962963 0.009114583333333334 0.024537037037037038
0 0.36302083333333335 0.1726851851851852 0.007552083333333333 0.02962962962962963
0 0.33697916666666666 0.10462962962962963 0.016927083333333332 0.03333333333333333
0 0.2791666666666667 0.16157407407407406 0.009635416666666667 0.023148148148148147
0 0.28854166666666664 0.19537037037037036 0.01171875 0.015277777777777777
0 0.2791666666666667 0.24305555555555555 0.010677083333333334 0.020370370370370372
0 0.3546875 0.39490740740740743 0.01171875 0.022685185185185187
0 0.434375 0.3921296296296296 0.010677083333333334 0.016666666666666666
0 0.4354166666666667 0.3486111111111111 0.007552083333333333 0.01574074074074074
0 0.033854166666666664 0.6064814814814815 0.01171875 0.021296296296296296
0 0.017447916666666667 0.4949074074074074 0.01640625 0.016666666666666666
0 0.004427083333333333 0.5638888888888889 0.009114583333333334 0.030555555555555555
0 0.20338541666666668 0.1935185185185185 0.01015625 0.019444444444444445
0 0.19895833333333332 0.14583333333333334 0.010677083333333334 0.014351851851851852
0 0.16484375 0.026851851851851852 0.012239583333333333 0.018518518518518517
0 0.04739583333333333 0.13194444444444445 0.013802083333333333 0.030555555555555555
