0 0.18619791666666666 0.3175925925925926 0.015104166666666667 0.028703703703703703
0 0.140625 0.3074074074074074 0.017447916666666667 0.03194444444444444
0 0.20677083333333332 0.23055555555555557 0.014322916666666666 0.02361111111111111
0 0.20078125 0.24675925925925926 0.009895833333333333 0.029166666666666667
0 0.234375 0.2199074074074074 0.014322916666666666 0.032407407407407406
0 0.234375 0.3611111111111111 0.013020833333333334 0.027314814814814816
0 0.3015625 0.44583333333333336 0.013541666666666667 0.027314814814814816
0 0.38177083333333334 0.42268518518518516 0.013802083333333333 0.028703703703703703
0 0.4203125 0.21712962962962962 0.009895833333333333 0.03611111111111111
0 0.4661458333333333 0.20787037037037037 0.014583333333333334 0.026851851851851852
0 0.5205729166666667 0.20092592592592592 0.010677083333333334 0.024074074074074074
0 0.6276041666666666 0.18009259259259258 0.013020833333333334 0.025
0 0.6302083333333334 0.15601851851851853 0.011979166666666667 0.02361111111111111
0 0.6674479166666667 0.047685185185185185 0.010677083333333334 0.01574074074074074
0 0.6609375 0.028703703703703703 0.010416666666666666 0.01990740740740741
0 0.6502604166666667 0.4101851851851852 0.018229166666666668 0.03425925925925926
0 0.6645833333333333 0.36435185185185187 0.0140625 0.023148148148148147
0 0.6369791666666667 0.4740740740740741 0.0140625 0.020370370370370372
0 0.6427083333333333 0.4537037037037037 0.010677083333333334 0.01712962962962963
0 0.6502604166666667 0.47129629629629627 0.0109375 0.02546296296296296
0 0.53046875 0.462037037037037 0.012760416666666666 0.0375
0 0.5651041666666666 0.7393518518518518 0.013020833333333334 0.022685185185185187
0 0.7408854166666666 0.6462962962962963 0.027604166666666666 0.03657407407407407
0 0.76015625 0.4888888888888889 0.020572916666666666 0.0375
0 0.6690104166666667 0.26944444444444443 0.0078125 0.020370370370370372
0 0.8059895833333334 0.5050925925925925 0.01640625 0.03796296296296296
0 0.4588541666666667 0.31296296296296294 0.00859375 0.013425925925925926
0 0.8502604166666666 0.3976851851851852 0.019270833333333334 0.037037037037037035
0 0.6796875 0.28425925925925927 0.011197916666666667 0.01898148148148148
0 0.56171875 0.7217592592592592 0.008333333333333333 0.01898148148148148
0 0.44973958333333336 0.31527777777777777 0.009895833333333333 0.017592592592592594
0 0.921875 0.6217592592592592 0.018489583333333334 0.03287037037037037
0 0.9752604166666666 0.4740740740740741 0.012760416666666666 0.026851851851851852
0 0.9760416666666667 0.16018518518518518 0.015364583333333333 0.02962962962962963
0 0.17578125 0.1787037037037037 0.01015625 0.024537037037037038
