0 0.17473958333333334 0.3189814814814815 0.015104166666666667 0.028703703703703703
0 0.12864583333333332 0.30833333333333335 0.018229166666666668 0.03333333333333333
0 0.19036458333333334 0.2324074074074074 0.014322916666666666 0.02361111111111111
0 0.1859375 0.24768518518518517 0.010416666666666666 0.021296296296296296
0 0.22005208333333334 0.22083333333333333 0.0125 0.029166666666666667
0 0.22005208333333334 0.36157407407407405 0.01640625 0.026851851851851852
0 0.28854166666666664 0.4444444444444444 0.013541666666666667 0.027314814814814816
0 0.3651041666666667 0.42314814814814816 0.0203125 0.02175925925925926
0 0.40651041666666665 0.21666666666666667 0.009895833333333333 0.03611111111111111
0 0.44973958333333336 0.20601851851851852 0.013802083333333333 0.02546296296296296
0 0.50703125 0.20277777777777778 0.01015625 0.023148148148148147
0 0.6127604166666667 0.1814814814814815 0.0125 0.02361111111111111
0 0.6158854166666666 0.15694444444444444 0.011458333333333333 0.022685185185185187
0 0.65546875 0.050462962962962966 0.010677083333333334 0.01574074074074074
0 0.646875 0.03333333333333333 0.010416666666666666 0.01990740740740741
0 0.63984375 0.4166666666666667 0.019270833333333334 0.03611111111111111
0 0.6596354166666667 0.36157407407407405 0.01328125 0.022222222222222223
0 0.62265625 0.4722222222222222 0.014322916666666666 0.01990740740740741
0 0.6278645833333333 0.45416666666666666 0.010677083333333334 0.01712962962962963
0 0.6356770833333333 0.4708333333333333 0.0125 0.017592592592592594
0 0.5088541666666667 0.4550925925925926 0.015104166666666667 0.041666666666666664
0 0.5536458333333333 0.7388888888888889 0.013020833333333334 0.022685185185185187
0 0.7244791666666667 0.6453703703703704 0.025520833333333333 0.024537037037037038
0 0.74609375 0.49166666666666664 0.021614583333333333 0.03935185185185185
0 0.6541666666666667 0.2689814814814815 0.010677083333333334 0.020370370370370372
0 0.7921875 0.49907407407407406 0.01171875 0.02824074074074074
0 0.4432291666666667 0.3138888888888889 0.00859375 0.013425925925925926
0 0.8330729166666667 0.4009259259259259 0.01640625 0.024537037037037038
0 0.6643229166666667 0.28379629629629627 0.010677083333333334 0.018055555555555554
0 0.5471354166666667 0.7263888888888889 0.008333333333333333 0.01898148148148148
0 0.434375 0.31574074074074077 0.009895833333333333 0.017592592592592594
0 0.9091145833333333 0.6166666666666667 0.01953125 0.034722222222222224
0 0.9606770833333333 0.4810185185185185 0.012760416666666666 0.026851851851851852
0 0.9645833333333333 0.16296296296296298 0.015364583333333333 0.02962962962962963
0 0.1609375 0.18009259259259258 0.015885416666666666 0.022222222222222223
