0 0.10364583333333334 0.32731481481481484 0.022135416666666668 0.03009259259259259
0 0.05 0.3175925925925926 0.018229166666666668 0.03333333333333333
0 0.11223958333333334 0.2337962962962963 0.015104166666666667 0.024537037037037038
0 0.1109375 0.25833333333333336 0.0140625 0.022222222222222223
0 0.14088541666666668 0.2212962962962963 0.013541666666666667 0.03194444444444444
0 0.14296875 0.37175925925925923 0.01640625 0.026851851851851852
0 0.20859375 0.45 0.013541666666666667 0.027314814814814816
0 0.28880208333333335 0.4273148148148148 0.01328125 0.025925925925925925
0 0.3268229166666667 0.21481481481481482 0.009635416666666667 0.03611111111111111
0 0.3697916666666667 0.2125 0.015364583333333333 0.02824074074074074
0 0.42864583333333334 0.20787037037037037 0.01015625 0.023148148148148147
0 0.5364583333333334 0.16064814814814815 0.011979166666666667 0.022685185185185187
0 0.5333333333333333 0.19305555555555556 0.013020833333333334 0.02175925925925926
0 0.5807291666666666 0.04953703703703704 0.010677083333333334 0.01574074074074074
0 0.57109375 0.0375 0.009895833333333333 0.01898148148148148
0 0.5645833333333333 0.43842592592592594 0.019791666666666666 0.052314814814814814
0 0.5713541666666667 0.36527777777777776 0.012760416666666666 0.03148148148148148
0 0.5424479166666667 0.487962962962963 0.011458333333333333 0.022685185185185187
0 0.5536458333333333 0.47453703703703703 0.010677083333333334 0.018055555555555554
0 0.5486979166666667 0.4601851851851852 0.0125 0.017592592592592594
0 0.42864583333333334 0.4550925925925926 0.016666666666666666 0.04583333333333333
0 0.4744791666666667 0.7462962962962963 0.017447916666666667 0.028703703703703703
0 0.6416666666666667 0.6541666666666667 0.0296875 0.037037037037037035
0 0.6653645833333334 0.4986111111111111 0.020572916666666666 0.03287037037037037
0 0.57734375 0.27037037037037037 0.011458333333333333 0.021296296296296296
0 0.7080729166666667 0.5013888888888889 0.01015625 0.027777777777777776
0 0.35572916666666665 0.32222222222222224 0.0109375 0.015277777777777777
0 0.75390625 0.4097222222222222 0.01640625 0.024537037037037038
0 0.5893229166666667 0.274537037037037 0.008333333333333333 0.01712962962962963
0 0.4666666666666667 0.7328703703703704 0.01015625 0.019444444444444445
0 0.35833333333333334 0.3074074074074074 0.012760416666666666 0.02175925925925926
0 0.8307291666666666 0.6226851851851852 0.020572916666666666 0.03333333333333333
0 0.8848958333333333 0.475 0.01328125 0.02824074074074074
0 0.8861979166666667 0.16342592592592592 0.015364583333333333 0.02962962962962963
0 0.07942708333333333 0.18333333333333332 0.016666666666666666 0.023148148148148147
0 0.49713541666666666 0.02546296296296296 0.016145833333333335 0.026851851851851852
0 0.9315104166666667 0.34675925925925927 0.015885416666666666 0.029166666666666667
0 0.9723958333333333 0.34444444444444444 0.009635416666666667 0.02638888888888889
0 0.9861979166666667 0.29953703703703705 0.01171875 0.017592592592592594
