0 0.16796875 0.32083333333333336 0.015104166666666667 0.028703703703703703
0 0.11796875 0.30972222222222223 0.019270833333333334 0.03518518518518519
0 0.18229166666666666 0.23425925925925925 0.015104166666666667 0.025
0 0.17473958333333334 0.2513888888888889 0.010416666666666666 0.021296296296296296
0 0.21067708333333332 0.22314814814814815 0.013020833333333334 0.030555555555555555
0 0.21145833333333333 0.362962962962963 0.01640625 0.026851851851851852
0 0.27708333333333335 0.44583333333333336 0.013020833333333334 0.025925925925925925
0 0.35598958333333336 0.425 0.0203125 0.02175925925925926
0 0.3971354166666667 0.21666666666666667 0.009895833333333333 0.03611111111111111
0 0.4401041666666667 0.2074074074074074 0.014583333333333334 0.026851851851851852
0 0.4940104166666667 0.19675925925925927 0.01015625 0.023148148148148147
0 0.6020833333333333 0.18425925925925926 0.0125 0.02361111111111111
0 0.6046875 0.15601851851851853 0.011458333333333333 0.022685185185185187
0 0.6463541666666667 0.04675925925925926 0.010677083333333334 0.01574074074074074
0 0.6380208333333334 0.034722222222222224 0.009895833333333333 0.01898148148148148
0 0.6294270833333333 0.4185185185185185 0.020052083333333335 0.03796296296296296
0 0.6401041666666667 0.36574074074074076 0.01328125 0.022222222222222223
0 0.6138020833333333 0.47453703703703703 0.015104166666666667 0.020833333333333332
0 0.6247395833333333 0.46064814814814814 0.010677083333333334 0.01712962962962963
0 0.6263020833333334 0.47129629629629627 0.011979166666666667 0.016666666666666666
0 0.49921875 0.45740740740740743 0.015104166666666667 0.041666666666666664
0 0.54140625 0.7351851851851852 0.013541666666666667 0.02361111111111111
0 0.7130208333333333 0.6472222222222223 0.026822916666666665 0.025925925925925925
0 0.7341145833333333 0.4935185185185185 0.02265625 0.0412037037037037
0 0.6455729166666667 0.2689814814814815 0.01015625 0.019444444444444445
0 0.7791666666666667 0.500462962962963 0.018229166666666668 0.02824074074074074
0 0.43385416666666665 0.31203703703703706 0.010416666666666666 0.01898148148148148
0 0.821875 0.40324074074074073 0.0171875 0.025925925925925925
0 0.6549479166666666 0.2833333333333333 0.010677083333333334 0.018055555555555554
0 0.5346354166666667 0.7231481481481481 0.008854166666666666 0.01990740740740741
0 0.4234375 0.31805555555555554 0.009895833333333333 0.017592592592592594
0 0.8979166666666667 0.6166666666666667 0.017708333333333333 0.028703703703703703
0 0.9489583333333333 0.4777777777777778 0.012760416666666666 0.026851851851851852
0 0.9526041666666667 0.16296296296296298 0.016145833333333335 0.031018518518518518
0 0.15078125 0.1814814814814815 0.015885416666666666 0.022222222222222223
0 0.5614583333333333 0.0125 0.015364583333333333 0.02546296296296296
