0 0.08932291666666667 0.32546296296296295 0.023177083333333334 0.03148148148148148
0 0.03463541666666667 0.31574074074074077 0.018229166666666668 0.03333333333333333
0 0.1 0.2337962962962963 0.015104166666666667 0.024537037037037038
0 0.09505208333333333 0.26157407407407407 0.01328125 0.021296296296296296
0 0.12578125 0.22453703703703703 0.013541666666666667 0.03194444444444444
0 0.13098958333333333 0.37407407407407406 0.0171875 0.02824074074074074
0 0.19270833333333334 0.4537037037037037 0.013541666666666667 0.027314814814814816
0 0.27239583333333334 0.4263888888888889 0.0140625 0.027314814814814816
0 0.31276041666666665 0.2175925925925926 0.009635416666666667 0.03611111111111111
0 0.3572916666666667 0.20972222222222223 0.016666666666666666 0.02824074074074074
0 0.41432291666666665 0.21157407407407408 0.009635416666666667 0.022222222222222223
0 0.5203125 0.16157407407407406 0.011979166666666667 0.022685185185185187
0 0.5223958333333333 0.1912037037037037 0.013020833333333334 0.02175925925925926
0 0.565625 0.04490740740740741 0.010677083333333334 0.01574074074074074
0 0.5565104166666667 0.034722222222222224 0.009895833333333333 0.01898148148148148
0 0.54921875 0.43425925925925923 0.018229166666666668 0.052314814814814814
0 0.5557291666666667 0.3675925925925926 0.012760416666666666 0.03148148148148148
0 0.5307291666666667 0.48657407407407405 0.011458333333333333 0.022685185185185187
0 0.5375 0.4777777777777778 0.008333333333333333 0.018055555555555554
0 0.5354166666666667 0.46064814814814814 0.013020833333333334 0.018518518518518517
0 0.4231770833333333 0.4601851851851852 0.016666666666666666 0.04583333333333333
0 0.46041666666666664 0.7486111111111111 0.018489583333333334 0.03009259259259259
0 0.6255208333333333 0.6541666666666667 0.0234375 0.031018518518518518
0 0.65078125 0.4935185185185185 0.020572916666666666 0.03287037037037037
0 0.5627604166666667 0.26805555555555555 0.0067708333333333336 0.018518518518518517
0 0.69296875 0.5050925925925925 0.013541666666666667 0.02638888888888889
0 0.34270833333333334 0.3300925925925926 0.0109375 0.015277777777777777
0 0.7372395833333333 0.4134259259259259 0.01640625 0.024537037037037038
0 0.5755208333333334 0.2763888888888889 0.0078125 0.016203703703703703
0 0.45260416666666664 0.7361111111111112 0.01015625 0.019444444444444445
0 0.34322916666666664 0.3138888888888889 0.012760416666666666 0.02175925925925926
0 0.8169270833333333 0.6240740740740741 0.021614583333333333 0.034722222222222224
0 0.86796875 0.4787037037037037 0.01328125 0.02824074074074074
0 0.8713541666666667 0.1648148148148148 0.014583333333333334 0.02824074074074074
0 0.06744791666666666 0.1865740740740741 0.016666666666666666 0.023148148148148147
0 0.48489583333333336 0.02824074074074074 0.016145833333333335 0.026851851851851852
0 0.9151041666666667 0.3472222222222222 0.015885416666666666 0.029166666666666667
0 0.9580729166666667 0.3439814814814815 0.009635416666666667 0.02638888888888889
0 0.9739583333333334 0.30462962962962964 0.01171875 0.017592592592592594
0 0.98515625 0.29583333333333334 0.00859375 0.03287037037037037
