0 0.14010416666666667 0.3189814814814815 0.02109375 0.028703703703703703
0 0.09036458333333333 0.3106481481481482 0.018229166666666668 0.03333333333333333
0 0.15182291666666667 0.22962962962962963 0.015885416666666666 0.025925925925925925
0 0.1484375 0.2523148148148148 0.010416666666666666 0.021296296296296296
0 0.17864583333333334 0.21851851851851853 0.013541666666666667 0.03194444444444444
0 0.18385416666666668 0.3680555555555556 0.0171875 0.02824074074074074
0 0.24817708333333333 0.4476851851851852 0.013020833333333334 0.025925925925925925
0 0.32890625 0.4263888888888889 0.021354166666666667 0.022685185185185187
0 0.36666666666666664 0.2175925925925926 0.009895833333333333 0.03611111111111111
0 0.4125 0.20787037037037037 0.014583333333333334 0.026851851851851852
0 0.46822916666666664 0.2064814814814815 0.01015625 0.023148148148148147
0 0.5731770833333333 0.1837962962962963 0.0125 0.02361111111111111
0 0.57265625 0.15787037037037038 0.014322916666666666 0.02361111111111111
0 0.6190104166666667 0.04722222222222222 0.010677083333333334 0.01574074074074074
0 0.6106770833333334 0.03148148148148148 0.009375 0.018055555555555554
0 0.6041666666666666 0.42916666666666664 0.01796875 0.047685185185185185
0 0.61171875 0.36712962962962964 0.012760416666666666 0.03148148148148148
0 0.5815104166666667 0.48055555555555557 0.011458333333333333 0.022685185185185187
0 0.5921875 0.475 0.010677083333333334 0.01712962962962963
0 0.5903645833333333 0.45925925925925926 0.011979166666666667 0.016666666666666666
0 0.4703125 0.45740740740740743 0.015885416666666666 0.04351851851851852
0 0.5138020833333333 0.7412037037037037 0.0171875 0.029166666666666667
0 0.6848958333333334 0.6430555555555556 0.028385416666666666 0.03518518518518519
0 0.7046875 0.4962962962962963 0.021614583333333333 0.03935185185185185
0 0.6143229166666667 0.2652777777777778 0.010677083333333334 0.020370370370370372
0 0.75 0.5027777777777778 0.010677083333333334 0.03333333333333333
0 0.39557291666666666 0.31851851851851853 0.005989583333333334 0.01990740740740741
0 0.7942708333333334 0.4078703703703704 0.0171875 0.025925925925925925
0 0.6263020833333334 0.2777777777777778 0.010677083333333334 0.018055555555555554
0 0.5057291666666667 0.7337962962962963 0.009635416666666667 0.018518518518518517
0 0.403125 0.31296296296296294 0.012760416666666666 0.02175925925925926
0 0.8692708333333333 0.6189814814814815 0.01953125 0.03148148148148148
0 0.9197916666666667 0.4740740740740741 0.01328125 0.02824074074074074
0 0.9239583333333333 0.16435185185185186 0.016927083333333332 0.03287037037037037
0 0.11848958333333333 0.17685185185185184 0.015885416666666666 0.022222222222222223
0 0.5361979166666667 0.016203703703703703 0.015364583333333333 0.02546296296296296
0 0.9692708333333333 0.34305555555555556 0.015885416666666666 0.029166666666666667
