0 0.12630208333333334 0.32037037037037036 0.022135416666666668 0.03009259259259259
0 0.07083333333333333 0.3138888888888889 0.018229166666666668 0.03333333333333333
0 0.13697916666666668 0.23425925925925925 0.015885416666666666 0.025925925925925925
0 0.13359375 0.25601851851851853 0.01328125 0.021296296296296296
0 0.16666666666666666 0.21944444444444444 0.013541666666666667 0.03194444444444444
0 0.16692708333333334 0.3712962962962963 0.01640625 0.026851851851851852
0 0.23177083333333334 0.44907407407407407 0.013020833333333334 0.025925925925925925
0 0.31223958333333335 0.4236111111111111 0.012760416666666666 0.024537037037037038
0 0.353125 0.2175925925925926 0.009635416666666667 0.03611111111111111
0 0.39791666666666664 0.2101851851851852 0.014583333333333334 0.026851851851851852
0 0.4544270833333333 0.20601851851851852 0.01015625 0.023148148148148147
0 0.5619791666666667 0.16018518518518518 0.0125 0.02361111111111111
0 0.56171875 0.1884259259259259 0.013541666666666667 0.022685185185185187
0 0.6041666666666666 0.044444444444444446 0.010677083333333334 0.01574074074074074
0 0.5940104166666667 0.03148148148148148 0.010416666666666666 0.01990740740740741
0 0.5901041666666667 0.4324074074074074 0.01796875 0.047685185185185185
0 0.5966145833333333 0.3680555555555556 0.012760416666666666 0.03148148148148148
0 0.5684895833333333 0.48055555555555557 0.011458333333333333 0.022685185185185187
0 0.578125 0.4736111111111111 0.011197916666666667 0.018055555555555554
0 0.5755208333333334 0.4583333333333333 0.011979166666666667 0.016666666666666666
0 0.45364583333333336 0.45694444444444443 0.016666666666666666 0.04583333333333333
0 0.4986979166666667 0.7439814814814815 0.015885416666666666 0.025925925925925925
0 0.6697916666666667 0.6504629629629629 0.028385416666666666 0.03518518518518519
0 0.6916666666666667 0.49537037037037035 0.020572916666666666 0.03287037037037037
0 0.6013020833333333 0.26851851851851855 0.010677083333333334 0.020370370370370372
0 0.7348958333333333 0.5032407407407408 0.011979166666666667 0.027777777777777776
0 0.38255208333333335 0.3199074074074074 0.00859375 0.01898148148148148
0 0.7799479166666666 0.40324074074074073 0.01640625 0.024537037037037038
0 0.6143229166666667 0.27824074074074073 0.00859375 0.018055555555555554
0 0.49244791666666665 0.7291666666666666 0.009635416666666667 0.018518518518518517
0 0.3875 0.3111111111111111 0.01328125 0.022685185185185187
0 0.85546875 0.6194444444444445 0.01953125 0.03148148148148148
0 0.9083333333333333 0.48055555555555557 0.0140625 0.02962962962962963
0 0.915625 0.16435185185185186 0.016145833333333335 0.031018518518518518
0 0.10651041666666666 0.17731481481481481 0.016666666666666666 0.023148148148148147
0 0.5234375 0.020370370370370372 0.015364583333333333 0.02546296296296296
0 0.9536458333333333 0.34444444444444444 0.015885416666666666 0.029166666666666667
