0 0.15442708333333333 0.3236111111111111 0.015104166666666667 0.028703703703703703
0 0.10182291666666667 0.3087962962962963 0.018229166666666668 0.03333333333333333
0 0.16510416666666666 0.23148148148148148 0.015885416666666666 0.025925925925925925
0 0.16302083333333334 0.25324074074074077 0.010416666666666666 0.021296296296296296
0 0.19453125 0.22407407407407406 0.013020833333333334 0.030555555555555555
0 0.19557291666666668 0.36574074074074076 0.01640625 0.026851851851851852
0 0.26276041666666666 0.44675925925925924 0.013020833333333334 0.025925925925925925
0 0.3411458333333333 0.425462962962963 0.021354166666666667 0.022685185185185187
0 0.3802083333333333 0.2175925925925926 0.009895833333333333 0.03611111111111111
0 0.42473958333333334 0.20787037037037037 0.014583333333333334 0.026851851851851852
0 0.48072916666666665 0.20277777777777778 0.01015625 0.023148148148148147
0 0.5869791666666667 0.18564814814814815 0.013020833333333334 0.025
0 0.5890625 0.15787037037037038 0.014322916666666666 0.02361111111111111
0 0.63046875 0.04537037037037037 0.010677083333333334 0.01574074074074074
0 0.6221354166666667 0.03287037037037037 0.009375 0.018055555555555554
0 0.6158854166666666 0.4203703703703704 0.0171875 0.04537037037037037
0 0.6239583333333333 0.36898148148148147 0.012760416666666666 0.03148148148148148
0 0.5971354166666667 0.4777777777777778 0.0109375 0.02175925925925926
0 0.6065104166666667 0.47175925925925927 0.010677083333333334 0.01712962962962963
0 0.60234375 0.4587962962962963 0.011979166666666667 0.016666666666666666
0 0.4822916666666667 0.4587962962962963 0.015885416666666666 0.04351851851851852
0 0.52578125 0.7393518518518518 0.01640625 0.027777777777777776
0 0.696875 0.6430555555555556 0.028385416666666666 0.03518518518518519
0 0.71875 0.4935185185185185 0.02265625 0.0412037037037037
0 0.6286458333333333 0.2662037037037037 0.010677083333333334 0.020370370370370372
0 0.7638020833333333 0.4986111111111111 0.01015625 0.03194444444444444
0 0.41822916666666665 0.3106481481481482 0.010416666666666666 0.01898148148148148
0 0.8057291666666667 0.4041666666666667 0.0171875 0.025925925925925925
0 0.6416666666666667 0.2791666666666667 0.010677083333333334 0.018055555555555554
0 0.5200520833333333 0.7277777777777777 0.009635416666666667 0.018518518518518517
0 0.4088541666666667 0.31527777777777777 0.009375 0.016666666666666666
0 0.8833333333333333 0.6175925925925926 0.018489583333333334 0.03009259259259259
0 0.93515625 0.47453703703703703 0.012760416666666666 0.026851851851851852
0 0.9380208333333333 0.1648148148148148 0.016145833333333335 0.031018518518518518
0 0.13333333333333333 0.18101851851851852 0.015104166666666667 0.021296296296296296
0 0.5479166666666667 0.014814814814814815 0.015364583333333333 0.02546296296296296
0 0.9815104166666667 0.34629629629629627 0.015885416666666666 0.029166666666666667
