0 0.07604166666666666 0.3296296296296296 0.023177083333333334 0.03148148148148148
0 0.02265625 0.31712962962962965 0.019270833333333334 0.03518518518518519
0 0.08411458333333334 0.23425925925925925 0.015104166666666667 0.024537037037037038
0 0.08307291666666666 0.26435185185185184 0.0140625 0.022222222222222223
0 0.11432291666666666 0.22685185185185186 0.013541666666666667 0.03194444444444444
0 0.11796875 0.37777777777777777 0.01796875 0.02962962962962963
0 0.17994791666666668 0.45416666666666666 0.013020833333333334 0.025925925925925925
0 0.26015625 0.42685185185185187 0.01484375 0.028703703703703703
0 0.2989583333333333 0.21666666666666667 0.01015625 0.03796296296296296
0 0.3421875 0.21574074074074073 0.016666666666666666 0.02824074074074074
0 0.3997395833333333 0.21481481481481482 0.009635416666666667 0.022222222222222223
0 0.5080729166666667 0.1625 0.011458333333333333 0.02175925925925926
0 0.5075520833333333 0.1912037037037037 0.008854166666666666 0.018518518518518517
0 0.5518229166666667 0.04722222222222222 0.010677083333333334 0.01574074074074074
0 0.5419270833333333 0.037037037037037035 0.009375 0.018055555555555554
0 0.5369791666666667 0.4398148148148148 0.01484375 0.03564814814814815
0 0.5403645833333334 0.36898148148148147 0.012239583333333333 0.03009259259259259
0 0.5166666666666667 0.487962962962963 0.011458333333333333 0.022685185185185187
0 0.5239583333333333 0.4759259259259259 0.008333333333333333 0.018055555555555554
0 0.5205729166666667 0.46435185185185185 0.013541666666666667 0.019444444444444445
0 0.40260416666666665 0.45601851851851855 0.016666666666666666 0.04583333333333333
0 0.4401041666666667 0.7314814814814815 0.010416666666666666 0.020370370370370372
0 0.6109375 0.6546296296296297 0.024479166666666666 0.032407407407407406
0 0.634375 0.49675925925925923 0.020572916666666666 0.03287037037037037
0 0.5614583333333333 0.2773148148148148 0.007291666666666667 0.01898148148148148
0 0.6807291666666667 0.5032407407407408 0.013020833333333334 0.025
0 0.32734375 0.3175925925925926 0.009635416666666667 0.022222222222222223
0 0.7263020833333333 0.41574074074074074 0.01640625 0.024537037037037038
0 0.5466145833333333 0.26851851851851855 0.0078125 0.016203703703703703
0 0.44765625 0.7476851851851852 0.01328125 0.021296296296296296
0 0.328125 0.3143518518518518 0.012760416666666666 0.025925925925925925
0 0.8041666666666667 0.6231481481481481 0.0171875 0.025925925925925925
0 0.8552083333333333 0.4810185185185185 0.01328125 0.02824074074074074
0 0.8588541666666667 0.16527777777777777 0.014583333333333334 0.02824074074074074
0 0.0484375 0.1865740740740741 0.017447916666666667 0.024074074074074074
0 0.4705729166666667 0.03425925925925926 0.009895833333333333 0.024074074074074074
0 0.9010416666666666 0.34629629629629627 0.0125 0.029166666666666667
0 0.9458333333333333 0.34675925925925927 0.009114583333333334 0.025
0 0.9619791666666667 0.30787037037037035 0.01171875 0.017592592592592594
0 0.9705729166666667 0.300462962962963 0.00859375 0.03287037037037037
0 0.9200520833333333 0.3787037037037037 0.012760416666666666 0.016666666666666666
