0 0.022135416666666668 0.3375 0.021875 0.03194444444444444
0 0.03333333333333333 0.24212962962962964 0.015885416666666666 0.025925925925925925
0 0.029947916666666668 0.27546296296296297 0.015364583333333333 0.025
0 0.06171875 0.23425925925925925 0.013020833333333334 0.025925925925925925
0 0.061197916666666664 0.37824074074074077 0.014322916666666666 0.02824074074074074
0 0.12578125 0.4537037037037037 0.0125 0.024537037037037038
0 0.20625 0.43333333333333335 0.012239583333333333 0.023148148148148147
0 0.24609375 0.21712962962962962 0.010677083333333334 0.03981481481481482
0 0.2869791666666667 0.2175925925925926 0.01484375 0.026851851851851852
0 0.34375 0.21342592592592594 0.01015625 0.023148148148148147
0 0.45390625 0.1648148148148148 0.0109375 0.020833333333333332
0 0.4515625 0.19583333333333333 0.01328125 0.019444444444444445
0 0.4984375 0.04814814814814815 0.01015625 0.014814814814814815
0 0.4890625 0.038425925925925926 0.009635416666666667 0.018055555555555554
0 0.4671875 0.4564814814814815 0.0171875 0.01574074074074074
0 0.48802083333333335 0.37175925925925923 0.0203125 0.025
0 0.4640625 0.48935185185185187 0.009375 0.01898148148148148
0 0.46848958333333335 0.47638888888888886 0.008854166666666666 0.01898148148148148
0 0.48098958333333336 0.44537037037037036 0.015104166666666667 0.040740740740740744
0 0.34609375 0.449537037037037 0.0140625 0.03518518518518519
0 0.3848958333333333 0.7388888888888889 0.0109375 0.021296296296296296
0 0.55546875 0.6606481481481481 0.027083333333333334 0.03564814814814815
0 0.5763020833333333 0.4986111111111111 0.0171875 0.028703703703703703
0 0.5083333333333333 0.2763888888888889 0.0078125 0.01990740740740741
0 0.6200520833333333 0.5060185185185185 0.013020833333333334 0.025
0 0.275 0.33194444444444443 0.009114583333333334 0.014814814814814815
0 0.6729166666666667 0.4152777777777778 0.01796875 0.016203703703703703
0 0.4940104166666667 0.26805555555555555 0.0078125 0.013888888888888888
0 0.39401041666666664 0.7527777777777778 0.0140625 0.022222222222222223
0 0.27005208333333336 0.32037037037037036 0.012760416666666666 0.025925925925925925
0 0.74921875 0.6282407407407408 0.019010416666666665 0.028703703703703703
0 0.79921875 0.48148148148148145 0.008854166666666666 0.02175925925925926
0 0.8002604166666667 0.1648148148148148 0.015364583333333333 0.02175925925925926
0 0.4158854166666667 0.04583333333333333 0.009895833333333333 0.024074074074074074
0 0.8463541666666666 0.34953703703703703 0.011979166666666667 0.023148148148148147
0 0.890625 0.3560185185185185 0.009635416666666667 0.02638888888888889
0 0.9221354166666667 0.2953703703703704 0.01171875 0.017592592592592594
0 0.9494791666666667 0.1527777777777778 0.010677083333333334 0.017592592592592594
0 0.9520833333333333 0.16018518518518518 0.012760416666666666 0.018518518518518517
0 0.9533854166666667 0.3875 0.015625 0.02824074074074074
0 0.8635416666666667 0.3773148148148148 0.008072916666666667 0.013425925925925926
