0 0.03619791666666667 0.3351851851851852 0.021875 0.03194444444444444
0 0.04609375 0.2412037037037037 0.015885416666666666 0.025925925925925925
0 0.0421875 0.27175925925925926 0.014583333333333334 0.02361111111111111
0 0.07473958333333333 0.2324074074074074 0.013541666666666667 0.027314814814814816
0 0.078125 0.38055555555555554 0.019010416666666665 0.031018518518518518
0 0.13958333333333334 0.4527777777777778 0.0125 0.024537037037037038
0 0.21979166666666666 0.43148148148148147 0.01171875 0.022222222222222223
0 0.2596354166666667 0.21666666666666667 0.010677083333333334 0.03981481481481482
0 0.3015625 0.2162037037037037 0.01484375 0.026851851851851852
0 0.35833333333333334 0.2152777777777778 0.009635416666666667 0.022222222222222223
0 0.4674479166666667 0.1638888888888889 0.011458333333333333 0.02175925925925926
0 0.46484375 0.19537037037037036 0.012760416666666666 0.018518518518518517
0 0.5111979166666667 0.046296296296296294 0.01015625 0.014814814814814815
0 0.5010416666666667 0.03935185185185185 0.01015625 0.01898148148148148
0 0.4791666666666667 0.45694444444444443 0.01640625 0.014814814814814815
0 0.503125 0.36944444444444446 0.019270833333333334 0.02361111111111111
0 0.4778645833333333 0.48657407407407405 0.012239583333333333 0.01898148148148148
0 0.48541666666666666 0.4736111111111111 0.008854166666666666 0.01898148148148148
0 0.4979166666666667 0.44675925925925924 0.015104166666666667 0.040740740740740744
0 0.3614583333333333 0.45185185185185184 0.0140625 0.03518518518518519
0 0.39791666666666664 0.7402777777777778 0.0109375 0.021296296296296296
0 0.5692708333333333 0.6560185185185186 0.027083333333333334 0.03564814814814815
0 0.5932291666666667 0.5009259259259259 0.01953125 0.03148148148148148
0 0.5208333333333334 0.2777777777777778 0.0078125 0.01990740740740741
0 0.63515625 0.5050925925925925 0.0125 0.02361111111111111
0 0.2911458333333333 0.33055555555555555 0.009114583333333334 0.014814814814814815
0 0.6875 0.4134259259259259 0.01796875 0.016203703703703703
0 0.5098958333333333 0.26805555555555555 0.008333333333333333 0.014351851851851852
0 0.4080729166666667 0.7527777777777778 0.0140625 0.022222222222222223
0 0.2828125 0.32037037037037036 0.012760416666666666 0.025925925925925925
0 0.76328125 0.6277777777777778 0.01796875 0.027314814814814816
0 0.8145833333333333 0.47824074074074074 0.008854166666666666 0.02175925925925926
0 0.82109375 0.16203703703703703 0.007291666666666667 0.021296296296296296
0 0.011979166666666667 0.18796296296296297 0.018229166666666668 0.02546296296296296
0 0.43046875 0.040740740740740744 0.009895833333333333 0.024074074074074074
0 0.8598958333333333 0.34675925925925927 0.0125 0.024537037037037038
0 0.9033854166666667 0.3527777777777778 0.009114583333333334 0.025
0 0.9265625 0.3101851851851852 0.01171875 0.017592592592592594
0 0.9640625 0.14814814814814814 0.011197916666666667 0.018518518518518517
0 0.9674479166666666 0.16018518518518518 0.012760416666666666 0.018518518518518517
0 0.96875 0.38842592592592595 0.017447916666666667 0.03148148148148148
