0 0.021354166666666667 0.23333333333333334 0.013541666666666667 0.027314814814814816
0 0.02109375 0.3824074074074074 0.015104166666666667 0.02962962962962963
0 0.0859375 0.45694444444444443 0.016666666666666666 0.025925925925925925
0 0.16640625 0.43287037037037035 0.012760416666666666 0.024074074074074074
0 0.21302083333333333 0.22870370370370371 0.010677083333333334 0.03981481481481482
0 0.24765625 0.21898148148148147 0.01484375 0.026851851851851852
0 0.303125 0.22546296296296298 0.013541666666666667 0.023148148148148147
0 0.4127604166666667 0.16712962962962963 0.0109375 0.020833333333333332
0 0.4122395833333333 0.2 0.0140625 0.020370370370370372
0 0.4591145833333333 0.04537037037037037 0.01015625 0.014814814814814815
0 0.44583333333333336 0.037037037037037035 0.009635416666666667 0.018055555555555554
0 0.4278645833333333 0.45787037037037037 0.011197916666666667 0.01574074074074074
0 0.44765625 0.36666666666666664 0.01953125 0.02546296296296296
0 0.4231770833333333 0.49398148148148147 0.009375 0.01898148148148148
0 0.4283854166666667 0.4791666666666667 0.008854166666666666 0.01898148148148148
0 0.4432291666666667 0.44675925925925924 0.0140625 0.03287037037037037
0 0.3151041666666667 0.4513888888888889 0.01328125 0.040740740740740744
0 0.35208333333333336 0.7541666666666667 0.0140625 0.019444444444444445
0 0.5111979166666667 0.6625 0.021875 0.02962962962962963
0 0.53515625 0.49537037037037035 0.017708333333333333 0.03981481481481482
0 0.4669270833333333 0.2712962962962963 0.0078125 0.01990740740740741
0 0.5828125 0.5115740740740741 0.013541666666666667 0.02638888888888889
0 0.23802083333333332 0.33194444444444443 0.00859375 0.013888888888888888
0 0.6325520833333333 0.41944444444444445 0.018229166666666668 0.018055555555555554
0 0.45651041666666664 0.26342592592592595 0.00625 0.020833333333333332
0 0.34479166666666666 0.7416666666666667 0.0109375 0.019444444444444445
0 0.23046875 0.3314814814814815 0.0140625 0.027314814814814816
0 0.70859375 0.6263888888888889 0.009375 0.02546296296296296
0 0.7583333333333333 0.4824074074074074 0.009375 0.022685185185185187
0 0.7567708333333333 0.16435185185185186 0.009114583333333334 0.016203703703703703
0 0.3770833333333333 0.05555555555555555 0.009895833333333333 0.024074074074074074
0 0.8078125 0.35185185185185186 0.011979166666666667 0.023148148148148147
0 0.8489583333333334 0.3560185185185185 0.010416666666666666 0.020833333333333332
0 0.8731770833333333 0.3101851851851852 0.01015625 0.014814814814814815
0 0.9098958333333333 0.15092592592592594 0.011197916666666667 0.018518518518518517
0 0.9109375 0.1625 0.008072916666666667 0.018518518518518517
0 0.91171875 0.3875 0.015625 0.02824074074074074
0 0.8203125 0.37777777777777777 0.00859375 0.017592592592592594
0 0.9614583333333333 0.43703703703703706 0.0140625 0.02361111111111111
0 0.7666666666666667 0.15694444444444444 0.0078125 0.018518518518518517
0 0.7674479166666667 0.1449074074074074 0.00859375 0.018518518518518517
0 0.4015625 0.31296296296296294 0.01015625 0.01898148148148148
0 0.9796875 0.425 0.010677083333333334 0.0125
