0 0.00625 0.3347222222222222 0.021875 0.03194444444444444
0 0.0203125 0.24351851851851852 0.015885416666666666 0.025925925925925925
0 0.014322916666666666 0.2777777777777778 0.015364583333333333 0.025
0 0.04609375 0.2337962962962963 0.013020833333333334 0.025925925925925925
0 0.04791666666666667 0.38055555555555554 0.014322916666666666 0.02824074074074074
0 0.11145833333333334 0.4550925925925926 0.0125 0.024537037037037038
0 0.19296875 0.4287037037037037 0.012239583333333333 0.023148148148148147
0 0.23177083333333334 0.22037037037037038 0.010677083333333334 0.03981481481481482
0 0.27395833333333336 0.2175925925925926 0.01484375 0.026851851851851852
0 0.3296875 0.2152777777777778 0.01015625 0.023148148148148147
0 0.43645833333333334 0.16805555555555557 0.0109375 0.020833333333333332
0 0.43671875 0.19490740740740742 0.01328125 0.019444444444444445
0 0.48333333333333334 0.04722222222222222 0.01015625 0.014814814814814815
0 0.47291666666666665 0.033796296296296297 0.009635416666666667 0.018055555555555554
0 0.45260416666666664 0.45740740740740743 0.011197916666666667 0.01574074074074074
0 0.47239583333333335 0.3726851851851852 0.021354166666666667 0.025925925925925925
0 0.44921875 0.4930555555555556 0.009375 0.01898148148148148
0 0.45338541666666665 0.47824074074074074 0.009375 0.01990740740740741
0 0.46588541666666666 0.4476851851851852 0.015885416666666666 0.04259259259259259
0 0.334375 0.44907407407407407 0.01328125 0.03333333333333333
0 0.3796875 0.7509259259259259 0.0109375 0.021296296296296296
0 0.53984375 0.6592592592592592 0.022916666666666665 0.031018518518518518
0 0.56171875 0.49722222222222223 0.01640625 0.027314814814814816
0 0.49166666666666664 0.275 0.0078125 0.01990740740740741
0 0.6049479166666667 0.5069444444444444 0.013020833333333334 0.025
0 0.2609375 0.3263888888888889 0.009635416666666667 0.01574074074074074
0 0.659375 0.4166666666666667 0.01875 0.01712962962962963
0 0.48072916666666665 0.26481481481481484 0.007552083333333333 0.013425925925925926
0 0.3703125 0.7402777777777778 0.0109375 0.019444444444444445
0 0.2578125 0.32685185185185184 0.012760416666666666 0.025925925925925925
0 0.7354166666666667 0.6273148148148148 0.019791666666666666 0.03009259259259259
0 0.78515625 0.48518518518518516 0.008854166666666666 0.02175925925925926
0 0.78359375 0.1625 0.00859375 0.01712962962962963
0 0.4015625 0.046296296296296294 0.009895833333333333 0.024074074074074074
0 0.83203125 0.35 0.011979166666666667 0.023148148148148147
0 0.8747395833333333 0.3560185185185185 0.009635416666666667 0.02638888888888889
0 0.8984375 0.3111111111111111 0.011197916666666667 0.016666666666666666
0 0.9348958333333334 0.1527777777777778 0.010677083333333334 0.017592592592592594
0 0.9361979166666666 0.1625 0.012760416666666666 0.018518518518518517
0 0.9395833333333333 0.3875 0.015625 0.02824074074074074
0 0.8486979166666667 0.3773148148148148 0.00703125 0.013888888888888888
0 0.9854166666666667 0.44166666666666665 0.01328125 0.022685185185185187
0 0.79296875 0.16435185185185186 0.007552083333333333 0.017592592592592594
0 0.7934895833333333 0.1412037037037037 0.00859375 0.018518518518518517
0 0.42682291666666666 0.30925925925925923 0.009114583333333334 0.01712962962962963
