0 0.0078125 0.23842592592592593 0.015885416666666666 0.025925925925925925
0 0.03307291666666667 0.2337962962962963 0.013020833333333334 0.025925925925925925
0 0.033854166666666664 0.3773148148148148 0.014322916666666666 0.02824074074074074
0 0.09817708333333333 0.45740740740740743 0.015885416666666666 0.024537037037037038
0 0.17682291666666666 0.43194444444444446 0.012239583333333333 0.023148148148148147
0 0.21822916666666667 0.22407407407407406 0.010677083333333334 0.03981481481481482
0 0.25546875 0.2175925925925926 0.01484375 0.026851851851851852
0 0.31536458333333334 0.22268518518518518 0.01015625 0.023148148148148147
0 0.4236979166666667 0.16620370370370371 0.0109375 0.020833333333333332
0 0.42213541666666665 0.19814814814814816 0.01328125 0.019444444444444445
0 0.46901041666666665 0.049074074074074076 0.01015625 0.014814814814814815
0 0.4591145833333333 0.037037037037037035 0.009635416666666667 0.018055555555555554
0 0.4388020833333333 0.45787037037037037 0.011197916666666667 0.01574074074074074
0 0.459375 0.36666666666666664 0.01953125 0.02546296296296296
0 0.43515625 0.4962962962962963 0.009375 0.01898148148148148
0 0.43984375 0.48194444444444445 0.008854166666666666 0.01898148148148148
0 0.45234375 0.4476851851851852 0.016666666666666666 0.04490740740740741
0 0.32005208333333335 0.44907407407407407 0.01328125 0.040740740740740744
0 0.365625 0.7513888888888889 0.0109375 0.021296296296296296
0 0.5244791666666667 0.6620370370370371 0.022916666666666665 0.031018518518518518
0 0.5453125 0.49398148148148147 0.017708333333333333 0.03981481481481482
0 0.47890625 0.27314814814814814 0.0078125 0.01990740740740741
0 0.5875 0.5115740740740741 0.013541666666666667 0.02638888888888889
0 0.24713541666666666 0.32916666666666666 0.009114583333333334 0.014814814814814815
0 0.64296875 0.41759259259259257 0.017447916666666667 0.01712962962962963
0 0.465625 0.26296296296296295 0.0078125 0.013888888888888888
0 0.35520833333333335 0.7398148148148148 0.0109375 0.019444444444444445
0 0.24010416666666667 0.3277777777777778 0.01328125 0.025925925925925925
0 0.7192708333333333 0.6263888888888889 0.009114583333333334 0.031018518518518518
0 0.7697916666666667 0.48564814814814816 0.009375 0.022685185185185187
0 0.7692708333333333 0.1625 0.00859375 0.01712962962962963
0 0.3890625 0.05138888888888889 0.009895833333333333 0.024074074074074074
0 0.81796875 0.35138888888888886 0.011979166666666667 0.023148148148148147
0 0.8622395833333333 0.35462962962962963 0.009635416666666667 0.02175925925925926
0 0.8848958333333333 0.3087962962962963 0.010677083333333334 0.01574074074074074
0 0.9200520833333333 0.14953703703703702 0.011197916666666667 0.018518518518518517
0 0.9236979166666667 0.16203703703703703 0.012760416666666666 0.018518518518518517
0 0.9234375 0.38842592592592595 0.01484375 0.026851851851851852
0 0.8328125 0.37824074074074077 0.00859375 0.017592592592592594
0 0.9729166666666667 0.4375 0.01328125 0.022685185185185187
0 0.7770833333333333 0.1648148148148148 0.0078125 0.018518518518518517
0 0.7796875 0.14583333333333334 0.00859375 0.018518518518518517
0 0.41328125 0.31157407407407406 0.009635416666666667 0.018055555555555554
0 0.0033854166666666668 0.2759259259259259 0.00703125 0.016666666666666666
0 0.99140625 0.42777777777777776 0.010677083333333334 0.0125
