0 0.04973958333333333 0.33287037037037037 0.020833333333333332 0.030555555555555555
0 0.059375 0.23935185185185184 0.015104166666666667 0.024537037037037038
0 0.058854166666666666 0.26851851851851855 0.014583333333333334 0.02361111111111111
0 0.08828125 0.23055555555555557 0.013541666666666667 0.027314814814814816
0 0.0921875 0.3800925925925926 0.019010416666666665 0.031018518518518518
0 0.15338541666666666 0.4527777777777778 0.0125 0.024537037037037038
0 0.23515625 0.4287037037037037 0.011197916666666667 0.027314814814814816
0 0.2760416666666667 0.22083333333333333 0.010677083333333334 0.03981481481481482
0 0.31744791666666666 0.2162037037037037 0.01484375 0.026851851851851852
0 0.3736979166666667 0.2125 0.009635416666666667 0.022222222222222223
0 0.48151041666666666 0.16342592592592592 0.011458333333333333 0.02175925925925926
0 0.48151041666666666 0.1962962962962963 0.01328125 0.019444444444444445
0 0.5255208333333333 0.05138888888888889 0.010677083333333334 0.01574074074074074
0 0.51640625 0.03935185185185185 0.01015625 0.01898148148148148
0 0.4942708333333333 0.45601851851851855 0.015625 0.01898148148148148
0 0.5158854166666667 0.3680555555555556 0.012239583333333333 0.03009259259259259
0 0.49244791666666665 0.48703703703703705 0.01171875 0.018055555555555554
0 0.5018229166666667 0.4703703703703704 0.008854166666666666 0.01898148148148148
0 0.5130208333333334 0.44907407407407407 0.014322916666666666 0.03888888888888889
0 0.37916666666666665 0.4537037037037037 0.016666666666666666 0.04583333333333333
0 0.4122395833333333 0.7388888888888889 0.0109375 0.021296296296296296
0 0.5846354166666666 0.662962962962963 0.027083333333333334 0.03564814814814815
0 0.6088541666666667 0.4976851851851852 0.01953125 0.03148148148148148
0 0.53515625 0.2759259259259259 0.007552083333333333 0.01898148148148148
0 0.6541666666666667 0.5046296296296297 0.0125 0.02361111111111111
0 0.30364583333333334 0.3296296296296296 0.009635416666666667 0.01574074074074074
0 0.7013020833333333 0.4162037037037037 0.0171875 0.025925925925925925
0 0.5221354166666666 0.2689814814814815 0.008854166666666666 0.015277777777777777
0 0.42239583333333336 0.750462962962963 0.0140625 0.022222222222222223
0 0.29973958333333334 0.3143518518518518 0.012760416666666666 0.025925925925925925
0 0.7778645833333333 0.6282407407407408 0.019010416666666665 0.028703703703703703
0 0.8325520833333333 0.4842592592592593 0.01328125 0.02824074074074074
0 0.8302083333333333 0.1648148148148148 0.01171875 0.020833333333333332
0 0.028125 0.1865740740740741 0.018229166666666668 0.02546296296296296
0 0.44427083333333334 0.038425925925925926 0.009895833333333333 0.024074074074074074
0 0.87421875 0.35 0.0125 0.024537037037037038
0 0.9182291666666667 0.35185185185185186 0.009114583333333334 0.025
0 0.9408854166666667 0.30972222222222223 0.008333333333333333 0.017592592592592594
0 0.9481770833333333 0.2935185185185185 0.00859375 0.03148148148148148
0 0.89140625 0.37962962962962965 0.012760416666666666 0.016666666666666666
0 0.9807291666666667 0.38935185185185184 0.015625 0.026851851851851852
0 0.9809895833333333 0.14722222222222223 0.011197916666666667 0.016203703703703703
0 0.9825520833333333 0.16527777777777777 0.011197916666666667 0.022685185185185187
