0 0.041666666666666664 0.4601851851851852 0.015885416666666666 0.024537037037037038
0 0.12161458333333333 0.43472222222222223 0.012239583333333333 0.023148148148148147
0 0.1625 0.22407407407407406 0.01015625 0.040740740740740744
0 0.20338541666666668 0.2222222222222222 0.01484375 0.026851851851851852
0 0.2546875 0.25 0.017708333333333333 0.04537037037037037
0 0.3645833333333333 0.16574074074074074 0.009895833333333333 0.01898148148148148
0 0.3658854166666667 0.19722222222222222 0.01328125 0.019444444444444445
0 0.41432291666666665 0.050462962962962966 0.010677083333333334 0.01574074074074074
0 0.39947916666666666 0.03287037037037037 0.009635416666666667 0.018055555555555554
0 0.3828125 0.45740740740740743 0.011197916666666667 0.01574074074074074
0 0.396875 0.37453703703703706 0.0140625 0.024074074074074074
0 0.3802083333333333 0.4986111111111111 0.009375 0.01898148148148148
0 0.38359375 0.48055555555555557 0.008854166666666666 0.01898148148148148
0 0.39765625 0.4537037037037037 0.012760416666666666 0.02361111111111111
0 0.27265625 0.4486111111111111 0.012760416666666666 0.03888888888888889
0 0.30755208333333334 0.7546296296296297 0.01328125 0.018518518518518517
0 0.46458333333333335 0.6638888888888889 0.027864583333333335 0.03611111111111111
0 0.48932291666666666 0.4981481481481482 0.019010416666666665 0.024537037037037038
0 0.425 0.26851851851851855 0.0078125 0.01990740740740741
0 0.5286458333333334 0.5055555555555555 0.016927083333333332 0.019444444444444445
0 0.18958333333333333 0.3277777777777778 0.00859375 0.013888888888888888
0 0.5869791666666667 0.42453703703703705 0.019270833333333334 0.01898148148148148
0 0.41041666666666665 0.262037037037037 0.009635416666666667 0.02175925925925926
0 0.2994791666666667 0.7453703703703703 0.009635416666666667 0.017592592592592594
0 0.18541666666666667 0.34074074074074073 0.011458333333333333 0.024074074074074074
0 0.6625 0.6296296296296297 0.01171875 0.024074074074074074
0 0.7140625 0.4861111111111111 0.008854166666666666 0.02175925925925926
0 0.7127604166666667 0.16805555555555557 0.00859375 0.020833333333333332
0 0.334375 0.06851851851851852 0.011197916666666667 0.023148148148148147
0 0.7627604166666667 0.3527777777777778 0.011979166666666667 0.023148148148148147
0 0.8083333333333333 0.35462962962962963 0.01015625 0.020833333333333332
0 0.8375 0.29398148148148145 0.011458333333333333 0.013888888888888888
0 0.865625 0.16435185185185186 0.011197916666666667 0.018518518518518517
0 0.8627604166666667 0.15092592592592594 0.008072916666666667 0.018518518518518517
0 0.8666666666666667 0.3861111111111111 0.015625 0.02824074074074074
0 0.7760416666666666 0.3819444444444444 0.009114583333333334 0.018518518518518517
0 0.9138020833333333 0.4393518518518518 0.0140625 0.02361111111111111
0 0.7234375 0.1449074074074074 0.00703125 0.017592592592592594
0 0.7208333333333333 0.16574074074074074 0.00859375 0.022685185185185187
0 0.3536458333333333 0.31805555555555554 0.009635416666666667 0.018055555555555554
0 0.9372395833333333 0.425 0.011197916666666667 0.0125
0 0.9708333333333333 0.6953703703703704 0.013802083333333333 0.022685185185185187
0 0.9856770833333334 0.0699074074074074 0.016927083333333332 0.02638888888888889
