0 0.05026041666666667 0.3990740740740741 0.013020833333333334 0.024537037037037038
0 0.09791666666666667 0.18333333333333332 0.00859375 0.03935185185185185
0 0.13463541666666667 0.18101851851851852 0.0171875 0.031018518518518518
0 0.18229166666666666 0.23333333333333334 0.020833333333333332 0.03518518518518519
0 0.29791666666666666 0.12824074074074074 0.009895833333333333 0.01898148148148148
0 0.29609375 0.15925925925925927 0.01171875 0.01898148148148148
0 0.34322916666666664 0.013888888888888888 0.01015625 0.014814814814814815
0 0.32916666666666666 0.40925925925925927 0.012760416666666666 0.018518518518518517
0 0.3296875 0.3300925925925926 0.015625 0.02638888888888889
0 0.31197916666666664 0.46064814814814814 0.008333333333333333 0.019444444444444445
0 0.3140625 0.44027777777777777 0.008072916666666667 0.018055555555555554
0 0.3098958333333333 0.412962962962963 0.012760416666666666 0.02361111111111111
0 0.19713541666666667 0.4009259259259259 0.012760416666666666 0.03888888888888889
0 0.24010416666666667 0.7125 0.010416666666666666 0.01712962962962963
0 0.38776041666666666 0.6217592592592592 0.029947916666666668 0.03796296296296296
0 0.4166666666666667 0.4625 0.023177083333333334 0.02962962962962963
0 0.34427083333333336 0.2125 0.0078125 0.01990740740740741
0 0.453125 0.4634259259259259 0.020572916666666666 0.02361111111111111
0 0.11901041666666666 0.2833333333333333 0.012239583333333333 0.014814814814814815
0 0.5161458333333333 0.38472222222222224 0.018489583333333334 0.02175925925925926
0 0.35963541666666665 0.22037037037037038 0.00859375 0.02175925925925926
0 0.23229166666666667 0.7060185185185185 0.008854166666666666 0.01712962962962963
0 0.1234375 0.29907407407407405 0.01328125 0.02824074074074074
0 0.5911458333333334 0.5861111111111111 0.01171875 0.024074074074074074
0 0.6411458333333333 0.44537037037037036 0.010416666666666666 0.025
0 0.6408854166666667 0.1310185185185185 0.006510416666666667 0.021296296296296296
0 0.2630208333333333 0.02546296296296296 0.013541666666666667 0.021296296296296296
0 0.68984375 0.3125 0.009635416666666667 0.020370370370370372
0 0.734375 0.3162037037037037 0.009375 0.01990740740740741
0 0.7645833333333333 0.25833333333333336 0.011979166666666667 0.014351851851851852
0 0.7934895833333333 0.11296296296296296 0.010677083333333334 0.017592592592592594
0 0.7981770833333334 0.1287037037037037 0.011197916666666667 0.017592592592592594
0 0.7973958333333333 0.3458333333333333 0.0140625 0.02546296296296296
0 0.7059895833333333 0.3384259259259259 0.009114583333333334 0.018518518518518517
0 0.8455729166666667 0.3925925925925926 0.01484375 0.025
0 0.65546875 0.10555555555555556 0.0067708333333333336 0.016666666666666666
0 0.65 0.12314814814814815 0.008333333333333333 0.018518518518518517
0 0.2825520833333333 0.2759259259259259 0.009114583333333334 0.014814814814814815
0 0.86875 0.3736111111111111 0.011197916666666667 0.01712962962962963
0 0.9010416666666666 0.6541666666666667 0.013541666666666667 0.026851851851851852
0 0.915625 0.031018518518518518 0.01484375 0.022222222222222223
