0 0.0171875 0.45555555555555555 0.016666666666666666 0.025925925925925925
0 0.09765625 0.43287037037037035 0.012239583333333333 0.023148148148148147
0 0.13776041666666666 0.22175925925925927 0.0078125 0.04027777777777778
0 0.17994791666666668 0.21712962962962962 0.015625 0.02824074074074074
0 0.23098958333333333 0.26064814814814813 0.018489583333333334 0.047685185185185185
0 0.3419270833333333 0.1675925925925926 0.009895833333333333 0.01898148148148148
0 0.3416666666666667 0.19675925925925927 0.01328125 0.019444444444444445
0 0.3770833333333333 0.03564814814814815 0.01015625 0.014814814814814815
0 0.38828125 0.04722222222222222 0.009895833333333333 0.018055555555555554
0 0.35859375 0.45231481481481484 0.012239583333333333 0.017592592592592594
0 0.3736979166666667 0.36574074074074076 0.0140625 0.024074074074074074
0 0.3567708333333333 0.49537037037037035 0.009375 0.01898148148148148
0 0.36015625 0.4777777777777778 0.008854166666666666 0.01898148148148148
0 0.3776041666666667 0.44907407407407407 0.01328125 0.025
0 0.23984375 0.44074074074074077 0.012760416666666666 0.03888888888888889
0 0.27630208333333334 0.7444444444444445 0.009375 0.020370370370370372
0 0.43828125 0.6611111111111111 0.0265625 0.03425925925925926
0 0.46484375 0.49953703703703706 0.020833333333333332 0.026851851851851852
0 0.40234375 0.26435185185185184 0.00703125 0.01990740740740741
0 0.5065104166666666 0.5087962962962963 0.018489583333333334 0.021296296296296296
0 0.16640625 0.324537037037037 0.0125 0.01574074074074074
0 0.5625 0.4236111111111111 0.020052083333333335 0.01990740740740741
0 0.38723958333333336 0.25601851851851853 0.008072916666666667 0.020833333333333332
0 0.28463541666666664 0.7532407407407408 0.010677083333333334 0.019444444444444445
0 0.16223958333333333 0.3421296296296296 0.011979166666666667 0.02546296296296296
0 0.6385416666666667 0.624537037037037 0.01171875 0.024074074074074074
0 0.6890625 0.4842592592592593 0.009375 0.022685185185185187
0 0.6885416666666667 0.16527777777777777 0.00859375 0.020833333333333332
0 0.309375 0.07037037037037037 0.01015625 0.021296296296296296
0 0.7359375 0.35 0.0125 0.024074074074074074
0 0.7817708333333333 0.3527777777777778 0.009895833333333333 0.020833333333333332
0 0.8122395833333333 0.29074074074074074 0.011979166666666667 0.014351851851851852
0 0.8432291666666667 0.16435185185185186 0.011197916666666667 0.018518518518518517
0 0.8395833333333333 0.15092592592592594 0.0078125 0.017592592592592594
0 0.8416666666666667 0.38055555555555554 0.015625 0.02824074074074074
0 0.7502604166666667 0.3837962962962963 0.009114583333333334 0.018518518518518517
0 0.8916666666666667 0.44027777777777777 0.01484375 0.025
0 0.7028645833333333 0.1425925925925926 0.00703125 0.017592592592592594
0 0.69921875 0.15925925925925927 0.008333333333333333 0.018518518518518517
0 0.33203125 0.3138888888888889 0.009114583333333334 0.01712962962962963
0 0.9130208333333333 0.4203703703703704 0.011197916666666667 0.0125
0 0.9466145833333334 0.6930555555555555 0.013541666666666667 0.022685185185185187
0 0.9630208333333333 0.06759259259259259 0.017708333333333333 0.027777777777777776
