0 0.0020833333333333333 0.45092592592592595 0.015885416666666666 0.024537037037037038
0 0.08385416666666666 0.42777777777777776 0.013020833333333334 0.024537037037037038
0 0.12682291666666667 0.21712962962962962 0.010677083333333334 0.04027777777777778
0 0.16770833333333332 0.21342592592592594 0.01640625 0.02962962962962963
0 0.21953125 0.2611111111111111 0.018489583333333334 0.047685185185185185
0 0.3299479166666667 0.16157407407407406 0.009895833333333333 0.01898148148148148
0 0.33046875 0.19305555555555556 0.011458333333333333 0.019444444444444445
0 0.36223958333333334 0.02824074074074074 0.010677083333333334 0.01574074074074074
0 0.37473958333333335 0.04212962962962963 0.009895833333333333 0.018055555555555554
0 0.34348958333333335 0.4449074074074074 0.012239583333333333 0.017592592592592594
0 0.3625 0.3625 0.0140625 0.024074074074074074
0 0.34661458333333334 0.49166666666666664 0.009375 0.021296296296296296
0 0.34739583333333335 0.47175925925925927 0.00859375 0.01898148148148148
0 0.3611979166666667 0.44212962962962965 0.01328125 0.025
0 0.2359375 0.44305555555555554 0.012239583333333333 0.037037037037037035
0 0.2708333333333333 0.7476851851851852 0.009375 0.020370370370370372
0 0.42473958333333334 0.6569444444444444 0.0265625 0.03425925925925926
0 0.4515625 0.49537037037037035 0.022135416666666668 0.02824074074074074
0 0.38958333333333334 0.25925925925925924 0.00703125 0.01990740740740741
0 0.4921875 0.5013888888888889 0.01953125 0.022685185185185187
0 0.153125 0.3189814814814815 0.012760416666666666 0.01574074074074074
0 0.54921875 0.4162037037037037 0.016666666666666666 0.01990740740740741
0 0.3768229166666667 0.24861111111111112 0.0078125 0.01990740740740741
0 0.2640625 0.7425925925925926 0.010677083333333334 0.019444444444444445
0 0.15182291666666667 0.337037037037037 0.0125 0.026851851851851852
0 0.625 0.6231481481481481 0.012239583333333333 0.02546296296296296
0 0.6763020833333333 0.4759259259259259 0.009375 0.022685185185185187
0 0.6747395833333333 0.1648148148148148 0.00859375 0.020833333333333332
0 0.29609375 0.06666666666666667 0.01015625 0.021296296296296296
0 0.7244791666666667 0.34629629629629627 0.0125 0.024074074074074074
0 0.76953125 0.35 0.009895833333333333 0.020833333333333332
0 0.8010416666666667 0.2847222222222222 0.011979166666666667 0.014351851851851852
0 0.8296875 0.16203703703703703 0.010677083333333334 0.017592592592592594
0 0.8286458333333333 0.14444444444444443 0.0078125 0.017592592592592594
0 0.8369791666666667 0.37546296296296294 0.01484375 0.026851851851851852
0 0.7390625 0.3763888888888889 0.009114583333333334 0.018518518518518517
0 0.88046875 0.43148148148148147 0.0140625 0.02361111111111111
0 0.6875 0.13564814814814816 0.00703125 0.017592592592592594
0 0.6830729166666667 0.1574074074074074 0.008854166666666666 0.019444444444444445
0 0.31614583333333335 0.30648148148148147 0.009114583333333334 0.01712962962962963
0 0.9015625 0.41435185185185186 0.011197916666666667 0.01712962962962963
0 0.9330729166666667 0.6884259259259259 0.013541666666666667 0.022685185185185187
0 0.9513020833333333 0.06342592592592593 0.017708333333333333 0.027777777777777776
