0 0.026822916666666665 0.4564814814814815 0.015885416666666666 0.024537037037037038
0 0.10703125 0.43287037037037035 0.01171875 0.022222222222222223
0 0.14921875 0.22361111111111112 0.01015625 0.040740740740740744
0 0.18697916666666667 0.21805555555555556 0.01484375 0.026851851851851852
0 0.2421875 0.2523148148148148 0.017708333333333333 0.04537037037037037
0 0.3533854166666667 0.1675925925925926 0.009895833333333333 0.01898148148148148
0 0.35182291666666665 0.19907407407407407 0.012760416666666666 0.018518518518518517
0 0.39869791666666665 0.04953703703703704 0.01015625 0.014814814814814815
0 0.38515625 0.03657407407407407 0.009635416666666667 0.018055555555555554
0 0.36744791666666665 0.45416666666666666 0.01171875 0.016666666666666666
0 0.38619791666666664 0.3726851851851852 0.01484375 0.02546296296296296
0 0.3658854166666667 0.4986111111111111 0.009375 0.01898148148148148
0 0.3690104166666667 0.4787037037037037 0.008854166666666666 0.01898148148148148
0 0.38515625 0.45046296296296295 0.012760416666666666 0.02361111111111111
0 0.265625 0.4634259259259259 0.01328125 0.040740740740740744
0 0.29401041666666666 0.7578703703703704 0.01328125 0.018518518518518517
0 0.4484375 0.6611111111111111 0.0265625 0.03425925925925926
0 0.475 0.49907407407407406 0.020052083333333335 0.025925925925925925
0 0.4119791666666667 0.26851851851851855 0.00703125 0.01990740740740741
0 0.5143229166666666 0.5097222222222222 0.017708333333333333 0.020370370370370372
0 0.17552083333333332 0.32731481481481484 0.008072916666666667 0.013425925925925926
0 0.5716145833333334 0.42407407407407405 0.020052083333333335 0.01990740740740741
0 0.3997395833333333 0.25972222222222224 0.009114583333333334 0.020833333333333332
0 0.28802083333333334 0.7435185185185185 0.01015625 0.018518518518518517
0 0.17005208333333333 0.34120370370370373 0.011458333333333333 0.024074074074074074
0 0.6497395833333334 0.6263888888888889 0.01171875 0.024074074074074074
0 0.7119791666666667 0.4976851851851852 0.009375 0.022685185185185187
0 0.6973958333333333 0.16666666666666666 0.00859375 0.020833333333333332
0 0.3190104166666667 0.06898148148148148 0.010677083333333334 0.022222222222222223
0 0.7471354166666667 0.35509259259259257 0.011979166666666667 0.023148148148148147
0 0.79375 0.35555555555555557 0.009895833333333333 0.020833333333333332
0 0.8231770833333333 0.29212962962962963 0.011458333333333333 0.013888888888888888
0 0.8541666666666666 0.16620370370370371 0.011197916666666667 0.018518518518518517
0 0.8497395833333333 0.15185185185185185 0.008333333333333333 0.018518518518518517
0 0.8515625 0.38287037037037036 0.015625 0.02824074074074074
0 0.7625 0.3819444444444444 0.009114583333333334 0.018518518518518517
0 0.9015625 0.44305555555555554 0.01484375 0.025
0 0.7091145833333333 0.1439814814814815 0.00703125 0.017592592592592594
0 0.7052083333333333 0.16157407407407406 0.008854166666666666 0.019444444444444445
0 0.3390625 0.3162037037037037 0.009635416666666667 0.018055555555555554
0 0.9229166666666667 0.42268518518518516 0.011197916666666667 0.0125
0 0.9572916666666667 0.6939814814814815 0.013020833333333334 0.02175925925925926
0 0.9731770833333333 0.06944444444444445 0.017708333333333333 0.027777777777777776
