0 0.06041666666666667 0.4078703703703704 0.013020833333333334 0.024537037037037038
0 0.10416666666666667 0.19490740740740742 0.009114583333333334 0.0412037037037037
0 0.1453125 0.19490740740740742 0.01640625 0.02962962962962963
0 0.19244791666666666 0.24351851851851852 0.01953125 0.04351851851851852
0 0.3065104166666667 0.14166666666666666 0.010416666666666666 0.01990740740740741
0 0.30703125 0.175 0.01171875 0.01898148148148148
0 0.3546875 0.02962962962962963 0.010677083333333334 0.01574074074074074
0 0.36380208333333336 0.03425925925925926 0.009375 0.01712962962962963
0 0.32265625 0.42824074074074076 0.012239583333333333 0.017592592592592594
0 0.33984375 0.3439814814814815 0.015625 0.02638888888888889
0 0.32369791666666664 0.4708333333333333 0.008333333333333333 0.019444444444444445
0 0.32447916666666665 0.45601851851851855 0.008072916666666667 0.018055555555555554
0 0.340625 0.4217592592592593 0.012760416666666666 0.02361111111111111
0 0.20390625 0.4152777777777778 0.012239583333333333 0.037037037037037035
0 0.2515625 0.7263888888888889 0.010416666666666666 0.022222222222222223
0 0.3984375 0.6398148148148148 0.022395833333333334 0.032407407407407406
0 0.42864583333333334 0.475 0.023177083333333334 0.02962962962962963
0 0.35598958333333336 0.22592592592592592 0.0078125 0.01990740740740741
0 0.46458333333333335 0.4773148148148148 0.01953125 0.022685185185185187
0 0.13046875 0.2986111111111111 0.012760416666666666 0.01574074074074074
0 0.525 0.39814814814814814 0.018489583333333334 0.02175925925925926
0 0.3684895833333333 0.23564814814814813 0.008072916666666667 0.020833333333333332
0 0.24114583333333334 0.7203703703703703 0.010677083333333334 0.019444444444444445
0 0.13229166666666667 0.3143518518518518 0.0125 0.026851851851851852
0 0.6041666666666666 0.6023148148148149 0.012239583333333333 0.02546296296296296
0 0.6526041666666667 0.45925925925925926 0.010416666666666666 0.025
0 0.653125 0.1439814814814815 0.00859375 0.020833333333333332
0 0.29296875 0.06018518518518518 0.010677083333333334 0.022222222222222223
0 0.7028645833333333 0.324537037037037 0.011979166666666667 0.023148148148148147
0 0.7458333333333333 0.33194444444444443 0.009375 0.01990740740740741
0 0.7763020833333333 0.27037037037037037 0.011979166666666667 0.014351851851851852
0 0.8046875 0.12731481481481483 0.010677083333333334 0.017592592592592594
0 0.8091145833333333 0.14351851851851852 0.011197916666666667 0.017592592592592594
0 0.8088541666666667 0.3597222222222222 0.0140625 0.02546296296296296
0 0.7166666666666667 0.3523148148148148 0.00859375 0.017592592592592594
0 0.85625 0.40555555555555556 0.0140625 0.02361111111111111
0 0.66484375 0.1175925925925926 0.0067708333333333336 0.016666666666666666
0 0.6609375 0.14305555555555555 0.008854166666666666 0.019444444444444445
0 0.29270833333333335 0.2861111111111111 0.009114583333333334 0.014814814814814815
0 0.8796875 0.39537037037037037 0.011197916666666667 0.01712962962962963
0 0.9119791666666667 0.6680555555555555 0.013541666666666667 0.026851851851851852
0 0.9263020833333333 0.047685185185185185 0.017708333333333333 0.027777777777777776
