0 0.04348958333333333 0.38657407407407407 0.013020833333333334 0.024537037037037038
0 0.09140625 0.17824074074074073 0.008333333333333333 0.0375
0 0.12682291666666667 0.1685185185185185 0.0171875 0.031018518518518518
0 0.178125 0.22268518518518518 0.020833333333333332 0.03518518518518519
0 0.28984375 0.11388888888888889 0.009375 0.018055555555555554
0 0.2890625 0.1476851851851852 0.01171875 0.01898148148148148
0 0.3216145833333333 0.3888888888888889 0.012760416666666666 0.018518518518518517
0 0.32083333333333336 0.3175925925925926 0.01640625 0.027777777777777776
0 0.30494791666666665 0.4486111111111111 0.008333333333333333 0.019444444444444445
0 0.30546875 0.4287037037037037 0.008072916666666667 0.018055555555555554
0 0.3059895833333333 0.40324074074074073 0.01328125 0.025
0 0.18567708333333333 0.3861111111111111 0.012760416666666666 0.03888888888888889
0 0.23307291666666666 0.6990740740740741 0.0109375 0.018055555555555554
0 0.3802083333333333 0.6097222222222223 0.029166666666666667 0.03657407407407407
0 0.40859375 0.44722222222222224 0.023177083333333334 0.02962962962962963
0 0.34036458333333336 0.19768518518518519 0.0078125 0.01990740740740741
0 0.44140625 0.45185185185185184 0.021614583333333333 0.025
0 0.1109375 0.2708333333333333 0.012239583333333333 0.014814814814814815
0 0.50859375 0.37222222222222223 0.018489583333333334 0.02175925925925926
0 0.35182291666666665 0.20833333333333334 0.008072916666666667 0.020833333333333332
0 0.22604166666666667 0.6953703703703704 0.009375 0.018055555555555554
0 0.11692708333333333 0.28425925925925927 0.01328125 0.02824074074074074
0 0.5848958333333333 0.5740740740740741 0.012239583333333333 0.02546296296296296
0 0.6346354166666667 0.4337962962962963 0.0109375 0.02638888888888889
0 0.6325520833333333 0.11342592592592593 0.008854166666666666 0.018518518518518517
0 0.25494791666666666 0.011111111111111112 0.013541666666666667 0.021296296296296296
0 0.69765625 0.3199074074074074 0.009114583333333334 0.01990740740740741
0 0.7270833333333333 0.30277777777777776 0.009375 0.01990740740740741
0 0.7552083333333334 0.24675925925925926 0.011979166666666667 0.014351851851851852
0 0.7856770833333333 0.10185185185185185 0.010677083333333334 0.017592592592592594
0 0.7893229166666667 0.11574074074074074 0.011197916666666667 0.017592592592592594
0 0.7901041666666667 0.33425925925925926 0.0140625 0.02546296296296296
0 0.6830729166666667 0.2986111111111111 0.009114583333333334 0.018518518518518517
0 0.83828125 0.3814814814814815 0.015625 0.02638888888888889
0 0.6416666666666667 0.11342592592592593 0.0067708333333333336 0.016666666666666666
0 0.6466145833333333 0.09398148148148149 0.008333333333333333 0.018518518518518517
0 0.275 0.26296296296296295 0.009114583333333334 0.014814814814814815
0 0.8596354166666667 0.35694444444444445 0.010677083333333334 0.016203703703703703
0 0.8924479166666667 0.6412037037037037 0.013541666666666667 0.026851851851851852
0 0.9080729166666667 0.018518518518518517 0.01484375 0.022222222222222223
