0 0.4015625 0.2953703703703704 0.012760416666666666 0.02175925925925926
0 0.41796875 0.30462962962962964 0.01328125 0.019444444444444445
0 0.45546875 0.24074074074074073 0.012239583333333333 0.024537037037037038
0 0.4622395833333333 0.22083333333333333 0.011197916666666667 0.022685185185185187
0 0.49322916666666666 0.20879629629629629 0.010677083333333334 0.02638888888888889
0 0.49375 0.3351851851851852 0.010677083333333334 0.02361111111111111
0 0.5690104166666666 0.4185185185185185 0.009635416666666667 0.021296296296296296
0 0.6421875 0.40555555555555556 0.01015625 0.023148148148148147
0 0.6799479166666667 0.20277777777777778 0.01796875 0.04675925925925926
0 0.73125 0.1875 0.023697916666666666 0.02361111111111111
0 0.7885416666666667 0.16111111111111112 0.01328125 0.022222222222222223
0 0.8848958333333333 0.16111111111111112 0.012239583333333333 0.020370370370370372
0 0.8908854166666667 0.13518518518518519 0.016927083333333332 0.02361111111111111
0 0.9315104166666667 0.053703703703703705 0.010677083333333334 0.014351851851851852
0 0.91796875 0.017592592592592594 0.013802083333333333 0.021296296296296296
0 0.9309895833333334 0.2810185185185185 0.00859375 0.018518518518518517
0 0.8625 0.2962962962962963 0.00703125 0.015277777777777777
0 0.8986979166666667 0.3787037037037037 0.01171875 0.017592592592592594
0 0.9268229166666667 0.3421296296296296 0.01171875 0.02361111111111111
0 0.9182291666666667 0.43703703703703706 0.012239583333333333 0.024537037037037038
0 0.8924479166666667 0.4412037037037037 0.012760416666666666 0.02361111111111111
0 0.8971354166666666 0.4134259259259259 0.013802083333333333 0.021296296296296296
0 0.7794270833333333 0.4462962962962963 0.01484375 0.02175925925925926
0 0.8229166666666666 0.7129629629629629 0.01328125 0.022685185185185187
0 0.071875 0.05648148148148148 0.013802083333333333 0.027777777777777776
0 0.4421875 0.1597222222222222 0.01171875 0.019444444444444445
