0 0.3893229166666667 0.2953703703703704 0.01328125 0.022685185185185187
0 0.40729166666666666 0.3060185185185185 0.01328125 0.019444444444444445
0 0.44609375 0.24351851851851852 0.012239583333333333 0.024537037037037038
0 0.45 0.22314814814814815 0.011197916666666667 0.022685185185185187
0 0.48098958333333336 0.20694444444444443 0.010677083333333334 0.02638888888888889
0 0.48098958333333336 0.3384259259259259 0.01015625 0.022685185185185187
0 0.55546875 0.42314814814814816 0.009635416666666667 0.021296296296296296
0 0.63046875 0.4064814814814815 0.01015625 0.023148148148148147
0 0.6677083333333333 0.2074074074074074 0.01796875 0.04675925925925926
0 0.715625 0.19166666666666668 0.015885416666666666 0.025
0 0.7768229166666667 0.1638888888888889 0.01328125 0.022222222222222223
0 0.8723958333333334 0.1625 0.01171875 0.019444444444444445
0 0.8778645833333333 0.1375 0.017708333333333333 0.025
0 0.91953125 0.05462962962962963 0.010677083333333334 0.014351851851851852
0 0.9083333333333333 0.018518518518518517 0.013020833333333334 0.020370370370370372
0 0.9171875 0.28379629629629627 0.00859375 0.018518518518518517
0 0.8888020833333333 0.38055555555555554 0.01171875 0.017592592592592594
0 0.9153645833333334 0.34675925925925927 0.012239583333333333 0.025
0 0.9088541666666666 0.4393518518518518 0.012760416666666666 0.025925925925925925
0 0.8807291666666667 0.44351851851851853 0.012760416666666666 0.02361111111111111
0 0.8856770833333333 0.4148148148148148 0.014583333333333334 0.022222222222222223
0 0.78359375 0.4476851851851852 0.0140625 0.020833333333333332
0 0.8114583333333333 0.7152777777777778 0.0140625 0.02361111111111111
0 0.0578125 0.056018518518518516 0.013020833333333334 0.02638888888888889
0 0.4283854166666667 0.15925925925925927 0.011197916666666667 0.018518518518518517
