0 0.37526041666666665 0.29907407407407405 0.01328125 0.022685185185185187
0 0.39166666666666666 0.30648148148148147 0.01328125 0.019444444444444445
0 0.43671875 0.22962962962962963 0.015885416666666666 0.025
0 0.42916666666666664 0.24305555555555555 0.009635416666666667 0.03194444444444444
0 0.46640625 0.20833333333333334 0.010677083333333334 0.02638888888888889
0 0.46640625 0.3375 0.010677083333333334 0.02361111111111111
0 0.5432291666666667 0.41805555555555557 0.009635416666666667 0.021296296296296296
0 0.6169270833333333 0.4083333333333333 0.009635416666666667 0.022222222222222223
0 0.6526041666666667 0.21064814814814814 0.01875 0.049074074074074076
0 0.7002604166666667 0.1935185185185185 0.015885416666666666 0.025
0 0.7619791666666667 0.1685185185185185 0.0140625 0.023148148148148147
0 0.8580729166666666 0.16712962962962963 0.01171875 0.019444444444444445
0 0.8606770833333334 0.14166666666666666 0.016927083333333332 0.02361111111111111
0 0.90390625 0.055092592592592596 0.010677083333333334 0.014351851851851852
0 0.89296875 0.018518518518518517 0.013020833333333334 0.020370370370370372
0 0.9028645833333333 0.28194444444444444 0.009114583333333334 0.019444444444444445
0 0.8731770833333333 0.38472222222222224 0.01171875 0.017592592592592594
0 0.8973958333333333 0.3476851851851852 0.012239583333333333 0.025
0 0.8885416666666667 0.4412037037037037 0.013541666666666667 0.026851851851851852
0 0.8658854166666666 0.44675925925925924 0.01328125 0.025
0 0.8697916666666666 0.4217592592592593 0.014583333333333334 0.022222222222222223
0 0.7549479166666667 0.45092592592592595 0.013541666666666667 0.01990740740740741
0 0.7971354166666667 0.7125 0.0140625 0.02361111111111111
0 0.04375 0.053703703703703705 0.013541666666666667 0.027777777777777776
0 0.4140625 0.1638888888888889 0.010677083333333334 0.017592592592592594
0 0.9838541666666667 0.6328703703703704 0.01953125 0.038425925925925926
