0 0.38046875 0.30972222222222223 0.0140625 0.02361111111111111
0 0.36223958333333334 0.30185185185185187 0.01328125 0.03194444444444444
0 0.4161458333333333 0.24537037037037038 0.015885416666666666 0.025
0 0.4205729166666667 0.22916666666666666 0.009635416666666667 0.022222222222222223
0 0.45286458333333335 0.2111111111111111 0.010677083333333334 0.02638888888888889
0 0.4515625 0.3425925925925926 0.010677083333333334 0.02361111111111111
0 0.5276041666666667 0.425 0.011979166666666667 0.024537037037037038
0 0.6015625 0.4101851851851852 0.009635416666666667 0.022222222222222223
0 0.6380208333333334 0.21203703703703702 0.01875 0.049074074074074076
0 0.6856770833333333 0.18935185185185185 0.015104166666666667 0.02361111111111111
0 0.7471354166666667 0.1699074074074074 0.0140625 0.023148148148148147
0 0.84296875 0.16898148148148148 0.012239583333333333 0.020370370370370372
0 0.8494791666666667 0.14212962962962963 0.017708333333333333 0.025
0 0.890625 0.05555555555555555 0.011197916666666667 0.015277777777777777
0 0.8786458333333333 0.020370370370370372 0.013020833333333334 0.020370370370370372
0 0.884375 0.26944444444444443 0.009114583333333334 0.019444444444444445
0 0.8588541666666667 0.3851851851851852 0.013541666666666667 0.029166666666666667
0 0.8828125 0.35 0.01171875 0.02361111111111111
0 0.8760416666666667 0.44537037037037036 0.013541666666666667 0.026851851851851852
0 0.8494791666666667 0.449537037037037 0.01328125 0.025
0 0.8598958333333333 0.41944444444444445 0.014583333333333334 0.022222222222222223
0 0.7369791666666666 0.4486111111111111 0.013541666666666667 0.01990740740740741
0 0.7833333333333333 0.7148148148148148 0.0140625 0.02361111111111111
0 0.029947916666666668 0.049074074074074076 0.013020833333333334 0.02638888888888889
0 0.39947916666666666 0.16203703703703703 0.010677083333333334 0.017592592592592594
0 0.96875 0.6333333333333333 0.023958333333333335 0.04814814814814815
0 0.6736979166666667 0.30324074074074076 0.009635416666666667 0.018518518518518517
0 0.9885416666666667 0.46944444444444444 0.017447916666666667 0.03148148148148148
