0 0.36666666666666664 0.31157407407407406 0.01484375 0.025
0 0.346875 0.3037037037037037 0.01328125 0.03194444444444444
0 0.4015625 0.24212962962962964 0.016666666666666666 0.02638888888888889
0 0.40546875 0.22916666666666666 0.009635416666666667 0.022222222222222223
0 0.4359375 0.20925925925925926 0.013541666666666667 0.031018518518518518
0 0.4354166666666667 0.33935185185185185 0.011197916666666667 0.025
0 0.5125 0.4236111111111111 0.011979166666666667 0.024537037037037038
0 0.58515625 0.4115740740740741 0.009635416666666667 0.022222222222222223
0 0.6239583333333333 0.21342592592592594 0.019791666666666666 0.05138888888888889
0 0.66875 0.19537037037037036 0.015104166666666667 0.02361111111111111
0 0.7322916666666667 0.17407407407407408 0.0140625 0.023148148148148147
0 0.82734375 0.16898148148148148 0.012239583333333333 0.020370370370370372
0 0.8341145833333333 0.14305555555555555 0.017708333333333333 0.025
0 0.8739583333333333 0.0587962962962963 0.011197916666666667 0.02175925925925926
0 0.865625 0.02361111111111111 0.013020833333333334 0.020370370370370372
0 0.8450520833333334 0.3888888888888889 0.013541666666666667 0.029166666666666667
0 0.86953125 0.3509259259259259 0.0140625 0.029166666666666667
0 0.8614583333333333 0.4462962962962963 0.013541666666666667 0.026851851851851852
0 0.8346354166666666 0.45555555555555555 0.015625 0.03518518518518519
0 0.8450520833333334 0.4236111111111111 0.016666666666666666 0.021296296296296296
0 0.7252604166666666 0.45046296296296295 0.013541666666666667 0.01990740740740741
0 0.76796875 0.7171296296296297 0.0140625 0.02361111111111111
0 0.015104166666666667 0.052314814814814814 0.01953125 0.03888888888888889
0 0.38255208333333335 0.16712962962962963 0.010677083333333334 0.017592592592592594
0 0.9546875 0.6361111111111111 0.025260416666666667 0.050462962962962966
0 0.6606770833333333 0.30277777777777776 0.0109375 0.018518518518518517
0 0.9755208333333333 0.47314814814814815 0.017447916666666667 0.03148148148148148
0 0.8765625 0.2833333333333333 0.012239583333333333 0.01712962962962963
