0 0.35234375 0.3162037037037037 0.0140625 0.031018518518518518
0 0.3307291666666667 0.30416666666666664 0.01328125 0.03194444444444444
0 0.38645833333333335 0.24537037037037038 0.014322916666666666 0.023148148148148147
0 0.39401041666666664 0.2337962962962963 0.01015625 0.023148148148148147
0 0.42421875 0.20925925925925926 0.013541666666666667 0.031018518518518518
0 0.42421875 0.3425925925925926 0.010677083333333334 0.02361111111111111
0 0.49765625 0.42592592592592593 0.011979166666666667 0.024537037037037038
0 0.5739583333333333 0.4148148148148148 0.009635416666666667 0.022222222222222223
0 0.6096354166666667 0.21481481481481482 0.020833333333333332 0.05416666666666667
0 0.66015625 0.1986111111111111 0.015104166666666667 0.02361111111111111
0 0.7177083333333333 0.175 0.0140625 0.023148148148148147
0 0.81484375 0.17083333333333334 0.012239583333333333 0.020370370370370372
0 0.8205729166666667 0.1439814814814815 0.017708333333333333 0.025
0 0.8611979166666667 0.0587962962962963 0.014583333333333334 0.024537037037037038
0 0.8497395833333333 0.023148148148148147 0.013020833333333334 0.020370370370370372
0 0.8309895833333333 0.3814814814814815 0.013541666666666667 0.029166666666666667
0 0.85546875 0.3537037037037037 0.01328125 0.027777777777777776
0 0.84609375 0.44675925925925924 0.013541666666666667 0.026851851851851852
0 0.8203125 0.45601851851851855 0.01640625 0.037037037037037035
0 0.8317708333333333 0.425 0.016666666666666666 0.021296296296296296
0 0.7083333333333334 0.45185185185185184 0.013541666666666667 0.01990740740740741
0 0.7528645833333333 0.7212962962962963 0.0140625 0.02361111111111111
0 0.36953125 0.1685185185185185 0.011197916666666667 0.018518518518518517
0 0.9424479166666667 0.6361111111111111 0.025260416666666667 0.050462962962962966
0 0.6442708333333333 0.3037037037037037 0.010416666666666666 0.017592592592592594
0 0.9614583333333333 0.4740740740740741 0.017447916666666667 0.03148148148148148
0 0.8604166666666667 0.2875 0.00859375 0.01712962962962963
