0 0.3416666666666667 0.31851851851851853 0.01484375 0.032407407407407406
0 0.32083333333333336 0.29953703703703705 0.012760416666666666 0.030555555555555555
0 0.37838541666666664 0.2490740740740741 0.015104166666666667 0.024074074074074074
0 0.37916666666666665 0.23148148148148148 0.01015625 0.023148148148148147
0 0.4140625 0.21342592592592594 0.014322916666666666 0.032407407407407406
0 0.41171875 0.34444444444444444 0.01015625 0.022685185185185187
0 0.48671875 0.4310185185185185 0.011979166666666667 0.024537037037037038
0 0.5609375 0.41574074074074074 0.01015625 0.023148148148148147
0 0.5986979166666667 0.2175925925925926 0.020833333333333332 0.05416666666666667
0 0.64375 0.20092592592592592 0.015885416666666666 0.025
0 0.7046875 0.1763888888888889 0.010677083333333334 0.023148148148148147
0 0.803125 0.17175925925925925 0.012760416666666666 0.021296296296296296
0 0.8072916666666666 0.14537037037037037 0.017708333333333333 0.025
0 0.8505208333333333 0.05694444444444444 0.014583333333333334 0.024537037037037038
0 0.8401041666666667 0.023148148148148147 0.013020833333333334 0.020370370370370372
0 0.8205729166666667 0.38796296296296295 0.014322916666666666 0.030555555555555555
0 0.8427083333333333 0.35509259259259257 0.01328125 0.027777777777777776
0 0.8309895833333333 0.4476851851851852 0.013541666666666667 0.026851851851851852
0 0.8091145833333333 0.4587962962962963 0.0171875 0.03888888888888889
0 0.8197916666666667 0.42592592592592593 0.016666666666666666 0.021296296296296296
0 0.6989583333333333 0.45231481481481484 0.014322916666666666 0.020833333333333332
0 0.7411458333333333 0.7231481481481481 0.0140625 0.02361111111111111
0 0.3645833333333333 0.17222222222222222 0.011197916666666667 0.018518518518518517
0 0.92734375 0.6333333333333333 0.01875 0.03981481481481482
0 0.9479166666666666 0.47638888888888886 0.018229166666666668 0.03287037037037037
0 0.84921875 0.2861111111111111 0.008072916666666667 0.016203703703703703
0 0.9924479166666667 0.4875 0.01171875 0.027777777777777776
