0 0.3177083333333333 0.31805555555555554 0.0140625 0.040740740740740744
0 0.29322916666666665 0.3037037037037037 0.015625 0.03796296296296296
0 0.35052083333333334 0.2462962962962963 0.015885416666666666 0.02546296296296296
0 0.34921875 0.23194444444444445 0.01015625 0.023148148148148147
0 0.38359375 0.21481481481481482 0.014322916666666666 0.032407407407407406
0 0.38385416666666666 0.34953703703703703 0.011979166666666667 0.024537037037037038
0 0.45729166666666665 0.4310185185185185 0.014322916666666666 0.028703703703703703
0 0.5338541666666666 0.41805555555555557 0.0125 0.025925925925925925
0 0.5708333333333333 0.22037037037037038 0.020833333333333332 0.05416666666666667
0 0.6151041666666667 0.2023148148148148 0.015104166666666667 0.02361111111111111
0 0.6752604166666667 0.18055555555555555 0.010677083333333334 0.023148148148148147
0 0.7752604166666667 0.17222222222222222 0.012760416666666666 0.027777777777777776
0 0.7802083333333333 0.14814814814814814 0.01953125 0.027777777777777776
0 0.8213541666666667 0.05092592592592592 0.014583333333333334 0.024537037037037038
0 0.8114583333333333 0.02638888888888889 0.01484375 0.025925925925925925
0 0.7911458333333333 0.38657407407407407 0.014322916666666666 0.030555555555555555
0 0.8151041666666666 0.3574074074074074 0.0140625 0.029166666666666667
0 0.8036458333333333 0.4513888888888889 0.013541666666666667 0.026851851851851852
0 0.7802083333333333 0.4634259259259259 0.0171875 0.03888888888888889
0 0.7916666666666666 0.43287037037037035 0.019010416666666665 0.02962962962962963
0 0.6713541666666667 0.44814814814814813 0.015625 0.033796296296296297
0 0.71171875 0.7268518518518519 0.018489583333333334 0.032407407407407406
0 0.3302083333333333 0.17083333333333334 0.01171875 0.019444444444444445
0 0.8979166666666667 0.6375 0.0265625 0.04351851851851852
0 0.9192708333333334 0.47962962962962963 0.019270833333333334 0.034722222222222224
0 0.8221354166666667 0.2884259259259259 0.008072916666666667 0.016203703703703703
0 0.9619791666666667 0.48657407407407405 0.01171875 0.027777777777777776
0 0.603125 0.3050925925925926 0.013020833333333334 0.015277777777777777
0 0.9893229166666667 0.3851851851851852 0.016927083333333332 0.0375
