0 0.3020833333333333 0.31666666666666665 0.01484375 0.04259259259259259
0 0.2791666666666667 0.3050925925925926 0.015625 0.03796296296296296
0 0.33359375 0.2462962962962963 0.015104166666666667 0.024074074074074074
0 0.3375 0.2300925925925926 0.01015625 0.023148148148148147
0 0.37213541666666666 0.21574074074074073 0.013541666666666667 0.031018518518518518
0 0.37057291666666664 0.34953703703703703 0.011979166666666667 0.024537037037037038
0 0.44192708333333336 0.43472222222222223 0.014322916666666666 0.028703703703703703
0 0.5177083333333333 0.4199074074074074 0.0125 0.025925925925925925
0 0.5572916666666666 0.22037037037037038 0.021875 0.05694444444444444
0 0.6020833333333333 0.20324074074074075 0.015104166666666667 0.032407407407407406
0 0.6619791666666667 0.18287037037037038 0.0125 0.03148148148148148
0 0.7598958333333333 0.17546296296296296 0.012760416666666666 0.027777777777777776
0 0.7658854166666667 0.14907407407407408 0.020572916666666666 0.029166666666666667
0 0.8046875 0.05416666666666667 0.014583333333333334 0.024537037037037038
0 0.7973958333333333 0.025925925925925925 0.01484375 0.025925925925925925
0 0.7807291666666667 0.3902777777777778 0.014322916666666666 0.030555555555555555
0 0.8028645833333333 0.35694444444444445 0.019010416666666665 0.03935185185185185
0 0.78984375 0.45185185185185184 0.013541666666666667 0.026851851851851852
0 0.7666666666666667 0.46435185185185185 0.011979166666666667 0.03333333333333333
0 0.778125 0.4361111111111111 0.020052083333333335 0.031018518518518518
0 0.66484375 0.44907407407407407 0.015625 0.033796296296296297
0 0.6989583333333333 0.7236111111111111 0.018489583333333334 0.032407407407407406
0 0.31484375 0.1712962962962963 0.01171875 0.019444444444444445
0 0.8822916666666667 0.6421296296296296 0.0265625 0.04351851851851852
0 0.90546875 0.48333333333333334 0.0203125 0.03657407407407407
0 0.8109375 0.2884259259259259 0.008072916666666667 0.016203703703703703
0 0.9473958333333333 0.48935185185185187 0.01484375 0.03425925925925926
0 0.60625 0.31157407407407406 0.013541666666666667 0.016203703703703703
0 0.9794270833333333 0.38287037037037036 0.017708333333333333 0.03935185185185185
