0 0.290625 0.31851851851851853 0.01484375 0.04259259259259259
0 0.26458333333333334 0.3060185185185185 0.015104166666666667 0.027777777777777776
0 0.31875 0.24814814814814815 0.016145833333333335 0.025
0 0.3234375 0.23194444444444445 0.01015625 0.023148148148148147
0 0.35651041666666666 0.2125 0.013020833333333334 0.02962962962962963
0 0.35625 0.3537037037037037 0.0125 0.025925925925925925
0 0.42864583333333334 0.43425925925925923 0.014322916666666666 0.028703703703703703
0 0.5057291666666667 0.41805555555555557 0.011979166666666667 0.024537037037037038
0 0.5416666666666666 0.21851851851851853 0.0109375 0.03981481481481482
0 0.5859375 0.20277777777777778 0.015885416666666666 0.03425925925925926
0 0.6458333333333334 0.1865740740740741 0.0125 0.03148148148148148
0 0.7471354166666667 0.17314814814814813 0.012760416666666666 0.027777777777777776
0 0.7502604166666667 0.15 0.0171875 0.031018518518518518
0 0.7916666666666666 0.05092592592592592 0.013802083333333333 0.023148148148148147
0 0.7838541666666666 0.025925925925925925 0.0140625 0.024537037037037038
0 0.76328125 0.3875 0.014322916666666666 0.030555555555555555
0 0.78671875 0.36064814814814816 0.020052083333333335 0.0412037037037037
0 0.7729166666666667 0.4546296296296296 0.013541666666666667 0.026851851851851852
0 0.7518229166666667 0.4652777777777778 0.01328125 0.027777777777777776
0 0.7638020833333333 0.4361111111111111 0.015364583333333333 0.02546296296296296
0 0.6419270833333334 0.45 0.01484375 0.032407407407407406
0 0.6856770833333333 0.7300925925925926 0.013802083333333333 0.02361111111111111
0 0.3015625 0.17222222222222222 0.01171875 0.019444444444444445
0 0.86796875 0.6439814814814815 0.0265625 0.04351851851851852
0 0.88984375 0.4847222222222222 0.02109375 0.038425925925925926
0 0.7953125 0.2884259259259259 0.0078125 0.015277777777777777
0 0.93359375 0.4935185185185185 0.015625 0.03611111111111111
0 0.5763020833333333 0.30462962962962964 0.010677083333333334 0.01574074074074074
0 0.96484375 0.38564814814814813 0.018489583333333334 0.0412037037037037
0 0.7895833333333333 0.2712962962962963 0.01015625 0.013425925925925926
0 0.6799479166666667 0.7180555555555556 0.009635416666666667 0.020370370370370372
