0 0.2703125 0.3189814814814815 0.01484375 0.04259259259259259
0 0.23854166666666668 0.3101851851851852 0.015885416666666666 0.029166666666666667
0 0.29375 0.25046296296296294 0.0125 0.02638888888888889
0 0.2986979166666667 0.2300925925925926 0.01015625 0.023148148148148147
0 0.33229166666666665 0.2152777777777778 0.013541666666666667 0.031018518518518518
0 0.3307291666666667 0.3587962962962963 0.0125 0.025925925925925925
0 0.40208333333333335 0.43333333333333335 0.014322916666666666 0.028703703703703703
0 0.47994791666666664 0.42268518518518516 0.0125 0.025925925925925925
0 0.51796875 0.21805555555555556 0.0109375 0.03981481481481482
0 0.5627604166666667 0.20462962962962963 0.016666666666666666 0.03611111111111111
0 0.621875 0.19212962962962962 0.011979166666666667 0.03009259259259259
0 0.7203125 0.1712962962962963 0.013020833333333334 0.022222222222222223
0 0.7265625 0.15185185185185185 0.015364583333333333 0.02175925925925926
0 0.7638020833333333 0.04953703703703704 0.010677083333333334 0.021296296296296296
0 0.75625 0.030555555555555555 0.01484375 0.025925925925925925
0 0.7440104166666667 0.39351851851851855 0.015104166666666667 0.03194444444444444
0 0.76171875 0.36203703703703705 0.022135416666666668 0.04537037037037037
0 0.7486979166666666 0.46064814814814814 0.013541666666666667 0.026851851851851852
0 0.7276041666666667 0.4671296296296296 0.0140625 0.029166666666666667
0 0.7403645833333333 0.4425925925925926 0.0109375 0.02546296296296296
0 0.6174479166666667 0.4476851851851852 0.015625 0.03425925925925926
0 0.66015625 0.7287037037037037 0.010416666666666666 0.022685185185185187
0 0.27630208333333334 0.1726851851851852 0.01171875 0.019444444444444445
0 0.8401041666666667 0.6416666666666667 0.0265625 0.03657407407407407
0 0.86484375 0.48333333333333334 0.018489583333333334 0.033796296296296297
0 0.7841145833333333 0.2898148148148148 0.007552083333333333 0.014351851851851852
0 0.9065104166666667 0.4898148148148148 0.01484375 0.03425925925925926
0 0.55390625 0.3189814814814815 0.011197916666666667 0.016666666666666666
0 0.9390625 0.387037037037037 0.018489583333333334 0.033796296296296297
0 0.7713541666666667 0.2875 0.011197916666666667 0.0125
0 0.65546875 0.7189814814814814 0.009635416666666667 0.020833333333333332
