0 0.2453125 0.31712962962962965 0.015364583333333333 0.03425925925925926
0 0.20963541666666666 0.30694444444444446 0.015885416666666666 0.029166666666666667
0 0.27265625 0.23472222222222222 0.009114583333333334 0.029166666666666667
0 0.26510416666666664 0.24537037037037038 0.01015625 0.023148148148148147
0 0.30104166666666665 0.21805555555555556 0.013541666666666667 0.031018518518518518
0 0.3020833333333333 0.36064814814814816 0.0125 0.025925925925925925
0 0.3731770833333333 0.43425925925925923 0.013541666666666667 0.027314814814814816
0 0.4515625 0.42314814814814816 0.0125 0.025925925925925925
0 0.48984375 0.21805555555555556 0.0109375 0.03981481481481482
0 0.5348958333333333 0.20416666666666666 0.015364583333333333 0.02824074074074074
0 0.5877604166666667 0.18796296296296297 0.011979166666666667 0.03009259259259259
0 0.6932291666666667 0.175 0.013541666666666667 0.023148148148148147
0 0.6971354166666667 0.15555555555555556 0.011197916666666667 0.02175925925925926
0 0.7356770833333334 0.04583333333333333 0.01015625 0.020370370370370372
0 0.7283854166666667 0.027314814814814816 0.0109375 0.020833333333333332
0 0.7140625 0.39166666666666666 0.016666666666666666 0.031018518518518518
0 0.7325520833333333 0.35833333333333334 0.01953125 0.03287037037037037
0 0.7190104166666667 0.462037037037037 0.010677083333333334 0.020370370370370372
0 0.7125 0.44583333333333336 0.011197916666666667 0.024074074074074074
0 0.7036458333333333 0.4652777777777778 0.0109375 0.02546296296296296
0 0.5893229166666667 0.4546296296296296 0.0140625 0.031018518518518518
0 0.63046875 0.7333333333333333 0.0140625 0.03009259259259259
0 0.24505208333333334 0.1763888888888889 0.011197916666666667 0.018518518518518517
0 0.81015625 0.6435185185185185 0.027864583333333335 0.038425925925925926
0 0.8354166666666667 0.48518518518518516 0.018489583333333334 0.033796296296296297
0 0.7450520833333333 0.2865740740740741 0.007552083333333333 0.012962962962962963
0 0.87734375 0.49907407407407406 0.0140625 0.032407407407407406
0 0.5252604166666667 0.32222222222222224 0.007291666666666667 0.011574074074074073
0 0.9119791666666667 0.3939814814814815 0.0203125 0.037037037037037035
0 0.7338541666666667 0.2712962962962963 0.011197916666666667 0.021296296296296296
0 0.62734375 0.7226851851851852 0.008854166666666666 0.01990740740740741
0 0.5205729166666667 0.3106481481481482 0.00546875 0.017592592592592594
0 0.9903645833333333 0.6125 0.01484375 0.03148148148148148
