0 0.23411458333333332 0.3189814814814815 0.016145833333333335 0.03611111111111111
0 0.19713541666666667 0.30833333333333335 0.016666666666666666 0.030555555555555555
0 0.25833333333333336 0.23194444444444445 0.0125 0.025
0 0.2513020833333333 0.24768518518518517 0.009635416666666667 0.022222222222222223
0 0.28880208333333335 0.21666666666666667 0.013541666666666667 0.031018518518518518
0 0.2877604166666667 0.36064814814814816 0.0125 0.025925925925925925
0 0.35989583333333336 0.4351851851851852 0.014322916666666666 0.028703703703703703
0 0.4354166666666667 0.42268518518518516 0.0125 0.025925925925925925
0 0.47552083333333334 0.2175925925925926 0.0109375 0.03981481481481482
0 0.5223958333333333 0.20416666666666666 0.015364583333333333 0.02824074074074074
0 0.5760416666666667 0.19444444444444445 0.011979166666666667 0.03009259259259259
0 0.6791666666666667 0.17685185185185184 0.012239583333333333 0.017592592592592594
0 0.6809895833333334 0.15601851851851853 0.0109375 0.02175925925925926
0 0.7174479166666666 0.050462962962962966 0.010677083333333334 0.021296296296296296
0 0.7153645833333333 0.02962962962962963 0.0109375 0.020833333333333332
0 0.7015625 0.39861111111111114 0.017447916666666667 0.032407407407407406
0 0.7166666666666667 0.36018518518518516 0.015625 0.02546296296296296
0 0.7041666666666667 0.4634259259259259 0.015104166666666667 0.024537037037037038
0 0.6997395833333333 0.449537037037037 0.01171875 0.01898148148148148
0 0.6895833333333333 0.4699074074074074 0.0109375 0.02546296296296296
0 0.5778645833333333 0.4537037037037037 0.0140625 0.031018518518518518
0 0.6182291666666667 0.7324074074074074 0.0140625 0.02546296296296296
0 0.23020833333333332 0.17731481481481481 0.011197916666666667 0.018518518518518517
0 0.7958333333333333 0.6486111111111111 0.029166666666666667 0.04027777777777778
0 0.81875 0.4875 0.018489583333333334 0.033796296296296297
0 0.73125 0.28703703703703703 0.007552083333333333 0.019444444444444445
0 0.8640625 0.49722222222222223 0.0140625 0.032407407407407406
0 0.51328125 0.3189814814814815 0.007552083333333333 0.012037037037037037
0 0.8989583333333333 0.39490740740740743 0.021354166666666667 0.03935185185185185
0 0.721875 0.2722222222222222 0.011458333333333333 0.016666666666666666
0 0.6127604166666667 0.7199074074074074 0.008854166666666666 0.01990740740740741
0 0.5057291666666667 0.3111111111111111 0.005729166666666666 0.018518518518518517
0 0.9768229166666667 0.6157407407407407 0.0140625 0.03009259259259259
0 0.6611979166666667 0.3074074074074074 0.00546875 0.015277777777777777
