0 0.22395833333333334 0.32037037037037036 0.016927083333333332 0.03796296296296296
0 0.18541666666666667 0.30833333333333335 0.017447916666666667 0.03194444444444444
0 0.24661458333333333 0.23194444444444445 0.013020833333333334 0.02638888888888889
0 0.24036458333333333 0.2449074074074074 0.009635416666666667 0.03194444444444444
0 0.27630208333333334 0.21296296296296297 0.013541666666666667 0.031018518518518518
0 0.27734375 0.362962962962963 0.013020833333333334 0.027314814814814816
0 0.3489583333333333 0.4388888888888889 0.013541666666666667 0.027314814814814816
0 0.42526041666666664 0.42268518518518516 0.013020833333333334 0.027314814814814816
0 0.4635416666666667 0.21574074074074073 0.010416666666666666 0.03796296296296296
0 0.5096354166666667 0.2050925925925926 0.015364583333333333 0.02824074074074074
0 0.5661458333333333 0.19537037037037036 0.011458333333333333 0.028703703703703703
0 0.66953125 0.17546296296296296 0.012239583333333333 0.017592592592592594
0 0.6713541666666667 0.1550925925925926 0.011458333333333333 0.022685185185185187
0 0.7091145833333333 0.047685185185185185 0.010677083333333334 0.021296296296296296
0 0.7033854166666667 0.02824074074074074 0.010416666666666666 0.01990740740740741
0 0.6921875 0.4013888888888889 0.018229166666666668 0.03425925925925926
0 0.7078125 0.3648148148148148 0.015625 0.02546296296296296
0 0.67890625 0.46805555555555556 0.012760416666666666 0.021296296296296296
0 0.68828125 0.4513888888888889 0.01171875 0.01898148148148148
0 0.6921875 0.46296296296296297 0.0109375 0.02546296296296296
0 0.565625 0.45185185185185184 0.01328125 0.02962962962962963
0 0.6059895833333333 0.7324074074074074 0.017447916666666667 0.026851851851851852
0 0.21822916666666667 0.17592592592592593 0.011197916666666667 0.018518518518518517
0 0.7846354166666667 0.6462962962962963 0.029166666666666667 0.04027777777777778
0 0.8065104166666667 0.4888888888888889 0.01953125 0.03564814814814815
0 0.7192708333333333 0.2861111111111111 0.0078125 0.020370370370370372
0 0.85 0.4949074074074074 0.01484375 0.03425925925925926
0 0.5002604166666667 0.3175925925925926 0.0078125 0.0125
0 0.8880208333333334 0.3958333333333333 0.021354166666666667 0.03935185185185185
0 0.7111979166666667 0.27175925925925926 0.011458333333333333 0.016666666666666666
0 0.6028645833333334 0.7240740740740741 0.008854166666666666 0.01990740740740741
0 0.4934895833333333 0.31157407407407406 0.005729166666666666 0.018518518518518517
0 0.9658854166666667 0.6166666666666667 0.017708333333333333 0.03148148148148148
0 0.6572916666666667 0.30277777777777776 0.00546875 0.015277777777777777
