0 0.21197916666666666 0.3199074074074074 0.017708333333333333 0.03981481481481482
0 0.16953125 0.30648148148148147 0.016666666666666666 0.030555555555555555
0 0.23307291666666666 0.23194444444444445 0.01328125 0.02638888888888889
0 0.22734375 0.24675925925925926 0.009635416666666667 0.03194444444444444
0 0.26223958333333336 0.21342592592592594 0.013541666666666667 0.031018518518518518
0 0.26197916666666665 0.362962962962963 0.013020833333333334 0.027314814814814816
0 0.3328125 0.4393518518518518 0.013020833333333334 0.025925925925925925
0 0.4109375 0.4199074074074074 0.013802083333333333 0.028703703703703703
0 0.45 0.21712962962962962 0.010416666666666666 0.03796296296296296
0 0.49635416666666665 0.20601851851851852 0.014583333333333334 0.026851851851851852
0 0.5497395833333333 0.1986111111111111 0.011458333333333333 0.028703703703703703
0 0.65546875 0.17731481481481481 0.01171875 0.025
0 0.6588541666666666 0.15601851851851853 0.011458333333333333 0.022685185185185187
0 0.69609375 0.047685185185185185 0.008333333333333333 0.01574074074074074
0 0.6890625 0.030555555555555555 0.010416666666666666 0.01990740740740741
0 0.67578125 0.4009259259259259 0.017447916666666667 0.032407407407407406
0 0.69140625 0.36527777777777776 0.015625 0.02546296296296296
0 0.6640625 0.47129629629629627 0.012239583333333333 0.020370370370370372
0 0.6755208333333333 0.45231481481481484 0.01171875 0.01898148148148148
0 0.6783854166666666 0.46574074074074073 0.0109375 0.02546296296296296
0 0.5510416666666667 0.4532407407407407 0.01328125 0.03935185185185185
0 0.5934895833333333 0.7351851851851852 0.012760416666666666 0.03148148148148148
0 0.7684895833333333 0.6462962962962963 0.026302083333333334 0.034722222222222224
0 0.79375 0.4837962962962963 0.01953125 0.03564814814814815
0 0.6958333333333333 0.2712962962962963 0.0078125 0.020370370370370372
0 0.83515625 0.49722222222222223 0.01484375 0.03425925925925926
0 0.4875 0.31666666666666665 0.008072916666666667 0.012962962962962963
0 0.875 0.3972222222222222 0.022395833333333334 0.0412037037037037
0 0.70703125 0.2861111111111111 0.011197916666666667 0.01898148148148148
0 0.58671875 0.725462962962963 0.008333333333333333 0.01898148148148148
0 0.4786458333333333 0.3138888888888889 0.005729166666666666 0.018518518518518517
0 0.9505208333333334 0.6175925925925926 0.016927083333333332 0.03009259259259259
0 0.20234375 0.17916666666666667 0.01328125 0.02361111111111111
