0 0.1984375 0.31574074074074077 0.014322916666666666 0.027314814814814816
0 0.15755208333333334 0.3060185185185185 0.017447916666666667 0.03194444444444444
0 0.21875 0.23055555555555557 0.012760416666666666 0.025
0 0.21458333333333332 0.2462962962962963 0.009114583333333334 0.030555555555555555
0 0.24921875 0.2162037037037037 0.014322916666666666 0.032407407407407406
0 0.24947916666666667 0.3638888888888889 0.013020833333333334 0.027314814814814816
0 0.31666666666666665 0.4439814814814815 0.013020833333333334 0.025925925925925925
0 0.39557291666666666 0.42453703703703705 0.014583333333333334 0.03009259259259259
0 0.43723958333333335 0.21851851851851853 0.009895833333333333 0.03611111111111111
0 0.48151041666666666 0.2064814814814815 0.014583333333333334 0.026851851851851852
0 0.5356770833333333 0.2 0.011458333333333333 0.028703703703703703
0 0.6421875 0.17824074074074073 0.013020833333333334 0.025
0 0.64375 0.15462962962962962 0.011979166666666667 0.02361111111111111
0 0.68359375 0.04814814814814815 0.008333333333333333 0.01574074074074074
0 0.6760416666666667 0.02962962962962963 0.010416666666666666 0.01990740740740741
0 0.66484375 0.40555555555555556 0.018229166666666668 0.03425925925925926
0 0.678125 0.3638888888888889 0.01484375 0.024074074074074074
0 0.6505208333333333 0.47175925925925927 0.016927083333333332 0.020370370370370372
0 0.66015625 0.45555555555555555 0.011197916666666667 0.018055555555555554
0 0.6630208333333333 0.47129629629629627 0.0109375 0.02546296296296296
0 0.5372395833333333 0.4546296296296296 0.01328125 0.03935185185185185
0 0.58125 0.7347222222222223 0.013020833333333334 0.022685185185185187
0 0.75546875 0.6430555555555556 0.026302083333333334 0.034722222222222224
0 0.7786458333333334 0.4898148148148148 0.020572916666666666 0.0375
0 0.6817708333333333 0.2712962962962963 0.0078125 0.020370370370370372
0 0.8203125 0.4912037037037037 0.015625 0.03611111111111111
0 0.4739583333333333 0.31203703703703706 0.008072916666666667 0.012962962962962963
0 0.8609375 0.4009259259259259 0.023697916666666666 0.043055555555555555
0 0.69296875 0.2833333333333333 0.011197916666666667 0.01898148148148148
0 0.5739583333333333 0.7240740740740741 0.008333333333333333 0.01898148148148148
0 0.46510416666666665 0.3148148148148148 0.00703125 0.018518518518518517
0 0.9369791666666667 0.6194444444444445 0.017708333333333333 0.03148148148148148
0 0.9885416666666667 0.47638888888888886 0.012239583333333333 0.02546296296296296
0 0.9890625 0.1597222222222222 0.015364583333333333 0.02962962962962963
0 0.190625 0.17916666666666667 0.01484375 0.02361111111111111
