0 0.497265625 0.49166666666666664 0.013671875 0.02013888888888889
0 0.50390625 0.46944444444444444 0.00859375 0.02361111111111111
0 0.516796875 0.49166666666666664 0.0125 0.022916666666666665
0 0.566015625 0.39444444444444443 0.012109375 0.027777777777777776
0 0.515234375 0.36319444444444443 0.01875 0.025
0 0.514453125 0.3263888888888889 0.014453125 0.024305555555555556
0 0.477734375 0.4131944444444444 0.01171875 0.016666666666666666
0 0.59453125 0.5270833333333333 0.024609375 0.027083333333333334
0 0.602734375 0.49930555555555556 0.009375 0.034027777777777775
0 0.58984375 0.6263888888888889 0.01484375 0.02361111111111111
0 0.714453125 0.6694444444444444 0.015234375 0.027777777777777776
0 0.71953125 0.6493055555555556 0.011328125 0.027777777777777776
0 0.5765625 0.6305555555555555 0.009765625 0.02361111111111111
0 0.668359375 0.9006944444444445 0.024609375 0.03194444444444444
0 0.67578125 0.9201388888888888 0.0140625 0.034722222222222224
0 0.66328125 0.9201388888888888 0.017578125 0.029166666666666667
1 0.95078125 0.21805555555555556 0.097265625 0.08958333333333333
0 0.85078125 0.5076388888888889 0.02265625 0.022222222222222223
0 0.85234375 0.5229166666666667 0.028515625 0.025694444444444443
0 0.862890625 0.6243055555555556 0.023828125 0.035416666666666666
0 0.873828125 0.6152777777777778 0.0171875 0.019444444444444445
