0 0.495703125 0.4895833333333333 0.015234375 0.029861111111111113
0 0.492578125 0.4652777777777778 0.01171875 0.022222222222222223
0 0.512109375 0.48194444444444445 0.0140625 0.027777777777777776
0 0.56328125 0.38958333333333334 0.021875 0.027777777777777776
0 0.5078125 0.3659722222222222 0.0234375 0.030555555555555555
0 0.53359375 0.33958333333333335 0.013671875 0.022916666666666665
0 0.471484375 0.42916666666666664 0.01640625 0.029166666666666667
0 0.59375 0.5180555555555556 0.016015625 0.02847222222222222
0 0.602734375 0.4986111111111111 0.01328125 0.03263888888888889
0 0.596484375 0.6263888888888889 0.015625 0.034722222222222224
0 0.719140625 0.6798611111111111 0.014453125 0.02638888888888889
0 0.721484375 0.6520833333333333 0.011328125 0.027777777777777776
0 0.5765625 0.6444444444444445 0.009765625 0.02361111111111111
0 0.65859375 0.9173611111111111 0.0234375 0.030555555555555555
0 0.66328125 0.925 0.01328125 0.03333333333333333
0 0.655078125 0.925 0.018359375 0.030555555555555555
1 0.953125 0.21319444444444444 0.092578125 0.08541666666666667
0 0.851953125 0.5055555555555555 0.02265625 0.022222222222222223
0 0.85078125 0.5159722222222223 0.027734375 0.025694444444444443
0 0.866796875 0.6201388888888889 0.023828125 0.035416666666666666
0 0.8765625 0.6083333333333333 0.0171875 0.019444444444444445
