0 0.498046875 0.49236111111111114 0.013671875 0.02013888888888889
0 0.49765625 0.4673611111111111 0.01171875 0.022222222222222223
0 0.5171875 0.4861111111111111 0.0140625 0.035416666666666666
0 0.563671875 0.3909722222222222 0.02578125 0.027777777777777776
0 0.5109375 0.36319444444444443 0.016796875 0.027777777777777776
0 0.53046875 0.3388888888888889 0.014453125 0.024305555555555556
0 0.473046875 0.4263888888888889 0.015625 0.027777777777777776
0 0.590625 0.5222222222222223 0.015234375 0.027083333333333334
0 0.600390625 0.49722222222222223 0.01328125 0.03263888888888889
0 0.594140625 0.6277777777777778 0.01484375 0.03333333333333333
0 0.719140625 0.6784722222222223 0.014453125 0.02638888888888889
0 0.721484375 0.6534722222222222 0.011328125 0.027777777777777776
0 0.574609375 0.6430555555555556 0.01015625 0.025
0 0.658203125 0.9159722222222222 0.024609375 0.03194444444444444
0 0.66484375 0.9277777777777778 0.01328125 0.03333333333333333
0 0.65625 0.925 0.018359375 0.030555555555555555
1 0.95078125 0.2125 0.097265625 0.08958333333333333
0 0.853125 0.5041666666666667 0.02265625 0.022222222222222223
0 0.853515625 0.5152777777777777 0.027734375 0.025694444444444443
0 0.86640625 0.6215277777777778 0.023828125 0.035416666666666666
0 0.876171875 0.6090277777777777 0.0171875 0.019444444444444445
