0 0.498828125 0.49166666666666664 0.013671875 0.02013888888888889
0 0.5 0.4666666666666667 0.0125 0.02361111111111111
0 0.518359375 0.4798611111111111 0.01484375 0.03680555555555556
0 0.56484375 0.3902777777777778 0.0109375 0.025
0 0.516015625 0.36041666666666666 0.016796875 0.027777777777777776
0 0.53359375 0.3388888888888889 0.014453125 0.024305555555555556
0 0.473828125 0.4263888888888889 0.01484375 0.02638888888888889
0 0.596484375 0.5256944444444445 0.015234375 0.027083333333333334
0 0.60390625 0.49722222222222223 0.009375 0.034027777777777775
0 0.594140625 0.6236111111111111 0.01484375 0.02361111111111111
0 0.715625 0.6770833333333334 0.015234375 0.027777777777777776
0 0.71953125 0.6486111111111111 0.011328125 0.027777777777777776
0 0.573046875 0.6465277777777778 0.009765625 0.02361111111111111
0 0.659765625 0.9090277777777778 0.024609375 0.03194444444444444
0 0.666796875 0.9208333333333333 0.01328125 0.03333333333333333
0 0.657421875 0.9180555555555555 0.017578125 0.029166666666666667
1 0.95078125 0.21597222222222223 0.097265625 0.08958333333333333
0 0.85234375 0.50625 0.02265625 0.022222222222222223
0 0.851953125 0.5166666666666667 0.028515625 0.025694444444444443
0 0.865234375 0.6208333333333333 0.023828125 0.035416666666666666
0 0.87734375 0.60625 0.0171875 0.019444444444444445
