0 0.498828125 0.49375 0.013671875 0.02013888888888889
0 0.5 0.4673611111111111 0.0125 0.02361111111111111
0 0.516796875 0.48541666666666666 0.0140625 0.035416666666666666
0 0.56328125 0.38958333333333334 0.02578125 0.027777777777777776
0 0.51328125 0.36319444444444443 0.016796875 0.027777777777777776
0 0.533203125 0.33958333333333335 0.014453125 0.024305555555555556
0 0.47265625 0.42569444444444443 0.015625 0.027777777777777776
0 0.592578125 0.5236111111111111 0.015234375 0.027083333333333334
0 0.598828125 0.4986111111111111 0.01328125 0.03263888888888889
0 0.59375 0.6222222222222222 0.01484375 0.02361111111111111
0 0.71796875 0.6777777777777778 0.014453125 0.02638888888888889
0 0.719140625 0.6513888888888889 0.01171875 0.029166666666666667
0 0.576953125 0.6430555555555556 0.01015625 0.025
0 0.661328125 0.9152777777777777 0.024609375 0.03194444444444444
0 0.6609375 0.9180555555555555 0.01328125 0.03333333333333333
0 0.656640625 0.9215277777777777 0.017578125 0.029166666666666667
1 0.951171875 0.21388888888888888 0.097265625 0.08958333333333333
0 0.851171875 0.5006944444444444 0.02265625 0.022222222222222223
0 0.850390625 0.5173611111111112 0.027734375 0.025694444444444443
0 0.867578125 0.6215277777777778 0.023828125 0.035416666666666666
0 0.87578125 0.6090277777777777 0.0171875 0.019444444444444445
