0 0.49921875 0.49375 0.013671875 0.02013888888888889
0 0.50546875 0.46875 0.00859375 0.02361111111111111
0 0.517578125 0.48125 0.015625 0.03888888888888889
0 0.56640625 0.39375 0.01171875 0.02638888888888889
0 0.514453125 0.3611111111111111 0.016015625 0.02638888888888889
0 0.53125 0.3375 0.014453125 0.024305555555555556
0 0.474609375 0.42430555555555555 0.01484375 0.02638888888888889
0 0.59765625 0.5284722222222222 0.015234375 0.027083333333333334
0 0.602734375 0.5 0.009375 0.034027777777777775
0 0.594140625 0.6256944444444444 0.01484375 0.02361111111111111
0 0.716015625 0.6770833333333334 0.015234375 0.027777777777777776
0 0.719140625 0.6513888888888889 0.011328125 0.027777777777777776
0 0.5765625 0.6347222222222222 0.009765625 0.02361111111111111
0 0.660546875 0.9097222222222222 0.024609375 0.03194444444444444
0 0.66796875 0.9236111111111112 0.01328125 0.03333333333333333
0 0.657421875 0.9208333333333333 0.017578125 0.029166666666666667
1 0.951171875 0.2152777777777778 0.097265625 0.08958333333333333
0 0.851171875 0.5090277777777777 0.02265625 0.022222222222222223
0 0.851953125 0.5208333333333334 0.028515625 0.025694444444444443
0 0.865625 0.6215277777777778 0.023828125 0.035416666666666666
0 0.87734375 0.6083333333333333 0.0171875 0.019444444444444445
