0 0.4984375 0.4909722222222222 0.013671875 0.02013888888888889
0 0.500390625 0.4673611111111111 0.0125 0.02361111111111111
0 0.519140625 0.48194444444444445 0.01484375 0.03680555555555556
0 0.56171875 0.3902777777777778 0.0109375 0.025
0 0.51484375 0.36041666666666666 0.016796875 0.027777777777777776
0 0.533984375 0.3388888888888889 0.014453125 0.024305555555555556
0 0.4734375 0.4270833333333333 0.015625 0.027777777777777776
0 0.593359375 0.525 0.015234375 0.027083333333333334
0 0.60234375 0.4986111111111111 0.008984375 0.03263888888888889
0 0.592578125 0.6222222222222222 0.01484375 0.02361111111111111
0 0.7171875 0.6763888888888889 0.015234375 0.027777777777777776
0 0.719921875 0.6486111111111111 0.01171875 0.029166666666666667
0 0.573828125 0.6416666666666667 0.009765625 0.02361111111111111
0 0.6609375 0.9104166666666667 0.024609375 0.03194444444444444
0 0.66640625 0.9194444444444444 0.01328125 0.03333333333333333
0 0.6578125 0.91875 0.017578125 0.029166666666666667
1 0.95078125 0.2152777777777778 0.097265625 0.08958333333333333
0 0.85234375 0.50625 0.02265625 0.022222222222222223
0 0.85234375 0.5166666666666667 0.028515625 0.025694444444444443
0 0.866796875 0.6208333333333333 0.023828125 0.035416666666666666
0 0.876953125 0.6083333333333333 0.0171875 0.019444444444444445
