0 0.4953125 0.49027777777777776 0.015234375 0.029861111111111113
0 0.4921875 0.4638888888888889 0.01171875 0.022222222222222223
0 0.51328125 0.48333333333333334 0.0140625 0.027777777777777776
0 0.55859375 0.3888888888888889 0.023046875 0.029166666666666667
0 0.5109375 0.36736111111111114 0.0234375 0.030555555555555555
0 0.53671875 0.34097222222222223 0.013671875 0.022916666666666665
0 0.470703125 0.43125 0.01640625 0.029166666666666667
0 0.59453125 0.5180555555555556 0.016015625 0.02847222222222222
0 0.601953125 0.4979166666666667 0.01328125 0.03263888888888889
0 0.5921875 0.6208333333333333 0.018359375 0.03680555555555556
0 0.71875 0.6763888888888889 0.014453125 0.02638888888888889
0 0.72265625 0.6520833333333333 0.01171875 0.029166666666666667
0 0.658984375 0.9152777777777777 0.0234375 0.030555555555555555
0 0.662890625 0.9236111111111112 0.01328125 0.03333333333333333
0 0.654296875 0.9222222222222223 0.017578125 0.029166666666666667
1 0.952734375 0.21319444444444444 0.092578125 0.08541666666666667
0 0.8515625 0.5055555555555555 0.02265625 0.022222222222222223
0 0.851171875 0.5145833333333333 0.027734375 0.025694444444444443
0 0.86953125 0.6201388888888889 0.023828125 0.035416666666666666
0 0.878515625 0.6083333333333333 0.0171875 0.019444444444444445
