0 0.516796875 0.3263888888888889 0.034375 0.03263888888888889
0 0.513671875 0.3590277777777778 0.016015625 0.029861111111111113
0 0.4734375 0.42083333333333334 0.01640625 0.025694444444444443
0 0.496875 0.49375 0.01015625 0.02361111111111111
0 0.50078125 0.4708333333333333 0.010546875 0.016666666666666666
0 0.51640625 0.49236111111111114 0.01171875 0.018055555555555554
0 0.519140625 0.47847222222222224 0.0171875 0.018055555555555554
0 0.565234375 0.39305555555555555 0.01328125 0.04791666666666667
0 0.601953125 0.49375 0.0140625 0.034722222222222224
0 0.5953125 0.5284722222222222 0.014453125 0.022916666666666665
0 0.58984375 0.6354166666666666 0.016015625 0.030555555555555555
0 0.576953125 0.6326388888888889 0.012109375 0.02361111111111111
0 0.6640625 0.9020833333333333 0.021875 0.03333333333333333
0 0.670703125 0.9194444444444444 0.014453125 0.03611111111111111
0 0.656640625 0.925 0.013671875 0.025694444444444443
0 0.71484375 0.6597222222222222 0.011328125 0.022916666666666665
0 0.715625 0.6763888888888889 0.011328125 0.019444444444444445
0 0.86171875 0.6277777777777778 0.025 0.03263888888888889
0 0.8703125 0.6111111111111112 0.017578125 0.025694444444444443
0 0.851953125 0.5201388888888889 0.023828125 0.019444444444444445
0 0.85 0.50625 0.023046875 0.020833333333333332
1 0.948046875 0.2152777777777778 0.103125 0.08541666666666667
