0 0.526171875 0.33541666666666664 0.034375 0.03263888888888889
0 0.515234375 0.35694444444444445 0.016015625 0.029861111111111113
0 0.475 0.42291666666666666 0.01640625 0.025694444444444443
0 0.498046875 0.49722222222222223 0.01015625 0.02361111111111111
0 0.501171875 0.47152777777777777 0.010546875 0.016666666666666666
0 0.519140625 0.49375 0.01171875 0.018055555555555554
0 0.519921875 0.49236111111111114 0.019921875 0.020833333333333332
0 0.566796875 0.39166666666666666 0.01328125 0.04791666666666667
0 0.601171875 0.49236111111111114 0.01484375 0.03611111111111111
0 0.594921875 0.5291666666666667 0.016015625 0.025
0 0.593359375 0.6347222222222222 0.016015625 0.030555555555555555
0 0.576953125 0.6354166666666666 0.01171875 0.022222222222222223
0 0.662109375 0.9131944444444444 0.021875 0.03333333333333333
0 0.6671875 0.9243055555555556 0.014453125 0.03611111111111111
0 0.655859375 0.9298611111111111 0.013671875 0.025694444444444443
0 0.719140625 0.6555555555555556 0.01171875 0.024305555555555556
0 0.714453125 0.6777777777777778 0.011328125 0.019444444444444445
0 0.865234375 0.6263888888888889 0.025 0.03263888888888889
0 0.865234375 0.6194444444444445 0.017578125 0.025694444444444443
0 0.849609375 0.5201388888888889 0.023828125 0.019444444444444445
0 0.848828125 0.5097222222222222 0.023046875 0.020833333333333332
1 0.948046875 0.22013888888888888 0.103125 0.08541666666666667
