0 0.5265625 0.33611111111111114 0.034375 0.03263888888888889
0 0.515625 0.3597222222222222 0.016015625 0.029861111111111113
0 0.47421875 0.4201388888888889 0.01640625 0.025694444444444443
0 0.49921875 0.49444444444444446 0.01015625 0.02361111111111111
0 0.503515625 0.46875 0.0109375 0.017361111111111112
0 0.521484375 0.49375 0.01171875 0.018055555555555554
0 0.521875 0.49444444444444446 0.020703125 0.022222222222222223
0 0.56640625 0.39305555555555555 0.0125 0.04583333333333333
0 0.601171875 0.4930555555555556 0.01484375 0.03611111111111111
0 0.595703125 0.5284722222222222 0.016015625 0.025
0 0.59296875 0.63125 0.016015625 0.030555555555555555
0 0.57734375 0.6354166666666666 0.0109375 0.021527777777777778
0 0.66015625 0.9131944444444444 0.021875 0.03333333333333333
0 0.664453125 0.9229166666666667 0.014453125 0.03611111111111111
0 0.65390625 0.9277777777777778 0.013671875 0.025694444444444443
0 0.718359375 0.6555555555555556 0.0125 0.025
0 0.71328125 0.6763888888888889 0.011328125 0.019444444444444445
0 0.865625 0.6263888888888889 0.025 0.03263888888888889
0 0.868359375 0.6215277777777778 0.017578125 0.025694444444444443
0 0.849609375 0.5180555555555556 0.023828125 0.019444444444444445
0 0.84921875 0.5083333333333333 0.023046875 0.020833333333333332
1 0.9484375 0.21736111111111112 0.103125 0.08541666666666667
