0 0.53046875 0.32916666666666666 0.018359375 0.03125
0 0.513671875 0.3590277777777778 0.016015625 0.029861111111111113
0 0.474609375 0.41944444444444445 0.01640625 0.025694444444444443
0 0.500390625 0.49375 0.01015625 0.02361111111111111
0 0.50390625 0.47152777777777777 0.0109375 0.017361111111111112
0 0.521875 0.49375 0.012109375 0.01875
0 0.521484375 0.49166666666666664 0.019921875 0.020833333333333332
0 0.56953125 0.38819444444444445 0.020703125 0.043055555555555555
0 0.603125 0.49444444444444446 0.01484375 0.03611111111111111
0 0.595703125 0.5284722222222222 0.015234375 0.024305555555555556
0 0.5953125 0.6284722222222222 0.016015625 0.030555555555555555
0 0.57890625 0.6347222222222222 0.0109375 0.021527777777777778
0 0.660546875 0.9138888888888889 0.021875 0.03333333333333333
0 0.665234375 0.9236111111111112 0.014453125 0.03611111111111111
0 0.653515625 0.9298611111111111 0.013671875 0.025694444444444443
0 0.719140625 0.6576388888888889 0.0125 0.025
0 0.713671875 0.6756944444444445 0.011328125 0.019444444444444445
0 0.866796875 0.6243055555555556 0.025 0.03263888888888889
0 0.868359375 0.6201388888888889 0.017578125 0.025694444444444443
0 0.8515625 0.5180555555555556 0.025 0.02013888888888889
0 0.850390625 0.5104166666666666 0.023046875 0.020833333333333332
1 0.948046875 0.2152777777777778 0.103125 0.08541666666666667
