1 0.369140625 0.9131944444444444 0.09765625 0.16944444444444445
1 0.437890625 0.9291666666666667 0.055078125 0.12777777777777777
1 0.171875 0.6743055555555556 0.163671875 0.6673611111111111
1 0.25 0.6840277777777778 0.06328125 0.3229166666666667
1 0.210546875 0.8048611111111111 0.057421875 0.07152777777777777
1 0.178125 0.7951388888888888 0.100390625 0.10069444444444445
1 0.0515625 0.8951388888888889 0.184765625 0.23055555555555557
1 0.127734375 0.7173611111111111 0.030859375 0.03888888888888889
1 0.363671875 0.6736111111111112 0.04609375 0.03958333333333333
1 0.46328125 0.7048611111111112 0.043359375 0.06111111111111111
1 0.450390625 0.8145833333333333 0.03984375 0.07847222222222222
1 0.337109375 0.6548611111111111 0.040234375 0.04513888888888889
1 0.01328125 0.7743055555555556 0.025 0.06180555555555556
