1 0.389453125 0.8798611111111111 0.077734375 0.16597222222222222
1 0.45546875 0.8840277777777777 0.040625 0.10555555555555556
1 0.21015625 0.6743055555555556 0.140625 0.6291666666666667
1 0.27578125 0.6486111111111111 0.06328125 0.3229166666666667
1 0.232421875 0.775 0.057421875 0.07152777777777777
1 0.2078125 0.7583333333333333 0.089453125 0.09375
1 0.089453125 0.8645833333333334 0.184765625 0.23055555555555557
1 0.165234375 0.69375 0.030859375 0.03888888888888889
1 0.01484375 0.6423611111111112 0.0125 0.02361111111111111
1 0.3765625 0.6458333333333334 0.03984375 0.04027777777777778
1 0.480859375 0.6888888888888889 0.04140625 0.058333333333333334
1 0.469921875 0.7854166666666667 0.03984375 0.07847222222222222
1 0.348828125 0.6340277777777777 0.03828125 0.043055555555555555
1 0.048828125 0.7486111111111111 0.033984375 0.07361111111111111
1 0.089453125 0.6520833333333333 0.0171875 0.029166666666666667
