1 0.3515625 0.9291666666666667 0.09765625 0.16944444444444445
1 0.425 0.9354166666666667 0.055078125 0.12777777777777777
1 0.226171875 0.6701388888888888 0.08203125 0.38263888888888886
1 0.179296875 0.8131944444444444 0.084375 0.09236111111111112
1 0.149609375 0.7930555555555555 0.1171875 0.11527777777777778
1 0.016796875 0.9034722222222222 0.184765625 0.23055555555555557
1 0.0921875 0.7152777777777778 0.032421875 0.04097222222222222
1 0.345703125 0.6701388888888888 0.0484375 0.041666666666666664
1 0.462890625 0.7111111111111111 0.043359375 0.06111111111111111
1 0.446875 0.8236111111111111 0.041796875 0.08263888888888889
1 0.31640625 0.6541666666666667 0.040234375 0.04513888888888889
1 0.151953125 0.6513888888888889 0.153125 0.69375
