1 0.455078125 0.7958333333333333 0.06484375 0.125
1 0.50234375 0.79375 0.03203125 0.08472222222222223
1 0.311328125 0.6298611111111111 0.0953125 0.4986111111111111
1 0.34609375 0.6055555555555555 0.04921875 0.2673611111111111
1 0.312109375 0.7090277777777778 0.0546875 0.06805555555555555
1 0.289453125 0.6986111111111111 0.06328125 0.08472222222222223
1 0.207421875 0.7722222222222223 0.13828125 0.2361111111111111
1 0.1484375 0.6840277777777778 0.028515625 0.04861111111111111
1 0.10078125 0.69375 0.036328125 0.05555555555555555
1 0.038671875 0.6638888888888889 0.02578125 0.05416666666666667
1 0.032421875 0.63125 0.0234375 0.03819444444444445
1 0.0265625 0.6083333333333333 0.01796875 0.02638888888888889
1 0.01328125 0.6416666666666667 0.026953125 0.09027777777777778
1 0.263671875 0.6381944444444444 0.0265625 0.025694444444444443
1 0.1625 0.5979166666666667 0.019921875 0.02638888888888889
1 0.097265625 0.5854166666666667 0.01328125 0.025
1 0.41484375 0.5958333333333333 0.03984375 0.04027777777777778
1 0.505859375 0.6284722222222222 0.035546875 0.03819444444444445
1 0.502734375 0.71875 0.032421875 0.06736111111111111
1 0.393359375 0.5798611111111112 0.036328125 0.04097222222222222
