0 0.169921875 0.9347222222222222 0.0203125 0.03125
0 0.17890625 0.9416666666666667 0.017578125 0.02638888888888889
0 0.48515625 0.7597222222222222 0.00859375 0.024305555555555556
0 0.49375 0.7569444444444444 0.009375 0.025694444444444443
0 0.496875 0.76875 0.0125 0.03611111111111111
0 0.628125 0.8173611111111111 0.0125 0.041666666666666664
0 0.635546875 0.8138888888888889 0.0125 0.04375
0 0.646484375 0.8090277777777778 0.012109375 0.04027777777777778
0 0.65546875 0.8069444444444445 0.011328125 0.035416666666666666
0 0.665234375 0.8097222222222222 0.009375 0.03819444444444445
0 0.675390625 0.7909722222222222 0.013671875 0.017361111111111112
0 0.58671875 0.5513888888888889 0.0171875 0.015277777777777777
0 0.59296875 0.5618055555555556 0.0140625 0.018055555555555554
0 0.63984375 0.5277777777777778 0.012890625 0.027083333333333334
0 0.58046875 0.45694444444444443 0.009765625 0.017361111111111112
0 0.605859375 0.4576388888888889 0.007421875 0.01875
0 0.612890625 0.4388888888888889 0.02109375 0.016666666666666666
0 0.652734375 0.45555555555555555 0.009765625 0.02361111111111111
0 0.6515625 0.4840277777777778 0.014453125 0.021527777777777778
1 0.9546875 0.7826388888888889 0.08984375 0.16041666666666668
