0 0.052734375 0.9819444444444444 0.020703125 0.022916666666666665
0 0.436328125 0.8736111111111111 0.0125 0.03333333333333333
0 0.3765625 0.9784722222222222 0.012109375 0.03611111111111111
0 0.566796875 0.8618055555555556 0.010546875 0.03125
0 0.596875 0.8673611111111111 0.017578125 0.020833333333333332
0 0.634375 0.9708333333333333 0.022265625 0.021527777777777778
0 0.75625 0.6826388888888889 0.011328125 0.03263888888888889
0 0.859765625 0.6798611111111111 0.014453125 0.034722222222222224
0 0.8703125 0.5798611111111112 0.019921875 0.022222222222222223
0 0.825390625 0.2708333333333333 0.0140625 0.034722222222222224
