0 0.3875 0.9777777777777777 0.015625 0.034722222222222224
0 0.444140625 0.8666666666666667 0.015625 0.044444444444444446
0 0.569140625 0.86875 0.015234375 0.030555555555555555
0 0.601171875 0.8680555555555556 0.02265625 0.022222222222222223
0 0.63828125 0.9673611111111111 0.023828125 0.029861111111111113
0 0.757421875 0.6902777777777778 0.009375 0.03888888888888889
0 0.854296875 0.6833333333333333 0.0125 0.034027777777777775
0 0.8640625 0.5868055555555556 0.018359375 0.022222222222222223
0 0.81796875 0.27708333333333335 0.012890625 0.04375
0 0.047265625 0.9840277777777777 0.02265625 0.021527777777777778
