0 0.565234375 0.8680555555555556 0.013671875 0.03680555555555556
0 0.5984375 0.8715277777777778 0.021875 0.02013888888888889
0 0.63515625 0.975 0.023828125 0.021527777777777778
0 0.759765625 0.6826388888888889 0.0140625 0.03611111111111111
0 0.864453125 0.6784722222222223 0.012890625 0.03611111111111111
0 0.8796875 0.5756944444444444 0.010546875 0.022222222222222223
0 0.837890625 0.2673611111111111 0.01484375 0.03888888888888889
0 0.4296875 0.8826388888888889 0.015625 0.04097222222222222
0 0.366796875 0.9833333333333333 0.01484375 0.03263888888888889
0 0.055859375 0.9875 0.02109375 0.025
