0 0.0578125 0.8673611111111111 0.025390625 0.059722222222222225
0 0.0265625 0.8479166666666667 0.016796875 0.06666666666666667
0 0.041796875 0.775 0.020703125 0.05
0 0.038671875 0.6006944444444444 0.027734375 0.035416666666666666
0 0.24609375 0.4513888888888889 0.023828125 0.05277777777777778
0 0.315234375 0.025694444444444443 0.0234375 0.050694444444444445
0 0.655859375 0.3229166666666667 0.023046875 0.05347222222222222
0 0.721484375 0.3347222222222222 0.024609375 0.04583333333333333
0 0.78125 0.2423611111111111 0.02109375 0.05694444444444444
0 0.893359375 0.32708333333333334 0.02890625 0.04375
