0 0.260546875 0.8472222222222222 0.0140625 0.03888888888888889
0 0.226171875 0.7256944444444444 0.013671875 0.03819444444444445
0 0.34453125 0.5715277777777777 0.01484375 0.041666666666666664
0 0.25859375 0.9111111111111111 0.0203125 0.03125
0 0.277734375 0.9090277777777778 0.0234375 0.029861111111111113
0 0.5984375 0.35833333333333334 0.014453125 0.03819444444444445
0 0.640234375 0.34791666666666665 0.023046875 0.025694444444444443
0 0.671484375 0.27291666666666664 0.016015625 0.044444444444444446
0 0.756640625 0.24930555555555556 0.01796875 0.034722222222222224
0 0.340625 0.25555555555555554 0.023046875 0.04027777777777778
0 0.9421875 0.0125 0.01640625 0.025
