0 0.305078125 0.5381944444444444 0.02109375 0.05763888888888889
0 0.144140625 0.7513888888888889 0.023828125 0.049305555555555554
0 0.290234375 0.1125 0.03671875 0.04027777777777778
0 0.645703125 0.25833333333333336 0.02109375 0.06111111111111111
0 0.7 0.24583333333333332 0.025390625 0.041666666666666664
0 0.739453125 0.15416666666666667 0.017578125 0.05277777777777778
0 0.847265625 0.1375 0.02421875 0.05625
0 0.18203125 0.9104166666666667 0.015625 0.04861111111111111
0 0.178125 0.9854166666666667 0.023828125 0.029166666666666667
0 0.206640625 0.9861111111111112 0.026171875 0.027083333333333334
