0 0.4466145833333333 0.7638888888888888 0.04869791666666667 0.0587962962962963
0 0.43671875 0.7657407407407407 0.01640625 0.03148148148148148
0 0.52734375 0.549074074074074 0.023177083333333334 0.09814814814814815
0 0.5252604166666667 0.5726851851851852 0.01796875 0.052314814814814814
0 0.5859375 0.8958333333333334 0.04244791666666667 0.09212962962962963
0 0.5825520833333333 0.9138888888888889 0.016927083333333332 0.03657407407407407
0 0.5934895833333333 0.9537037037037037 0.028385416666666666 0.09212962962962963
0 0.59140625 0.9453703703703704 0.02109375 0.047685185185185185
0 0.44869791666666664 0.8833333333333333 0.017447916666666667 0.1412037037037037
0 0.4453125 0.8430555555555556 0.019010416666666665 0.026851851851851852
0 0.446875 0.8865740740740741 0.01484375 0.038425925925925926
0 0.4049479166666667 0.9875 0.018489583333333334 0.025
