0 0.2578125 0.6828703703703703 0.053385416666666664 0.0625
0 0.2682291666666667 0.6888888888888889 0.01484375 0.020833333333333332
0 0.32760416666666664 0.736574074074074 0.013802083333333333 0.025925925925925925
0 0.3419270833333333 0.7379629629629629 0.015364583333333333 0.030555555555555555
0 0.35130208333333335 0.7069444444444445 0.01640625 0.028703703703703703
0 0.33177083333333335 0.7703703703703704 0.01484375 0.02546296296296296
0 0.43463541666666666 0.7064814814814815 0.014322916666666666 0.027777777777777776
0 0.4276041666666667 0.7194444444444444 0.06171875 0.04953703703703704
0 0.44479166666666664 0.5407407407407407 0.01796875 0.022685185185185187
0 0.4546875 0.5268518518518519 0.05546875 0.0625
0 0.4109375 0.4861111111111111 0.016927083333333332 0.026851851851851852
0 0.4432291666666667 0.3875 0.012760416666666666 0.03148148148148148
0 0.44375 0.3472222222222222 0.013802083333333333 0.030555555555555555
0 0.44583333333333336 0.3902777777777778 0.01796875 0.1375
0 0.5859375 0.412962962962963 0.012239583333333333 0.030555555555555555
0 0.59375 0.44537037037037036 0.01953125 0.05555555555555555
0 0.68359375 0.5185185185185185 0.02109375 0.027777777777777776
0 0.5947916666666667 0.46574074074074073 0.03203125 0.09861111111111111
0 0.5893229166666667 0.39814814814814814 0.04609375 0.09444444444444444
0 0.4518229166666667 0.2657407407407407 0.05286458333333333 0.0587962962962963
0 0.4427083333333333 0.2671296296296296 0.015885416666666666 0.02546296296296296
0 0.5231770833333333 0.09074074074074075 0.013802083333333333 0.052314814814814814
0 0.52578125 0.0824074074074074 0.02734375 0.08564814814814815
