0 0.25286458333333334 0.8870370370370371 0.05703125 0.06481481481481481
0 0.26484375 0.8958333333333334 0.015364583333333333 0.02824074074074074
0 0.44088541666666664 0.5523148148148148 0.028125 0.02546296296296296
0 0.44557291666666665 0.5925925925925926 0.017447916666666667 0.03518518518518519
0 0.44765625 0.5972222222222222 0.014322916666666666 0.13564814814814816
0 0.4388020833333333 0.4726851851851852 0.021614583333333333 0.02824074074074074
0 0.44947916666666665 0.4699074074074074 0.053385416666666664 0.052314814814814814
0 0.5260416666666666 0.26944444444444443 0.024739583333333332 0.1037037037037037
0 0.525 0.2875 0.015364583333333333 0.05555555555555555
0 0.58515625 0.6199074074074075 0.015885416666666666 0.030555555555555555
0 0.5927083333333333 0.6486111111111111 0.021614583333333333 0.0625
0 0.5890625 0.6046296296296296 0.045572916666666664 0.09351851851851851
0 0.68125 0.7268518518518519 0.018489583333333334 0.03287037037037037
0 0.5971354166666667 0.6712962962962963 0.028385416666666666 0.1050925925925926
0 0.4518229166666667 0.7347222222222223 0.05703125 0.0587962962962963
0 0.44036458333333334 0.7490740740740741 0.020572916666666666 0.028703703703703703
0 0.40859375 0.6953703703703704 0.01640625 0.02962962962962963
0 0.4278645833333333 0.925 0.061197916666666664 0.04814814814814815
0 0.4328125 0.9157407407407407 0.015885416666666666 0.034722222222222224
0 0.32473958333333336 0.9398148148148148 0.011197916666666667 0.020833333333333332
0 0.34739583333333335 0.9143518518518519 0.01484375 0.029166666666666667
0 0.34765625 0.9356481481481481 0.014322916666666666 0.027777777777777776
0 0.32916666666666666 0.9800925925925926 0.01484375 0.022222222222222223
