0 0.41770833333333335 0.8106481481481481 0.03046875 0.1175925925925926
0 0.41067708333333336 0.8069444444444445 0.017447916666666667 0.04259259259259259
0 0.5794270833333334 0.7828703703703703 0.025260416666666667 0.10462962962962963
0 0.5802083333333333 0.7875 0.02265625 0.02546296296296296
0 0.7731770833333333 0.4476851851851852 0.023177083333333334 0.12824074074074074
0 0.7734375 0.45185185185185184 0.017447916666666667 0.022685185185185187
0 0.6265625 0.20324074074074075 0.02890625 0.11527777777777778
0 0.6268229166666667 0.19814814814814816 0.01796875 0.0375
0 0.26666666666666666 0.29583333333333334 0.02421875 0.1087962962962963
0 0.25338541666666664 0.2861111111111111 0.012239583333333333 0.028703703703703703
