0 0.26015625 0.387037037037037 0.055989583333333336 0.058333333333333334
0 0.2713541666666667 0.38935185185185184 0.013802083333333333 0.02361111111111111
0 0.334375 0.46574074074074073 0.015885416666666666 0.024537037037037038
0 0.34140625 0.44351851851851853 0.01953125 0.027777777777777776
0 0.35208333333333336 0.4046296296296296 0.01484375 0.024537037037037038
0 0.32916666666666666 0.43148148148148147 0.01171875 0.02546296296296296
0 0.43125 0.42083333333333334 0.06276041666666667 0.04027777777777778
0 0.4359375 0.4115740740740741 0.013802083333333333 0.02962962962962963
0 0.44895833333333335 0.25046296296296294 0.01796875 0.03981481481481482
0 0.45598958333333334 0.2324074074074074 0.05807291666666667 0.059722222222222225
0 0.4122395833333333 0.18518518518518517 0.01953125 0.028703703703703703
0 0.4395833333333333 0.09814814814814815 0.02421875 0.13240740740740742
0 0.43854166666666666 0.05416666666666667 0.019010416666666665 0.02361111111111111
0 0.4395833333333333 0.0912037037037037 0.01796875 0.032407407407407406
0 0.6854166666666667 0.21481481481481482 0.01953125 0.03287037037037037
0 0.59296875 0.14444444444444443 0.023177083333333334 0.05555555555555555
0 0.5859375 0.11944444444444445 0.012239583333333333 0.02962962962962963
0 0.5973958333333333 0.16944444444444445 0.02890625 0.10138888888888889
0 0.590625 0.1037037037037037 0.045572916666666664 0.09351851851851851
