0 0.4075520833333333 0.8939814814814815 0.01640625 0.032407407407407406
0 0.6783854166666666 0.9263888888888889 0.022135416666666668 0.033796296296296297
0 0.5838541666666667 0.8189814814814815 0.015364583333333333 0.028703703703703703
0 0.58671875 0.8013888888888889 0.04505208333333333 0.09768518518518518
0 0.59609375 0.8680555555555556 0.02421875 0.10833333333333334
0 0.5270833333333333 0.45694444444444443 0.02578125 0.10277777777777777
0 0.52578125 0.48055555555555557 0.01796875 0.05555555555555555
0 0.4471354166666667 0.6671296296296296 0.05390625 0.058333333333333334
0 0.43828125 0.6699074074074074 0.01953125 0.028703703703703703
0 0.44765625 0.7912037037037037 0.01953125 0.1375
0 0.44765625 0.7870370370370371 0.01328125 0.030555555555555555
0 0.44427083333333334 0.7486111111111111 0.02421875 0.024537037037037038
0 0.44817708333333334 0.9300925925925926 0.05703125 0.06018518518518518
0 0.43723958333333335 0.9472222222222222 0.020572916666666666 0.027314814814814816
