0 0.4083333333333333 0.7958333333333333 0.01796875 0.02638888888888889
0 0.2520833333333333 0.975462962962963 0.053385416666666664 0.049074074074074076
0 0.26276041666666666 0.9898148148148148 0.014322916666666666 0.020370370370370372
0 0.44947916666666665 0.8337962962962963 0.06067708333333333 0.05694444444444444
0 0.4401041666666667 0.8476851851851852 0.019010416666666665 0.02638888888888889
0 0.44765625 0.6967592592592593 0.018489583333333334 0.14027777777777778
0 0.4473958333333333 0.6916666666666667 0.015885416666666666 0.03657407407407407
0 0.44635416666666666 0.6513888888888889 0.02109375 0.02546296296296296
0 0.4393229166666667 0.5726851851851852 0.018489583333333334 0.02962962962962963
0 0.44895833333333335 0.5699074074074074 0.05234375 0.05648148148148148
0 0.5286458333333334 0.36527777777777776 0.021614583333333333 0.10138888888888889
0 0.5247395833333334 0.3851851851851852 0.015885416666666666 0.059722222222222225
0 0.5877604166666667 0.7046296296296296 0.04609375 0.09537037037037037
0 0.58515625 0.7194444444444444 0.015885416666666666 0.03333333333333333
0 0.5924479166666666 0.7518518518518519 0.022135416666666668 0.05416666666666667
0 0.5958333333333333 0.774074074074074 0.03203125 0.09814814814814815
0 0.6796875 0.8291666666666667 0.01953125 0.028703703703703703
