0 0.4088541666666667 0.8083333333333333 0.01171875 0.033796296296296297
0 0.39739583333333334 0.8240740740740741 0.054427083333333334 0.06342592592592593
0 0.39375 0.8648148148148148 0.012760416666666666 0.022685185185185187
0 0.28671875 0.8055555555555556 0.05703125 0.050462962962962966
0 0.2752604166666667 0.8064814814814815 0.01640625 0.03148148148148148
0 0.30078125 0.8212962962962963 0.017447916666666667 0.027314814814814816
0 0.290625 0.7541666666666667 0.015885416666666666 0.028703703703703703
0 0.29635416666666664 0.611574074074074 0.04401041666666667 0.07314814814814814
0 0.29192708333333334 0.6365740740740741 0.012239583333333333 0.021296296296296296
0 0.4549479166666667 0.21481481481481482 0.04973958333333333 0.06898148148148148
0 0.44817708333333334 0.25 0.01640625 0.026851851851851852
0 0.4473958333333333 0.2861111111111111 0.019010416666666665 0.028703703703703703
0 0.7059895833333333 0.16111111111111112 0.015885416666666666 0.030555555555555555
0 0.728125 0.15601851851851853 0.011197916666666667 0.024074074074074074
0 0.4265625 0.12268518518518519 0.05234375 0.053703703703703705
0 0.421875 0.1375 0.012760416666666666 0.021296296296296296
0 0.33177083333333335 0.0712962962962963 0.03359375 0.08935185185185185
0 0.32109375 0.08888888888888889 0.012239583333333333 0.02824074074074074
0 0.2760416666666667 0.26805555555555555 0.019010416666666665 0.08425925925925926
0 0.2598958333333333 0.27824074074074073 0.010677083333333334 0.030555555555555555
0 0.2484375 0.2574074074074074 0.015885416666666666 0.02546296296296296
0 0.18177083333333333 0.39305555555555555 0.023177083333333334 0.09074074074074075
0 0.17916666666666667 0.38935185185185184 0.02421875 0.03148148148148148
0 0.049479166666666664 0.06620370370370371 0.04609375 0.044444444444444446
0 0.04244791666666667 0.05462962962962963 0.021614583333333333 0.02638888888888889
