0 0.22994791666666667 0.48703703703703705 0.04244791666666667 0.05462962962962963
0 0.22473958333333333 0.48055555555555557 0.015364583333333333 0.03148148148148148
0 0.42890625 0.2550925925925926 0.06640625 0.03425925925925926
0 0.44088541666666664 0.2564814814814815 0.018489583333333334 0.03333333333333333
0 0.5302083333333333 0.4847222222222222 0.04140625 0.08657407407407407
0 0.5317708333333333 0.4935185185185185 0.024739583333333332 0.03333333333333333
0 0.6130208333333333 0.5324074074074074 0.05703125 0.05138888888888889
0 0.61328125 0.5486111111111112 0.015885416666666666 0.02638888888888889
0 0.9088541666666666 0.5773148148148148 0.01953125 0.027314814814814816
0 0.93828125 0.5768518518518518 0.01484375 0.022685185185185187
0 0.6296875 0.6282407407407408 0.05807291666666667 0.04814814814814815
0 0.6359375 0.6662037037037037 0.03307291666666667 0.02175925925925926
0 0.6489583333333333 0.7199074074074074 0.015364583333333333 0.032407407407407406
0 0.45625 0.7023148148148148 0.015885416666666666 0.033796296296296297
0 0.47578125 0.6717592592592593 0.012239583333333333 0.038425925925925926
0 0.48463541666666665 0.6407407407407407 0.023697916666666666 0.08009259259259259
0 0.3671875 0.9064814814814814 0.01484375 0.09722222222222222
0 0.36666666666666664 0.9180555555555555 0.013802083333333333 0.040740740740740744
