0 0.7513020833333334 0.5282407407407408 0.04296875 0.0912037037037037
0 0.75625 0.5319444444444444 0.017447916666666667 0.020370370370370372
0 0.7591145833333334 0.5402777777777777 0.020052083333333335 0.029166666666666667
0 0.8127604166666667 0.687037037037037 0.015885416666666666 0.03611111111111111
0 0.90234375 0.7453703703703703 0.07317708333333334 0.06342592592592593
0 0.9111979166666667 0.7569444444444444 0.03984375 0.04259259259259259
0 0.24296875 0.7282407407407407 0.02578125 0.08935185185185185
0 0.2375 0.7333333333333333 0.016927083333333332 0.03564814814814815
0 0.36484375 0.9671296296296297 0.02890625 0.06527777777777778
0 0.4739583333333333 0.012037037037037037 0.04401041666666667 0.024537037037037038
