0 0.44244791666666666 0.015277777777777777 0.06640625 0.031018518518518518
0 0.45390625 0.012037037037037037 0.018489583333333334 0.022222222222222223
0 0.5541666666666667 0.25416666666666665 0.04244791666666667 0.0824074074074074
0 0.5419270833333333 0.26481481481481484 0.015885416666666666 0.03657407407407407
0 0.625 0.2865740740740741 0.055989583333333336 0.05555555555555555
0 0.62109375 0.3023148148148148 0.013802083333333333 0.02175925925925926
0 0.59609375 0.39166666666666666 0.01171875 0.02638888888888889
0 0.6143229166666667 0.37592592592592594 0.05755208333333333 0.050462962962962966
0 0.9229166666666667 0.33194444444444443 0.02265625 0.028703703703703703
0 0.9395833333333333 0.33611111111111114 0.015364583333333333 0.018518518518518517
0 0.6916666666666667 0.4699074074074074 0.024739583333333332 0.032407407407407406
0 0.47265625 0.47129629629629627 0.017447916666666667 0.033796296296296297
0 0.55078125 0.5087962962962963 0.031510416666666666 0.08009259259259259
0 0.5466145833333333 0.5143518518518518 0.023177083333333334 0.033796296296296297
0 0.5627604166666667 0.8819444444444444 0.02734375 0.0625
0 0.56015625 0.9092592592592592 0.015885416666666666 0.02546296296296296
0 0.49375 0.9166666666666666 0.015625 0.03148148148148148
0 0.48802083333333335 0.9685185185185186 0.05625 0.0375
0 0.4786458333333333 0.9726851851851852 0.01796875 0.03148148148148148
0 0.5046875 0.9824074074074074 0.016666666666666666 0.02962962962962963
0 0.35963541666666665 0.8759259259259259 0.021614583333333333 0.09259259259259259
0 0.3606770833333333 0.8782407407407408 0.014322916666666666 0.02175925925925926
0 0.228125 0.262037037037037 0.04192708333333333 0.05462962962962963
0 0.22291666666666668 0.26481481481481484 0.023177083333333334 0.032407407407407406
