0 0.29921875 0.39444444444444443 0.045572916666666664 0.07962962962962963
0 0.2950520833333333 0.39675925925925926 0.017447916666666667 0.02824074074074074
0 0.43385416666666665 0.4689814814814815 0.028385416666666666 0.09444444444444444
0 0.43723958333333335 0.46944444444444444 0.015364583333333333 0.03333333333333333
0 0.4778645833333333 0.7481481481481481 0.0453125 0.08564814814814815
0 0.4783854166666667 0.7527777777777778 0.018489583333333334 0.03009259259259259
0 0.8947916666666667 0.5171296296296296 0.06328125 0.05462962962962963
0 0.9114583333333334 0.513425925925926 0.017447916666666667 0.03935185185185185
0 0.8994791666666667 0.5101851851851852 0.008072916666666667 0.030555555555555555
0 0.9859375 0.5699074074074074 0.02578125 0.03657407407407407
