1 0.05260416666666667 0.32083333333333336 0.10546875 0.12268518518518519
1 0.16328125 0.2439814814814815 0.09036458333333333 0.10833333333333334
1 0.29375 0.13657407407407407 0.10755208333333334 0.10046296296296296
1 0.3658854166666667 0.06157407407407407 0.045572916666666664 0.05740740740740741
1 0.37942708333333336 0.0875 0.05078125 0.05740740740740741
1 0.4484375 0.03148148148148148 0.07526041666666666 0.06111111111111111
0 0.5515625 0.7152777777777778 0.03307291666666667 0.03564814814814815
0 0.5575520833333333 0.7208333333333333 0.015885416666666666 0.02824074074074074
0 0.5111979166666667 0.8824074074074074 0.0328125 0.033796296296296297
0 0.50859375 0.8907407407407407 0.007552083333333333 0.0125
0 0.5817708333333333 0.8791666666666667 0.02578125 0.0375
0 0.5942708333333333 0.8574074074074074 0.008072916666666667 0.013425925925925926
0 0.6747395833333333 0.9180555555555555 0.007552083333333333 0.018518518518518517
0 0.6638020833333333 0.9319444444444445 0.007552083333333333 0.016666666666666666
0 0.05546875 0.8643518518518518 0.023697916666666666 0.03564814814814815
0 0.0484375 0.8712962962962963 0.012760416666666666 0.01712962962962963
0 0.35182291666666665 0.9828703703703704 0.02265625 0.03425925925925926
