0 0.25885416666666666 0.562962962962963 0.02734375 0.07222222222222222
0 0.2559895833333333 0.5800925925925926 0.01953125 0.022222222222222223
0 0.6708333333333333 0.2412037037037037 0.06744791666666666 0.03935185185185185
0 0.6864583333333333 0.24537037037037038 0.017447916666666667 0.03935185185185185
0 0.7296875 0.5425925925925926 0.062239583333333334 0.04722222222222222
0 0.7270833333333333 0.5592592592592592 0.01328125 0.02361111111111111
0 0.6638020833333333 0.625 0.04192708333333333 0.08611111111111111
0 0.6833333333333333 0.6773148148148148 0.02578125 0.0375
0 0.78046875 0.6407407407407407 0.04296875 0.08657407407407407
0 0.80546875 0.5898148148148148 0.02421875 0.03009259259259259
0 0.8169270833333333 0.937037037037037 0.023177083333333334 0.040740740740740744
