0 0.509375 0.9166666666666666 0.034375 0.03148148148148148
0 0.50703125 0.9277777777777778 0.009635416666666667 0.0125
0 0.5473958333333333 0.7398148148148148 0.03515625 0.04027777777777778
0 0.5546875 0.7449074074074075 0.011197916666666667 0.022222222222222223
0 0.5770833333333333 0.9356481481481481 0.026822916666666665 0.04537037037037037
0 0.5888020833333333 0.9078703703703703 0.009635416666666667 0.020370370370370372
0 0.6776041666666667 0.9717592592592592 0.015364583333333333 0.024537037037037038
1 0.13177083333333334 0.2212962962962963 0.10130208333333333 0.11157407407407408
1 0.27317708333333335 0.10648148148148148 0.11432291666666666 0.09907407407407408
1 0.35208333333333336 0.027777777777777776 0.047135416666666666 0.052314814814814814
1 0.3703125 0.05138888888888889 0.053385416666666664 0.06342592592592593
1 0.03411458333333333 0.2967592592592593 0.06848958333333334 0.10416666666666667
