0 0.9596354166666666 0.8634259259259259 0.07109375 0.07361111111111111
0 0.96875 0.8800925925925925 0.04140625 0.058333333333333334
0 0.8411458333333334 0.774537037037037 0.02265625 0.03981481481481482
0 0.7526041666666666 0.5958333333333333 0.05390625 0.07453703703703704
0 0.7580729166666667 0.600462962962963 0.01484375 0.02546296296296296
0 0.76328125 0.6037037037037037 0.016927083333333332 0.034722222222222224
0 0.259375 0.7032407407407407 0.025260416666666667 0.0912037037037037
0 0.2565104166666667 0.712037037037037 0.01640625 0.044444444444444446
0 0.3859375 0.9791666666666666 0.029427083333333333 0.0412037037037037
0 0.6013020833333333 0.07083333333333333 0.0171875 0.02824074074074074
0 0.6169270833333333 0.011574074074074073 0.037760416666666664 0.023148148148148147
0 0.43723958333333335 0.025925925925925925 0.05078125 0.052314814814814814
0 0.4348958333333333 0.012037037037037037 0.015885416666666666 0.024537037037037038
0 0.3734375 0.05 0.020052083333333335 0.0962962962962963
0 0.3729166666666667 0.04027777777777778 0.01484375 0.043055555555555555
