0 0.35234375 0.05138888888888889 0.023697916666666666 0.08935185185185185
0 0.35260416666666666 0.03981481481481482 0.015885416666666666 0.04212962962962963
0 0.7341145833333333 0.4356481481481482 0.06380208333333333 0.04351851851851852
0 0.7364583333333333 0.4361111111111111 0.01328125 0.030555555555555555
0 0.7453125 0.4375 0.01015625 0.03518518518518519
0 0.8380208333333333 0.5888888888888889 0.026822916666666665 0.05648148148148148
0 0.3880208333333333 0.7597222222222222 0.025260416666666667 0.10231481481481482
0 0.3848958333333333 0.7643518518518518 0.016927083333333332 0.029166666666666667
0 0.2682291666666667 0.35509259259259257 0.02109375 0.08055555555555556
0 0.26223958333333336 0.35833333333333334 0.01640625 0.03564814814814815
0 0.09192708333333334 0.7361111111111112 0.03619791666666667 0.08935185185185185
0 0.084375 0.7509259259259259 0.02421875 0.030555555555555555
