0 0.06979166666666667 0.8296296296296296 0.029427083333333333 0.024074074074074074
0 0.06692708333333333 0.8324074074074074 0.011197916666666667 0.013425925925925926
0 0.5143229166666666 0.8810185185185185 0.03177083333333333 0.030555555555555555
0 0.51328125 0.8898148148148148 0.004427083333333333 0.014351851851851852
0 0.5736979166666667 0.7064814814814815 0.031510416666666666 0.0375
0 0.5796875 0.7125 0.011197916666666667 0.023148148148148147
0 0.6067708333333334 0.8462962962962963 0.01953125 0.05138888888888889
0 0.6140625 0.8148148148148148 0.00703125 0.0125
0 0.6822916666666666 0.913425925925926 0.009114583333333334 0.01574074074074074
0 0.6703125 0.9324074074074075 0.01015625 0.019444444444444445
1 0.0546875 0.3148148148148148 0.109375 0.11064814814814815
1 0.1671875 0.23842592592592593 0.09401041666666667 0.11157407407407408
1 0.296875 0.1310185185185185 0.10677083333333333 0.10462962962962963
1 0.3703125 0.053703703703703705 0.047135416666666666 0.05740740740740741
1 0.38385416666666666 0.07592592592592592 0.05130208333333333 0.05462962962962963
1 0.459375 0.028703703703703703 0.08958333333333333 0.05740740740740741
