1 0.2559895833333333 0.07962962962962963 0.11927083333333334 0.10740740740740741
1 0.10729166666666666 0.19768518518518519 0.11171875 0.12453703703703704
0 0.5473958333333333 0.7569444444444444 0.03619791666666667 0.04259259259259259
0 0.5533854166666666 0.7657407407407407 0.016927083333333332 0.02638888888888889
0 0.51015625 0.9467592592592593 0.0359375 0.034722222222222224
0 0.5078125 0.9578703703703704 0.005989583333333334 0.016203703703703703
0 0.57734375 0.975462962962963 0.02734375 0.049074074074074076
0 0.5893229166666667 0.9444444444444444 0.009635416666666667 0.02546296296296296
0 0.7005208333333334 0.9879629629629629 0.011197916666666667 0.018518518518518517
1 0.35911458333333335 0.025925925925925925 0.05911458333333333 0.052314814814814814
1 0.018489583333333334 0.27314814814814814 0.03723958333333333 0.10648148148148148
