0 0.16197916666666667 0.6013888888888889 0.020052083333333335 0.06157407407407407
0 0.16119791666666666 0.5986111111111111 0.014322916666666666 0.021296296296296296
0 0.3380208333333333 0.7462962962962963 0.01484375 0.0412037037037037
0 0.3390625 0.7537037037037037 0.010677083333333334 0.02638888888888889
0 0.5984375 0.8023148148148148 0.027864583333333335 0.03194444444444444
0 0.6088541666666667 0.8111111111111111 0.008072916666666667 0.018518518518518517
1 0.45807291666666666 0.29259259259259257 0.07369791666666667 0.08842592592592592
1 0.64375 0.3597222222222222 0.10703125 0.08333333333333333
1 0.7627604166666667 0.3888888888888889 0.09296875 0.0763888888888889
1 0.90703125 0.4203703703703704 0.11276041666666667 0.09768518518518518
1 0.9815104166666667 0.4166666666666667 0.03567708333333333 0.05740740740740741
1 0.9833333333333333 0.45925925925925926 0.03203125 0.05787037037037037
