1 0.10885416666666667 0.8064814814814815 0.07734375 0.2375
1 0.39895833333333336 0.5365740740740741 0.08671875 0.2351851851851852
1 0.13880208333333333 0.6046296296296296 0.04453125 0.1398148148148148
1 0.16692708333333334 0.4444444444444444 0.05078125 0.12361111111111112
1 0.3575520833333333 0.35 0.04453125 0.10833333333333334
1 0.4953125 0.674074074074074 0.07395833333333333 0.0824074074074074
1 0.36796875 0.6032407407407407 0.04348958333333333 0.11157407407407408
1 0.4348958333333333 0.2935185185185185 0.06692708333333333 0.16111111111111112
1 0.4828125 0.4625 0.04895833333333333 0.11944444444444445
1 0.3932291666666667 0.18009259259259258 0.03359375 0.0787037037037037
1 0.32786458333333335 0.21944444444444444 0.04348958333333333 0.09722222222222222
1 0.41484375 0.09583333333333334 0.06744791666666666 0.06851851851851852
1 0.49192708333333335 0.0412037037037037 0.0609375 0.06851851851851852
1 0.9255208333333333 0.11666666666666667 0.054947916666666666 0.1486111111111111
