1 0.016145833333333335 0.37083333333333335 0.032552083333333336 0.06620370370370371
0 0.18697916666666667 0.6851851851851852 0.022135416666666668 0.028703703703703703
0 0.37838541666666664 0.5078703703703704 0.027864583333333335 0.044444444444444446
0 0.3765625 0.5078703703703704 0.009635416666666667 0.014351851851851852
0 0.45078125 0.2967592592592593 0.024739583333333332 0.05555555555555555
0 0.44973958333333336 0.2962962962962963 0.00703125 0.02175925925925926
0 0.2765625 0.21712962962962962 0.01796875 0.06157407407407407
0 0.2786458333333333 0.2175925925925926 0.010677083333333334 0.017592592592592594
0 0.6049479166666667 0.5449074074074074 0.019010416666666665 0.05648148148148148
0 0.6096354166666667 0.5439814814814815 0.010677083333333334 0.020370370370370372
0 0.5546875 0.6643518518518519 0.026822916666666665 0.04351851851851852
0 0.5565104166666667 0.6703703703703704 0.009635416666666667 0.019444444444444445
0 0.459375 0.875 0.02734375 0.050462962962962966
0 0.4625 0.8777777777777778 0.007552083333333333 0.018055555555555554
