1 0.10807291666666667 0.9185185185185185 0.04973958333333333 0.15555555555555556
1 0.14583333333333334 0.7458333333333333 0.053385416666666664 0.13055555555555556
1 0.31744791666666666 0.5092592592592593 0.03828125 0.09953703703703703
1 0.34479166666666666 0.6416666666666667 0.04088541666666667 0.1125
1 0.38333333333333336 0.850462962962963 0.08880208333333334 0.2513888888888889
1 0.3515625 0.9175925925925926 0.04505208333333333 0.12129629629629629
1 0.4864583333333333 0.9763888888888889 0.075 0.04722222222222222
1 0.47265625 0.7680555555555556 0.04869791666666667 0.13240740740740742
1 0.42630208333333336 0.5824074074074074 0.07161458333333333 0.17962962962962964
1 0.3854166666666667 0.4685185185185185 0.031510416666666666 0.07314814814814814
1 0.40677083333333336 0.3837962962962963 0.06484375 0.07083333333333333
1 0.48515625 0.32916666666666666 0.0640625 0.06157407407407407
1 0.8364583333333333 0.22916666666666666 0.055989583333333336 0.11157407407407408
1 0.5692708333333333 0.2657407407407407 0.07786458333333333 0.08657407407407407
1 0.7505208333333333 0.1300925925925926 0.045572916666666664 0.06018518518518518
1 0.9244791666666666 0.40925925925925927 0.06328125 0.15138888888888888
1 0.9515625 0.26296296296296295 0.08723958333333333 0.1527777777777778
1 0.8778645833333333 0.13287037037037036 0.06067708333333333 0.10231481481481482
1 0.8700520833333333 0.04259259259259259 0.06588541666666667 0.07453703703703704
1 0.94140625 0.014814814814814815 0.06484375 0.03009259259259259
