0 0.26927083333333335 0.8324074074074074 0.025260416666666667 0.06342592592592593
0 0.2674479166666667 0.8402777777777778 0.011197916666666667 0.02361111111111111
0 0.4552083333333333 0.9347222222222222 0.028385416666666666 0.050462962962962966
0 0.45598958333333334 0.9416666666666667 0.011197916666666667 0.019444444444444445
0 0.759375 0.3060185185185185 0.02578125 0.03611111111111111
0 0.76328125 0.30648148148148147 0.013802083333333333 0.017592592592592594
0 0.5283854166666667 0.23935185185185184 0.02109375 0.05740740740740741
0 0.5307291666666667 0.23935185185185184 0.008072916666666667 0.017592592592592594
0 0.5385416666666667 0.1398148148148148 0.01953125 0.0625
0 0.54140625 0.1375 0.006510416666666667 0.021296296296296296
0 0.9645833333333333 0.19675925925925927 0.029947916666666668 0.03287037037037037
0 0.9713541666666666 0.20046296296296295 0.008072916666666667 0.013425925925925926
0 0.9588541666666667 0.2175925925925926 0.01015625 0.01574074074074074
0 0.9442708333333333 0.18009259259259258 0.014322916666666666 0.018518518518518517
0 0.98671875 0.2953703703703704 0.02421875 0.059722222222222225
0 0.9932291666666667 0.2972222222222222 0.00703125 0.015277777777777777
