0 0.13984375 0.11805555555555555 0.03411458333333333 0.028703703703703703
0 0.13854166666666667 0.11712962962962963 0.01484375 0.018518518518518517
0 0.4546875 0.22824074074074074 0.016927083333333332 0.04953703703703704
0 0.4513020833333333 0.23842592592592593 0.009114583333333334 0.017592592592592594
0 0.5302083333333333 0.020833333333333332 0.029947916666666668 0.03287037037037037
0 0.5296875 0.030555555555555555 0.00703125 0.019444444444444445
0 0.7020833333333333 0.06666666666666667 0.008072916666666667 0.0125
0 0.7033854166666667 0.05787037037037037 0.007552083333333333 0.0125
0 0.5515625 0.30092592592592593 0.01953125 0.052314814814814814
0 0.5533854166666666 0.30092592592592593 0.010677083333333334 0.020370370370370372
0 0.5786458333333333 0.36064814814814816 0.012239583333333333 0.021296296296296296
0 0.43776041666666665 0.43657407407407406 0.01015625 0.01574074074074074
0 0.45234375 0.4597222222222222 0.03203125 0.03009259259259259
0 0.44635416666666666 0.46111111111111114 0.012760416666666666 0.020370370370370372
0 0.45989583333333334 0.4685185185185185 0.009635416666666667 0.023148148148148147
0 0.4513020833333333 0.5458333333333333 0.03828125 0.04212962962962963
0 0.45416666666666666 0.49953703703703706 0.007552083333333333 0.019444444444444445
0 0.46588541666666666 0.5041666666666667 0.01015625 0.015277777777777777
0 0.50546875 0.5430555555555555 0.028645833333333332 0.040740740740740744
0 0.4981770833333333 0.549537037037037 0.0109375 0.011111111111111112
0 0.5106770833333333 0.5287037037037037 0.007552083333333333 0.016203703703703703
0 0.56015625 0.6527777777777778 0.022135416666666668 0.02824074074074074
0 0.5591145833333333 0.6625 0.010677083333333334 0.013888888888888888
0 0.615625 0.8018518518518518 0.027864583333333335 0.03657407407407407
0 0.6208333333333333 0.7953703703703704 0.011197916666666667 0.019444444444444445
0 0.6328125 0.8055555555555556 0.012239583333333333 0.023148148148148147
0 0.7729166666666667 0.8481481481481481 0.040364583333333336 0.04259259259259259
0 0.7677083333333333 0.85 0.012239583333333333 0.022222222222222223
0 0.28203125 0.9013888888888889 0.015364583333333333 0.05138888888888889
0 0.28229166666666666 0.9064814814814814 0.00859375 0.017592592592592594
0 0.19869791666666667 0.9907407407407407 0.03411458333333333 0.018055555555555554
