0 0.15677083333333333 0.4726851851851852 0.023177083333333334 0.05740740740740741
0 0.15494791666666666 0.4675925925925926 0.01640625 0.024537037037037038
0 0.3143229166666667 0.6759259259259259 0.011197916666666667 0.04675925925925926
0 0.31328125 0.6837962962962963 0.011197916666666667 0.02824074074074074
0 0.5651041666666666 0.8384259259259259 0.03203125 0.027314814814814816
0 0.5752604166666667 0.8486111111111111 0.01171875 0.019444444444444445
1 0.4901041666666667 0.2810185185185185 0.06770833333333333 0.10833333333333334
1 0.6645833333333333 0.42407407407407405 0.10598958333333333 0.12546296296296297
1 0.7736979166666667 0.5037037037037037 0.09088541666666666 0.10046296296296296
1 0.9096354166666667 0.5875 0.10442708333333334 0.12129629629629629
1 0.9815104166666667 0.6143518518518518 0.03567708333333333 0.06342592592592593
1 0.9807291666666667 0.6574074074074074 0.03723958333333333 0.05740740740740741
