0 0.26458333333333334 0.41203703703703703 0.037760416666666664 0.03611111111111111
0 0.26458333333333334 0.4097222222222222 0.012760416666666666 0.019444444444444445
0 0.43046875 0.41388888888888886 0.021614583333333333 0.04027777777777778
0 0.4322916666666667 0.4203703703703704 0.012760416666666666 0.027314814814814816
0 0.6526041666666667 0.2324074074074074 0.023697916666666666 0.04351851851851852
0 0.6697916666666667 0.22453703703703703 0.011197916666666667 0.019444444444444445
0 0.50703125 0.7972222222222223 0.016145833333333335 0.06527777777777778
0 0.5065104166666666 0.7972222222222223 0.009635416666666667 0.02175925925925926
0 0.484375 0.913425925925926 0.016927083333333332 0.05138888888888889
0 0.4861979166666667 0.9199074074074074 0.012239583333333333 0.02638888888888889
0 0.7541666666666667 0.8513888888888889 0.03307291666666667 0.02175925925925926
0 0.7588541666666667 0.8601851851851852 0.011197916666666667 0.018518518518518517
0 0.9442708333333333 0.788425925925926 0.029947916666666668 0.03564814814814815
0 0.9473958333333333 0.749537037037037 0.03307291666666667 0.05925925925925926
0 0.92578125 0.7754629629629629 0.010677083333333334 0.019444444444444445
0 0.9416666666666667 0.8166666666666667 0.009114583333333334 0.019444444444444445
0 0.9552083333333333 0.7949074074074074 0.012239583333333333 0.022222222222222223
0 0.9744791666666667 0.8791666666666667 0.018489583333333334 0.07037037037037037
0 0.98046875 0.8796296296296297 0.01171875 0.019444444444444445
0 0.99375 0.9138888888888889 0.011197916666666667 0.03657407407407407
