0 0.15651041666666668 0.7421296296296296 0.01953125 0.06851851851851852
0 0.15494791666666666 0.7439814814814815 0.015364583333333333 0.020370370370370372
0 0.334375 0.8796296296296297 0.01484375 0.041666666666666664
0 0.3359375 0.888425925925926 0.01171875 0.02361111111111111
0 0.6125 0.9939814814814815 0.018489583333333334 0.012037037037037037
1 0.4864583333333333 0.4532407407407407 0.07083333333333333 0.1050925925925926
1 0.6684895833333333 0.5675925925925925 0.10651041666666666 0.10046296296296296
1 0.7828125 0.6208333333333333 0.09036458333333333 0.08472222222222223
1 0.92421875 0.6777777777777778 0.11276041666666667 0.1087962962962963
1 0.9888020833333333 0.687962962962963 0.02109375 0.04814814814814815
1 0.9908854166666666 0.7305555555555555 0.016927083333333332 0.03981481481481482
