0 0.17578125 0.9398148148148148 0.02578125 0.050462962962962966
0 0.17239583333333333 0.9472222222222222 0.01796875 0.02361111111111111
0 0.04375 0.9143518518518519 0.032552083333333336 0.0412037037037037
0 0.04010416666666667 0.9175925925925926 0.010677083333333334 0.019444444444444445
0 0.2565104166666667 0.7583333333333333 0.02578125 0.04583333333333333
0 0.2598958333333333 0.7560185185185185 0.00859375 0.020370370370370372
0 0.2669270833333333 0.5430555555555555 0.015364583333333333 0.05092592592592592
0 0.2674479166666667 0.537962962962963 0.009114583333333334 0.020370370370370372
0 0.22109375 0.5074074074074074 0.029947916666666668 0.02546296296296296
0 0.21927083333333333 0.512962962962963 0.009635416666666667 0.020370370370370372
0 0.01484375 0.02962962962962963 0.02265625 0.053703703703703705
0 0.0125 0.024537037037037038 0.013802083333333333 0.019444444444444445
0 0.6359375 0.3398148148148148 0.029947916666666668 0.04212962962962963
0 0.6380208333333334 0.3388888888888889 0.011197916666666667 0.020370370370370372
0 0.6489583333333333 0.3476851851851852 0.015364583333333333 0.019444444444444445
0 0.7674479166666667 0.412962962962963 0.038802083333333334 0.04259259259259259
0 0.76484375 0.3958333333333333 0.013802083333333333 0.020370370370370372
0 0.5765625 0.20879629629629629 0.021614583333333333 0.02638888888888889
0 0.56953125 0.21712962962962962 0.012760416666666666 0.011574074074074073
0 0.51171875 0.09166666666666666 0.0296875 0.04027777777777778
0 0.50703125 0.09583333333333334 0.006510416666666667 0.014351851851851852
0 0.46901041666666665 0.08842592592592592 0.03307291666666667 0.04953703703703704
0 0.46432291666666664 0.05324074074074074 0.009114583333333334 0.01712962962962963
0 0.4859375 0.04953703703703704 0.009635416666666667 0.01574074074074074
0 0.4588541666666667 0.012962962962962963 0.031510416666666666 0.02638888888888889
0 0.4671875 0.01712962962962963 0.009635416666666667 0.027314814814814816
0 0.45286458333333335 0.0125 0.01015625 0.02546296296296296
