1 0.05677083333333333 0.3449074074074074 0.037760416666666664 0.06435185185185185
0 0.23333333333333334 0.6643518518518519 0.015885416666666666 0.0412037037037037
0 0.4700520833333333 0.7648148148148148 0.024739583333333332 0.050462962962962966
0 0.4705729166666667 0.7685185185185185 0.01640625 0.021296296296296296
0 0.5625 0.5606481481481481 0.02578125 0.04537037037037037
0 0.5671875 0.5592592592592592 0.015364583333333333 0.02546296296296296
0 0.6109375 0.43472222222222223 0.017447916666666667 0.052314814814814814
0 0.6143229166666667 0.4398148148148148 0.00859375 0.024537037037037038
0 0.38697916666666665 0.4083333333333333 0.028385416666666666 0.04583333333333333
0 0.3859375 0.40555555555555556 0.007552083333333333 0.011111111111111112
0 0.44973958333333336 0.20694444444444443 0.02578125 0.05648148148148148
0 0.4510416666666667 0.2074074074074074 0.007552083333333333 0.017592592592592594
0 0.28072916666666664 0.1287037037037037 0.01796875 0.07453703703703704
0 0.2794270833333333 0.12916666666666668 0.008072916666666667 0.02361111111111111
