0 0.20572916666666666 0.8032407407407407 0.01796875 0.06527777777777778
0 0.20104166666666667 0.8055555555555556 0.01484375 0.023148148148148147
0 0.3963541666666667 0.8333333333333334 0.020052083333333335 0.03935185185185185
0 0.39895833333333336 0.8407407407407408 0.01484375 0.02824074074074074
0 0.6463541666666667 0.7166666666666667 0.024739583333333332 0.04351851851851852
0 0.66171875 0.7138888888888889 0.012760416666666666 0.014351851851851852
0 0.978125 0.9490740740740741 0.029947916666666668 0.046296296296296294
0 0.9802083333333333 0.9597222222222223 0.012239583333333333 0.014351851851851852
1 0.41119791666666666 0.33425925925925926 0.07578125 0.06157407407407407
1 0.60078125 0.26805555555555555 0.10546875 0.10092592592592593
1 0.7158854166666667 0.2212962962962963 0.09505208333333333 0.0912037037037037
1 0.8557291666666667 0.1587962962962963 0.11848958333333333 0.0763888888888889
1 0.92890625 0.09861111111111111 0.05234375 0.05555555555555555
1 0.94296875 0.1310185185185185 0.05546875 0.05462962962962963
