1 0.6708333333333333 0.7967592592592593 0.08098958333333334 0.13657407407407407
0 0.5075520833333333 0.7106481481481481 0.019270833333333334 0.06759259259259259
0 0.5083333333333333 0.7078703703703704 0.01015625 0.030555555555555555
0 0.28046875 0.8712962962962963 0.008072916666666667 0.015277777777777777
0 0.26927083333333335 0.8430555555555556 0.010677083333333334 0.022222222222222223
0 0.04895833333333333 0.6 0.010677083333333334 0.018518518518518517
0 0.008072916666666667 0.8342592592592593 0.01640625 0.047685185185185185
0 0.004427083333333333 0.8435185185185186 0.009114583333333334 0.021296296296296296
0 0.43203125 0.2388888888888889 0.04348958333333333 0.02824074074074074
0 0.42734375 0.23796296296296296 0.011197916666666667 0.020370370370370372
0 0.43802083333333336 0.23796296296296296 0.011458333333333333 0.022222222222222223
0 0.8302083333333333 0.06851851851851852 0.018489583333333334 0.019444444444444445
0 0.834375 0.04537037037037037 0.014322916666666666 0.021296296296296296
