0 0.3359375 0.8787037037037037 0.05859375 0.04675925925925926
0 0.7177083333333333 0.4773148148148148 0.020572916666666666 0.09583333333333334
0 0.7057291666666666 0.5060185185185185 0.015364583333333333 0.028703703703703703
0 0.7518229166666667 0.43657407407407406 0.04296875 0.08518518518518518
0 0.7458333333333333 0.44212962962962965 0.021614583333333333 0.02546296296296296
0 0.77265625 0.42592592592592593 0.012760416666666666 0.02638888888888889
0 0.7846354166666667 0.29259259259259257 0.02734375 0.07962962962962963
0 0.7846354166666667 0.2875 0.02109375 0.04351851851851852
0 0.6651041666666667 0.27824074074074073 0.05286458333333333 0.05324074074074074
0 0.6572916666666667 0.28703703703703703 0.015364583333333333 0.028703703703703703
0 0.6825520833333333 0.26990740740740743 0.016927083333333332 0.03657407407407407
0 0.6489583333333333 0.22916666666666666 0.014322916666666666 0.02546296296296296
0 0.38229166666666664 0.12361111111111112 0.04088541666666667 0.07962962962962963
0 0.37864583333333335 0.11851851851851852 0.028385416666666666 0.02962962962962963
0 0.096875 0.046296296296296294 0.06380208333333333 0.055092592592592596
0 0.090625 0.034722222222222224 0.028385416666666666 0.03657407407407407
