0 0.18125 0.9023148148148148 0.031510416666666666 0.07175925925925926
0 0.17890625 0.9226851851851852 0.017447916666666667 0.02824074074074074
0 0.6010416666666667 0.5351851851851852 0.06536458333333334 0.0375
0 0.6138020833333333 0.537962962962963 0.01484375 0.032407407407407406
0 0.6377604166666667 0.8449074074074074 0.05963541666666667 0.044444444444444446
0 0.6317708333333333 0.8606481481481482 0.012239583333333333 0.024537037037037038
0 0.5833333333333334 0.975925925925926 0.027864583333333335 0.04814814814814815
0 0.696875 0.9532407407407407 0.054947916666666666 0.06342592592592593
0 0.728125 0.9388888888888889 0.015364583333333333 0.04027777777777778
0 0.9330729166666667 0.9236111111111112 0.021875 0.02962962962962963
