0 0.035416666666666666 0.7699074074074074 0.013802083333333333 0.022685185185185187
0 0.039322916666666666 0.7685185185185185 0.029947916666666668 0.041666666666666664
0 0.1703125 0.8064814814814815 0.022135416666666668 0.04722222222222222
0 0.16927083333333334 0.8134259259259259 0.013802083333333333 0.02175925925925926
0 0.24921875 0.6277777777777778 0.02578125 0.04490740740740741
0 0.24869791666666666 0.6259259259259259 0.01328125 0.018518518518518517
0 0.26171875 0.42592592592592593 0.01640625 0.04861111111111111
0 0.2640625 0.4217592592592593 0.010677083333333334 0.02638888888888889
0 0.22604166666666667 0.35324074074074074 0.02734375 0.02175925925925926
0 0.6419270833333334 0.1935185185185185 0.02734375 0.04722222222222222
0 0.64375 0.18564814814814815 0.012239583333333333 0.017592592592592594
0 0.6528645833333333 0.1962962962962963 0.01796875 0.01712962962962963
0 0.5799479166666667 0.058333333333333334 0.02421875 0.02546296296296296
0 0.5794270833333334 0.06666666666666667 0.010677083333333334 0.017592592592592594
0 0.7651041666666667 0.2652777777777778 0.03828125 0.04583333333333333
0 0.765625 0.2513888888888889 0.01015625 0.019444444444444445
