1 0.716015625 0.8215277777777777 0.06484375 0.24791666666666667
1 0.6671875 0.9465277777777777 0.01875 0.02847222222222222
1 0.60625 0.6263888888888889 0.02578125 0.06527777777777778
1 0.74453125 0.49027777777777776 0.040625 0.11458333333333333
1 0.813671875 0.49166666666666664 0.04375 0.03125
1 0.93125 0.51875 0.03046875 0.04861111111111111
1 0.8625 0.49375 0.018359375 0.020833333333333332
1 0.802734375 0.4527777777777778 0.042578125 0.03888888888888889
1 0.6875 0.4201388888888889 0.034375 0.04375
1 0.606640625 0.3958333333333333 0.015234375 0.08888888888888889
1 0.598046875 0.43680555555555556 0.01875 0.030555555555555555
1 0.512109375 0.45625 0.012109375 0.015277777777777777
1 0.4015625 0.4777777777777778 0.01875 0.017361111111111112
1 0.419921875 0.4513888888888889 0.0171875 0.015277777777777777
1 0.426953125 0.44305555555555554 0.01328125 0.016666666666666666
1 0.462109375 0.38333333333333336 0.028125 0.027777777777777776
