1 0.38046875 0.9604166666666667 0.055078125 0.10694444444444444
1 0.37265625 0.8020833333333334 0.084765625 0.08125
1 0.344921875 0.6666666666666666 0.041796875 0.06041666666666667
1 0.27578125 0.6784722222222223 0.030859375 0.025
1 0.633203125 0.8958333333333334 0.10703125 0.11875
1 0.715625 0.7111111111111111 0.089453125 0.04583333333333333
1 0.77421875 0.7430555555555556 0.065625 0.18958333333333333
1 0.78984375 0.8388888888888889 0.016015625 0.020833333333333332
1 0.81328125 0.8048611111111111 0.019140625 0.027777777777777776
1 0.816015625 0.6604166666666667 0.0234375 0.019444444444444445
1 0.90625 0.6805555555555556 0.043359375 0.04583333333333333
1 0.89296875 0.5493055555555556 0.02734375 0.025694444444444443
1 0.969921875 0.6145833333333334 0.025 0.024305555555555556
1 0.99609375 0.6416666666666667 0.03046875 0.03125
1 0.540234375 0.44027777777777777 0.024609375 0.03958333333333333
1 0.440625 0.5354166666666667 0.033203125 0.1284722222222222
1 0.413671875 0.3333333333333333 0.02109375 0.09861111111111111
0 0.382421875 0.6986111111111111 0.008203125 0.010416666666666666
