1 0.3484375 0.9277777777777778 0.103125 0.0875
1 0.3234375 0.7583333333333333 0.04375 0.06319444444444444
1 0.251171875 0.7722222222222223 0.0328125 0.02638888888888889
1 0.721875 0.80625 0.089453125 0.059027777777777776
1 0.790234375 0.85625 0.06875 0.19930555555555557
1 0.80703125 0.9576388888888889 0.016015625 0.020833333333333332
1 0.8296875 0.91875 0.019140625 0.027777777777777776
1 0.828515625 0.7416666666666667 0.028125 0.025694444444444443
1 0.9421875 0.7791666666666667 0.055859375 0.05
1 0.90546875 0.60625 0.02890625 0.027083333333333334
1 0.987109375 0.6909722222222222 0.03203125 0.03263888888888889
1 0.534375 0.49027777777777776 0.0265625 0.041666666666666664
1 0.429296875 0.6020833333333333 0.038671875 0.13472222222222222
1 0.405078125 0.36527777777777776 0.0234375 0.10833333333333334
0 0.36328125 0.7909722222222222 0.008203125 0.016666666666666666
1 0.40859375 0.6430555555555556 0.010546875 0.01597222222222222
