1 0.3921875 0.8958333333333334 0.059765625 0.13541666666666666
1 0.3859375 0.7381944444444445 0.084765625 0.08125
1 0.35859375 0.6180555555555556 0.03984375 0.05763888888888889
1 0.290625 0.6319444444444444 0.030859375 0.025
1 0.63359375 0.8166666666666667 0.101953125 0.11319444444444444
1 0.71640625 0.6583333333333333 0.083984375 0.050694444444444445
1 0.76796875 0.6756944444444445 0.0625 0.18055555555555555
1 0.78203125 0.7708333333333334 0.012109375 0.020833333333333332
1 0.80546875 0.74375 0.019140625 0.027777777777777776
1 0.809375 0.6104166666666667 0.0234375 0.019444444444444445
1 0.884375 0.6277777777777778 0.043359375 0.04583333333333333
1 0.8859375 0.5138888888888888 0.02734375 0.025694444444444443
1 0.957421875 0.5736111111111111 0.025 0.024305555555555556
1 0.98359375 0.6006944444444444 0.03203125 0.03263888888888889
1 0.542578125 0.41388888888888886 0.024609375 0.03958333333333333
1 0.448828125 0.4951388888888889 0.031640625 0.12222222222222222
1 0.41796875 0.3104166666666667 0.019921875 0.09375
0 0.393359375 0.6465277777777778 0.00859375 0.011111111111111112
