1 0.308203125 0.81875 0.047265625 0.06944444444444445
1 0.231640625 0.8409722222222222 0.0328125 0.02638888888888889
1 0.72734375 0.88125 0.10078125 0.0625
1 0.800390625 0.9041666666666667 0.072265625 0.20208333333333334
1 0.840234375 0.8006944444444445 0.028125 0.025694444444444443
1 0.969921875 0.8527777777777777 0.0609375 0.058333333333333334
1 0.91640625 0.6541666666666667 0.02890625 0.027083333333333334
1 0.529296875 0.51875 0.027734375 0.04375
1 0.4234375 0.6472222222222223 0.040625 0.14166666666666666
1 0.397265625 0.39305555555555555 0.024609375 0.10694444444444444
1 0.399609375 0.6951388888888889 0.010546875 0.01597222222222222
0 0.35 0.8597222222222223 0.00703125 0.013888888888888888
