1 0.85 0.86875 0.026171875 0.03263888888888889
1 0.92734375 0.7048611111111112 0.033984375 0.02847222222222222
1 0.729296875 0.9611111111111111 0.109375 0.06736111111111111
1 0.41328125 0.6972222222222222 0.038671875 0.15625
1 0.3890625 0.7493055555555556 0.012890625 0.021527777777777778
1 0.526171875 0.5583333333333333 0.030859375 0.05347222222222222
1 0.390625 0.4201388888888889 0.021875 0.10347222222222222
1 0.290625 0.8909722222222223 0.048046875 0.0798611111111111
1 0.209765625 0.9145833333333333 0.03203125 0.03333333333333333
0 0.33359375 0.9361111111111111 0.008203125 0.013194444444444444
